 X( 21)=-4.6481E+01     Y( 25)=-2.7949E+01     Z( 14)= 4.8577E+01

       TIME  Velocity   Temperatur CH4        Max radiat Solid Temp
  1.000E-03  1.924E+01  2.930E+02  0.000E+00  4.179E+02 -2.730E+02
  2.100E-03  1.916E+01  2.930E+02  0.000E+00  4.179E+02 -2.730E+02
  3.100E-03  1.911E+01  2.930E+02  0.000E+00  4.179E+02 -2.730E+02
  4.181E-03  1.914E+01  2.930E+02  0.000E+00  4.179E+02 -2.730E+02
  5.371E-03  1.920E+01  2.930E+02  0.000E+00  4.179E+02 -2.730E+02
  6.680E-03  1.923E+01  2.930E+02  0.000E+00  4.179E+02 -2.730E+02
  8.119E-03  1.922E+01  2.930E+02  0.000E+00  4.179E+02 -2.730E+02
  9.702E-03  1.922E+01  2.930E+02  0.000E+00  4.179E+02 -2.730E+02
  1.144E-02  1.922E+01  2.930E+02  0.000E+00  4.179E+02 -2.730E+02
  1.336E-02  1.922E+01  2.930E+02  0.000E+00  4.179E+02 -2.730E+02
  1.547E-02  1.922E+01  2.930E+02  0.000E+00  4.179E+02 -2.730E+02
  1.779E-02  1.922E+01  2.930E+02  0.000E+00  4.179E+02 -2.730E+02
  2.034E-02  1.922E+01  2.930E+02  0.000E+00  4.179E+02 -2.730E+02
  2.314E-02  1.922E+01  2.930E+02  0.000E+00  4.179E+02 -2.730E+02
  2.623E-02  1.922E+01  2.930E+02  0.000E+00  4.179E+02 -2.730E+02
  2.962E-02  1.922E+01  2.930E+02  0.000E+00  4.179E+02 -2.730E+02
  3.335E-02  1.922E+01  2.930E+02  0.000E+00  4.179E+02 -2.730E+02
  3.746E-02  1.922E+01  2.930E+02  0.000E+00  4.179E+02 -2.730E+02
  4.198E-02  1.922E+01  2.930E+02  0.000E+00  4.179E+02 -2.730E+02
  4.695E-02  1.922E+01  2.930E+02  0.000E+00  4.179E+02 -2.730E+02
  5.241E-02  1.922E+01  2.930E+02  0.000E+00  4.179E+02 -2.730E+02
  5.843E-02  1.922E+01  2.930E+02  0.000E+00  4.179E+02 -2.730E+02
  6.504E-02  1.922E+01  2.930E+02  0.000E+00  4.179E+02 -2.730E+02
  7.231E-02  1.922E+01  2.930E+02  0.000E+00  4.179E+02 -2.730E+02
  8.032E-02  1.922E+01  2.930E+02  0.000E+00  4.179E+02 -2.730E+02
  8.912E-02  1.922E+01  2.930E+02  0.000E+00  4.179E+02 -2.730E+02
  9.880E-02  1.922E+01  2.930E+02  0.000E+00  4.179E+02 -2.730E+02
  1.095E-01  1.922E+01  2.930E+02  0.000E+00  4.179E+02 -2.730E+02
  1.212E-01  1.922E+01  2.930E+02  0.000E+00  4.179E+02 -2.730E+02
  1.340E-01  1.922E+01  2.930E+02  0.000E+00  4.179E+02 -2.730E+02
  1.480E-01  1.922E+01  2.930E+02  0.000E+00  4.179E+02 -2.730E+02
  1.633E-01  1.922E+01  2.930E+02  0.000E+00  4.179E+02 -2.730E+02
  1.801E-01  1.923E+01  2.930E+02  0.000E+00  4.179E+02 -2.730E+02
  1.984E-01  1.923E+01  2.930E+02  0.000E+00  4.179E+02 -2.730E+02
  2.183E-01  1.923E+01  2.930E+02  0.000E+00  4.179E+02 -2.730E+02
  2.401E-01  1.923E+01  2.930E+02  0.000E+00  4.179E+02 -2.730E+02
  2.639E-01  1.922E+01  2.930E+02  0.000E+00  4.179E+02 -2.730E+02
  2.898E-01  1.922E+01  2.930E+02  0.000E+00  4.179E+02 -2.730E+02
  3.181E-01  1.922E+01  2.930E+02  0.000E+00  4.179E+02 -2.730E+02
  3.490E-01  1.922E+01  2.930E+02  0.000E+00  4.179E+02 -2.730E+02
  3.827E-01  1.922E+01  2.930E+02  0.000E+00  4.179E+02 -2.730E+02
  4.197E-01  1.922E+01  2.930E+02  0.000E+00  4.179E+02 -2.730E+02
  4.604E-01  1.922E+01  2.930E+02  0.000E+00  4.179E+02 -2.730E+02
  5.050E-01  1.922E+01  2.930E+02  0.000E+00  4.179E+02 -2.730E+02
  5.541E-01  1.922E+01  2.930E+02  0.000E+00  4.179E+02 -2.730E+02
  6.082E-01  1.922E+01  2.930E+02  0.000E+00  4.179E+02 -2.730E+02
  6.676E-01  1.922E+01  2.930E+02  0.000E+00  4.179E+02 -2.730E+02
  7.329E-01  1.922E+01  2.930E+02  0.000E+00  4.179E+02 -2.730E+02
  8.048E-01  1.921E+01  2.930E+02  0.000E+00  4.179E+02 -2.730E+02
  8.839E-01  1.921E+01  2.930E+02  0.000E+00  4.179E+02 -2.730E+02
  9.709E-01  1.920E+01  2.930E+02  0.000E+00  4.179E+02 -2.730E+02
  1.067E+00  1.920E+01  2.930E+02  0.000E+00  4.179E+02 -2.730E+02
  1.167E+00  1.919E+01  2.930E+02  0.000E+00  4.179E+02 -2.730E+02
  1.267E+00  1.919E+01  2.930E+02  0.000E+00  4.179E+02 -2.730E+02
  1.367E+00  1.918E+01  2.930E+02  0.000E+00  4.179E+02 -2.730E+02
  1.467E+00  1.917E+01  2.930E+02  0.000E+00  4.179E+02 -2.730E+02
  1.567E+00  1.917E+01  2.930E+02  0.000E+00  4.179E+02 -2.730E+02
  1.667E+00  1.916E+01  2.930E+02  0.000E+00  4.179E+02 -2.730E+02
  1.767E+00  1.915E+01  2.930E+02  0.000E+00  4.179E+02 -2.730E+02
  1.867E+00  1.915E+01  2.930E+02  0.000E+00  4.179E+02 -2.730E+02
  1.967E+00  1.914E+01  2.930E+02  0.000E+00  4.179E+02 -2.730E+02
  2.067E+00  1.913E+01  2.930E+02  0.000E+00  4.179E+02 -2.730E+02
  2.167E+00  1.912E+01  2.930E+02  0.000E+00  4.179E+02 -2.730E+02
  2.267E+00  1.912E+01  2.930E+02  0.000E+00  4.179E+02 -2.730E+02
  2.367E+00  1.911E+01  2.930E+02  0.000E+00  4.179E+02 -2.730E+02
  2.467E+00  1.910E+01  2.930E+02  0.000E+00  4.179E+02 -2.730E+02
  2.567E+00  1.910E+01  2.930E+02  0.000E+00  4.179E+02 -2.730E+02
  2.667E+00  1.909E+01  2.930E+02  0.000E+00  4.179E+02 -2.730E+02
  2.767E+00  1.908E+01  2.930E+02  0.000E+00  4.179E+02 -2.730E+02
  2.867E+00  1.908E+01  2.930E+02  0.000E+00  4.179E+02 -2.730E+02
  2.967E+00  1.907E+01  2.930E+02  0.000E+00  4.179E+02 -2.730E+02
  3.067E+00  1.906E+01  2.930E+02  0.000E+00  4.179E+02 -2.730E+02
  3.167E+00  1.906E+01  2.930E+02  0.000E+00  4.179E+02 -2.730E+02
  3.267E+00  1.905E+01  2.930E+02  0.000E+00  4.179E+02 -2.730E+02
  3.367E+00  1.904E+01  2.930E+02  0.000E+00  4.179E+02 -2.730E+02
  3.467E+00  1.904E+01  2.930E+02  0.000E+00  4.179E+02 -2.730E+02
  3.567E+00  1.903E+01  2.930E+02  0.000E+00  4.179E+02 -2.730E+02
  3.667E+00  1.902E+01  2.930E+02  0.000E+00  4.179E+02 -2.730E+02
  3.767E+00  1.902E+01  2.930E+02  0.000E+00  4.179E+02 -2.730E+02
  3.867E+00  1.901E+01  2.930E+02  0.000E+00  4.179E+02 -2.730E+02
  3.967E+00  1.900E+01  2.930E+02  0.000E+00  4.179E+02 -2.730E+02
  4.067E+00  1.900E+01  2.930E+02  0.000E+00  4.179E+02 -2.730E+02
  4.167E+00  1.899E+01  2.930E+02  0.000E+00  4.179E+02 -2.730E+02
  4.267E+00  1.899E+01  2.930E+02  0.000E+00  4.179E+02 -2.730E+02
  4.367E+00  1.898E+01  2.930E+02  0.000E+00  4.179E+02 -2.730E+02
  4.467E+00  1.897E+01  2.930E+02  0.000E+00  4.179E+02 -2.730E+02
  4.567E+00  1.897E+01  2.930E+02  0.000E+00  4.179E+02 -2.730E+02
  4.667E+00  1.896E+01  2.930E+02  0.000E+00  4.179E+02 -2.730E+02
  4.767E+00  1.896E+01  2.930E+02  0.000E+00  4.179E+02 -2.730E+02
  4.867E+00  1.895E+01  2.930E+02  0.000E+00  4.179E+02 -2.730E+02
  4.967E+00  1.895E+01  2.930E+02  0.000E+00  4.179E+02 -2.730E+02
  5.067E+00  1.894E+01  2.930E+02  0.000E+00  4.179E+02 -2.730E+02
  5.167E+00  1.894E+01  2.930E+02  0.000E+00  4.179E+02 -2.730E+02
  5.267E+00  1.893E+01  2.930E+02  0.000E+00  4.179E+02 -2.730E+02
  5.367E+00  1.892E+01  2.930E+02  0.000E+00  4.179E+02 -2.730E+02
  5.467E+00  1.892E+01  2.930E+02  0.000E+00  4.179E+02 -2.730E+02
  5.567E+00  1.891E+01  2.930E+02  0.000E+00  4.179E+02 -2.730E+02
  5.667E+00  1.891E+01  2.930E+02  0.000E+00  4.179E+02 -2.730E+02
  5.767E+00  1.890E+01  2.930E+02  0.000E+00  4.179E+02 -2.730E+02
  5.867E+00  1.890E+01  2.930E+02  0.000E+00  4.179E+02 -2.730E+02
  5.967E+00  1.889E+01  2.930E+02  0.000E+00  4.179E+02 -2.730E+02
  6.067E+00  1.889E+01  2.930E+02  0.000E+00  4.179E+02 -2.730E+02
  6.167E+00  1.889E+01  2.930E+02  0.000E+00  4.179E+02 -2.730E+02
  6.267E+00  1.888E+01  2.930E+02  0.000E+00  4.179E+02 -2.730E+02
  6.367E+00  1.888E+01  2.930E+02  0.000E+00  4.179E+02 -2.730E+02
  6.467E+00  1.887E+01  2.930E+02  0.000E+00  4.179E+02 -2.730E+02
  6.567E+00  1.887E+01  2.930E+02  0.000E+00  4.179E+02 -2.730E+02
  6.667E+00  1.886E+01  2.930E+02  0.000E+00  4.179E+02 -2.730E+02
  6.767E+00  1.886E+01  2.930E+02  0.000E+00  4.179E+02 -2.730E+02
  6.867E+00  1.885E+01  2.930E+02  0.000E+00  4.179E+02 -2.730E+02
  6.967E+00  1.885E+01  2.930E+02  0.000E+00  4.179E+02 -2.730E+02
  7.067E+00  1.885E+01  2.930E+02  0.000E+00  4.179E+02 -2.730E+02
  7.167E+00  1.884E+01  2.930E+02  0.000E+00  4.179E+02 -2.730E+02
  7.267E+00  1.884E+01  2.930E+02  0.000E+00  4.179E+02 -2.730E+02
  7.367E+00  1.883E+01  2.930E+02  0.000E+00  4.179E+02 -2.730E+02
  7.467E+00  1.883E+01  2.930E+02  0.000E+00  4.179E+02 -2.730E+02
  7.567E+00  1.883E+01  2.930E+02  0.000E+00  4.179E+02 -2.730E+02
  7.667E+00  1.882E+01  2.930E+02  0.000E+00  4.179E+02 -2.730E+02
  7.767E+00  1.882E+01  2.930E+02  0.000E+00  4.179E+02 -2.730E+02
  7.867E+00  1.882E+01  2.930E+02  0.000E+00  4.179E+02 -2.730E+02
  7.967E+00  1.881E+01  2.930E+02  0.000E+00  4.179E+02 -2.730E+02
  8.067E+00  1.881E+01  2.930E+02  0.000E+00  4.179E+02 -2.730E+02
  8.167E+00  1.881E+01  2.930E+02  0.000E+00  4.179E+02 -2.730E+02
  8.267E+00  1.880E+01  2.930E+02  0.000E+00  4.179E+02 -2.730E+02
  8.367E+00  1.880E+01  2.930E+02  0.000E+00  4.179E+02 -2.730E+02
  8.467E+00  1.880E+01  2.930E+02  0.000E+00  4.179E+02 -2.730E+02
  8.567E+00  1.879E+01  2.930E+02  0.000E+00  4.179E+02 -2.730E+02
  8.667E+00  1.879E+01  2.930E+02  0.000E+00  4.179E+02 -2.730E+02
  8.767E+00  1.879E+01  2.930E+02  0.000E+00  4.179E+02 -2.730E+02
  8.867E+00  1.878E+01  2.930E+02  0.000E+00  4.179E+02 -2.730E+02
  8.967E+00  1.878E+01  2.930E+02  0.000E+00  4.179E+02 -2.730E+02
  9.067E+00  1.878E+01  2.930E+02  0.000E+00  4.179E+02 -2.730E+02
  9.167E+00  1.877E+01  2.930E+02  0.000E+00  4.179E+02 -2.730E+02
  9.267E+00  1.877E+01  2.930E+02  0.000E+00  4.179E+02 -2.730E+02
  9.367E+00  1.877E+01  2.930E+02  0.000E+00  4.179E+02 -2.730E+02
  9.467E+00  1.877E+01  2.930E+02  0.000E+00  4.179E+02 -2.730E+02
  9.567E+00  1.876E+01  2.930E+02  0.000E+00  4.179E+02 -2.730E+02
  9.667E+00  1.876E+01  2.930E+02  0.000E+00  4.179E+02 -2.730E+02
  9.767E+00  1.876E+01  2.930E+02  0.000E+00  4.179E+02 -2.730E+02
  9.867E+00  1.875E+01  2.930E+02  0.000E+00  4.179E+02 -2.730E+02
  9.967E+00  1.875E+01  2.930E+02  0.000E+00  4.179E+02 -2.730E+02
  1.007E+01  1.875E+01  2.930E+02  0.000E+00  4.179E+02 -2.730E+02
  1.017E+01  1.875E+01  2.930E+02  0.000E+00  4.179E+02 -2.730E+02
  1.027E+01  1.874E+01  2.930E+02  0.000E+00  4.179E+02 -2.730E+02
  1.037E+01  1.874E+01  2.930E+02  0.000E+00  4.179E+02 -2.730E+02
  1.047E+01  1.874E+01  2.930E+02  0.000E+00  4.179E+02 -2.730E+02
  1.057E+01  1.874E+01  2.930E+02  0.000E+00  4.179E+02 -2.730E+02
  1.067E+01  1.874E+01  2.930E+02  0.000E+00  4.179E+02 -2.730E+02
  1.077E+01  1.873E+01  2.930E+02  0.000E+00  4.179E+02 -2.730E+02
  1.087E+01  1.873E+01  2.930E+02  0.000E+00  4.179E+02 -2.730E+02
  1.097E+01  1.873E+01  2.930E+02  0.000E+00  4.179E+02 -2.730E+02
  1.107E+01  1.873E+01  2.930E+02  0.000E+00  4.179E+02 -2.730E+02
  1.117E+01  1.873E+01  2.930E+02  0.000E+00  4.179E+02 -2.730E+02
  1.127E+01  1.872E+01  2.930E+02  0.000E+00  4.179E+02 -2.730E+02
  1.137E+01  1.872E+01  2.930E+02  0.000E+00  4.179E+02 -2.730E+02
  1.147E+01  1.872E+01  2.930E+02  0.000E+00  4.179E+02 -2.730E+02
  1.157E+01  1.872E+01  2.930E+02  0.000E+00  4.179E+02 -2.730E+02
  1.167E+01  1.872E+01  2.930E+02  0.000E+00  4.179E+02 -2.730E+02
  1.177E+01  1.871E+01  2.930E+02  0.000E+00  4.179E+02 -2.730E+02
  1.187E+01  1.871E+01  2.930E+02  0.000E+00  4.179E+02 -2.730E+02
  1.197E+01  1.871E+01  2.930E+02  0.000E+00  4.179E+02 -2.730E+02
  1.207E+01  1.871E+01  2.930E+02  0.000E+00  4.179E+02 -2.730E+02
  1.217E+01  1.871E+01  2.930E+02  0.000E+00  4.179E+02 -2.730E+02
  1.227E+01  1.870E+01  2.930E+02  0.000E+00  4.179E+02 -2.730E+02
  1.237E+01  1.870E+01  2.930E+02  0.000E+00  4.179E+02 -2.730E+02
  1.247E+01  1.870E+01  2.930E+02  0.000E+00  4.179E+02 -2.730E+02
  1.257E+01  1.870E+01  2.930E+02  0.000E+00  4.179E+02 -2.730E+02
  1.267E+01  1.870E+01  2.930E+02  0.000E+00  4.179E+02 -2.730E+02
  1.277E+01  1.870E+01  2.930E+02  0.000E+00  4.179E+02 -2.730E+02
  1.287E+01  1.869E+01  2.930E+02  0.000E+00  4.179E+02 -2.730E+02
  1.297E+01  1.869E+01  2.930E+02  0.000E+00  4.179E+02 -2.730E+02
  1.307E+01  1.869E+01  2.930E+02  0.000E+00  4.179E+02 -2.730E+02
  1.317E+01  1.869E+01  2.930E+02  0.000E+00  4.179E+02 -2.730E+02
  1.327E+01  1.869E+01  2.930E+02  0.000E+00  4.179E+02 -2.730E+02
  1.337E+01  1.869E+01  2.930E+02  0.000E+00  4.179E+02 -2.730E+02
  1.347E+01  1.869E+01  2.930E+02  0.000E+00  4.179E+02 -2.730E+02
  1.357E+01  1.868E+01  2.930E+02  0.000E+00  4.179E+02 -2.730E+02
  1.367E+01  1.868E+01  2.930E+02  0.000E+00  4.179E+02 -2.730E+02
  1.377E+01  1.868E+01  2.930E+02  0.000E+00  4.179E+02 -2.730E+02
  1.387E+01  1.868E+01  2.930E+02  0.000E+00  4.179E+02 -2.730E+02
  1.397E+01  1.868E+01  2.930E+02  0.000E+00  4.179E+02 -2.730E+02
  1.407E+01  1.868E+01  2.930E+02  0.000E+00  4.179E+02 -2.730E+02
  1.417E+01  1.868E+01  2.930E+02  0.000E+00  4.179E+02 -2.730E+02
  1.427E+01  1.867E+01  2.930E+02  0.000E+00  4.179E+02 -2.730E+02
  1.437E+01  1.867E+01  2.930E+02  0.000E+00  4.179E+02 -2.730E+02
  1.447E+01  1.867E+01  2.930E+02  0.000E+00  4.179E+02 -2.730E+02
  1.457E+01  1.867E+01  2.930E+02  0.000E+00  4.179E+02 -2.730E+02
  1.467E+01  1.867E+01  2.930E+02  0.000E+00  4.179E+02 -2.730E+02
  1.477E+01  1.867E+01  2.930E+02  0.000E+00  4.179E+02 -2.730E+02
  1.487E+01  1.867E+01  2.930E+02  0.000E+00  4.179E+02 -2.730E+02
  1.497E+01  1.866E+01  2.930E+02  0.000E+00  4.179E+02 -2.730E+02
  1.507E+01  1.866E+01  2.930E+02  0.000E+00  4.179E+02 -2.730E+02
  1.517E+01  1.866E+01  2.930E+02  0.000E+00  4.179E+02 -2.730E+02
  1.527E+01  1.866E+01  2.930E+02  0.000E+00  4.179E+02 -2.730E+02
  1.537E+01  1.866E+01  2.930E+02  0.000E+00  4.179E+02 -2.730E+02
  1.547E+01  1.866E+01  2.930E+02  0.000E+00  4.179E+02 -2.730E+02
  1.557E+01  1.866E+01  2.930E+02  0.000E+00  4.179E+02 -2.730E+02
  1.567E+01  1.866E+01  2.930E+02  0.000E+00  4.179E+02 -2.730E+02
  1.577E+01  1.865E+01  2.930E+02  0.000E+00  4.179E+02 -2.730E+02
  1.587E+01  1.865E+01  2.930E+02  0.000E+00  4.179E+02 -2.730E+02
  1.597E+01  1.865E+01  2.930E+02  0.000E+00  4.179E+02 -2.730E+02
  1.607E+01  1.865E+01  2.930E+02  0.000E+00  4.179E+02 -2.730E+02
  1.617E+01  1.865E+01  2.930E+02  0.000E+00  4.179E+02 -2.730E+02
  1.627E+01  1.865E+01  2.930E+02  0.000E+00  4.179E+02 -2.730E+02
  1.637E+01  1.865E+01  2.930E+02  0.000E+00  4.179E+02 -2.730E+02
  1.647E+01  1.865E+01  2.930E+02  0.000E+00  4.179E+02 -2.730E+02
  1.657E+01  1.865E+01  2.930E+02  0.000E+00  4.179E+02 -2.730E+02
  1.667E+01  1.864E+01  2.930E+02  0.000E+00  4.179E+02 -2.730E+02
  1.677E+01  1.864E+01  2.930E+02  0.000E+00  4.179E+02 -2.730E+02
  1.687E+01  1.864E+01  2.930E+02  0.000E+00  4.179E+02 -2.730E+02
  1.697E+01  1.864E+01  2.930E+02  0.000E+00  4.179E+02 -2.730E+02
  1.707E+01  1.864E+01  2.930E+02  0.000E+00  4.179E+02 -2.730E+02
  1.717E+01  1.864E+01  2.930E+02  0.000E+00  4.179E+02 -2.730E+02
  1.727E+01  1.864E+01  2.930E+02  0.000E+00  4.179E+02 -2.730E+02
  1.737E+01  1.864E+01  2.930E+02  0.000E+00  4.179E+02 -2.730E+02
  1.747E+01  1.864E+01  2.930E+02  0.000E+00  4.179E+02 -2.730E+02
  1.757E+01  1.863E+01  2.930E+02  0.000E+00  4.179E+02 -2.730E+02
  1.767E+01  1.863E+01  2.930E+02  0.000E+00  4.179E+02 -2.730E+02
  1.777E+01  1.863E+01  2.930E+02  0.000E+00  4.179E+02 -2.730E+02
  1.787E+01  1.863E+01  2.930E+02  0.000E+00  4.179E+02 -2.730E+02
  1.797E+01  1.863E+01  2.930E+02  0.000E+00  4.179E+02 -2.730E+02
  1.807E+01  1.863E+01  2.930E+02  0.000E+00  4.179E+02 -2.730E+02
  1.817E+01  1.863E+01  2.930E+02  0.000E+00  4.179E+02 -2.730E+02
  1.827E+01  1.863E+01  2.930E+02  0.000E+00  4.179E+02 -2.730E+02
  1.837E+01  1.863E+01  2.930E+02  0.000E+00  4.179E+02 -2.730E+02
  1.847E+01  1.862E+01  2.930E+02  0.000E+00  4.179E+02 -2.730E+02
  1.857E+01  1.862E+01  2.930E+02  0.000E+00  4.179E+02 -2.730E+02
  1.867E+01  1.862E+01  2.930E+02  0.000E+00  4.179E+02 -2.730E+02
  1.877E+01  1.862E+01  2.930E+02  0.000E+00  4.179E+02 -2.730E+02
  1.887E+01  1.862E+01  2.930E+02  0.000E+00  4.179E+02 -2.730E+02
  1.897E+01  1.862E+01  2.930E+02  0.000E+00  4.179E+02 -2.730E+02
  1.907E+01  1.862E+01  2.930E+02  0.000E+00  4.179E+02 -2.730E+02
  1.917E+01  1.862E+01  2.930E+02  0.000E+00  4.179E+02 -2.730E+02
  1.927E+01  1.862E+01  2.930E+02  0.000E+00  4.179E+02 -2.730E+02
  1.937E+01  1.861E+01  2.930E+02  0.000E+00  4.179E+02 -2.730E+02
  1.947E+01  1.861E+01  2.930E+02  0.000E+00  4.179E+02 -2.730E+02
  1.957E+01  1.861E+01  2.930E+02  0.000E+00  4.179E+02 -2.730E+02
  1.967E+01  1.861E+01  2.930E+02  0.000E+00  4.179E+02 -2.730E+02
  1.977E+01  1.861E+01  2.930E+02  0.000E+00  4.179E+02 -2.730E+02
  1.987E+01  1.861E+01  2.930E+02  0.000E+00  4.179E+02 -2.730E+02
  1.997E+01  1.861E+01  2.930E+02  0.000E+00  4.179E+02 -2.730E+02
  2.007E+01  1.861E+01  2.930E+02  0.000E+00  4.179E+02 -2.730E+02
  2.017E+01  1.861E+01  2.930E+02  0.000E+00  4.179E+02 -2.730E+02
  2.027E+01  1.861E+01  2.930E+02  0.000E+00  4.179E+02 -2.730E+02
  2.037E+01  1.860E+01  2.930E+02  0.000E+00  4.179E+02 -2.730E+02
  2.047E+01  1.860E+01  2.930E+02  0.000E+00  4.179E+02 -2.730E+02
  2.057E+01  1.860E+01  2.930E+02  0.000E+00  4.179E+02 -2.730E+02
  2.067E+01  1.860E+01  2.930E+02  0.000E+00  4.179E+02 -2.730E+02
  2.077E+01  1.860E+01  2.930E+02  0.000E+00  4.179E+02 -2.730E+02
  2.087E+01  1.860E+01  2.930E+02  0.000E+00  4.179E+02 -2.730E+02
  2.097E+01  1.860E+01  2.930E+02  0.000E+00  4.179E+02 -2.730E+02
  2.107E+01  1.860E+01  2.930E+02  0.000E+00  4.179E+02 -2.730E+02
  2.117E+01  1.860E+01  2.930E+02  0.000E+00  4.179E+02 -2.730E+02
  2.127E+01  1.860E+01  2.930E+02  0.000E+00  4.179E+02 -2.730E+02
  2.137E+01  1.859E+01  2.930E+02  0.000E+00  4.179E+02 -2.730E+02
  2.147E+01  1.859E+01  2.930E+02  0.000E+00  4.179E+02 -2.730E+02
  2.157E+01  1.859E+01  2.930E+02  0.000E+00  4.179E+02 -2.730E+02
  2.167E+01  1.859E+01  2.930E+02  0.000E+00  4.179E+02 -2.730E+02
  2.177E+01  1.859E+01  2.930E+02  0.000E+00  4.179E+02 -2.730E+02
  2.187E+01  1.859E+01  2.930E+02  0.000E+00  4.179E+02 -2.730E+02
  2.197E+01  1.859E+01  2.930E+02  0.000E+00  4.179E+02 -2.730E+02
  2.207E+01  1.859E+01  2.930E+02  0.000E+00  4.179E+02 -2.730E+02
  2.217E+01  1.859E+01  2.930E+02  0.000E+00  4.179E+02 -2.730E+02
  2.227E+01  1.859E+01  2.930E+02  0.000E+00  4.179E+02 -2.730E+02
  2.237E+01  1.858E+01  2.930E+02  0.000E+00  4.179E+02 -2.730E+02
  2.247E+01  1.858E+01  2.930E+02  0.000E+00  4.179E+02 -2.730E+02
  2.257E+01  1.858E+01  2.930E+02  0.000E+00  4.179E+02 -2.730E+02
  2.267E+01  1.858E+01  2.930E+02  0.000E+00  4.179E+02 -2.730E+02
  2.277E+01  1.858E+01  2.930E+02  0.000E+00  4.179E+02 -2.730E+02
  2.287E+01  1.858E+01  2.930E+02  0.000E+00  4.179E+02 -2.730E+02
  2.297E+01  1.858E+01  2.930E+02  0.000E+00  4.179E+02 -2.730E+02
  2.307E+01  1.858E+01  2.930E+02  0.000E+00  4.179E+02 -2.730E+02
  2.317E+01  1.858E+01  2.930E+02  0.000E+00  4.179E+02 -2.730E+02
  2.327E+01  1.858E+01  2.930E+02  0.000E+00  4.179E+02 -2.730E+02
  2.337E+01  1.858E+01  2.930E+02  0.000E+00  4.179E+02 -2.730E+02
  2.347E+01  1.857E+01  2.930E+02  0.000E+00  4.179E+02 -2.730E+02
  2.357E+01  1.857E+01  2.930E+02  0.000E+00  4.179E+02 -2.730E+02
  2.367E+01  1.857E+01  2.930E+02  0.000E+00  4.179E+02 -2.730E+02
  2.377E+01  1.857E+01  2.930E+02  0.000E+00  4.179E+02 -2.730E+02
  2.387E+01  1.857E+01  2.930E+02  0.000E+00  4.179E+02 -2.730E+02
  2.397E+01  1.857E+01  2.930E+02  0.000E+00  4.179E+02 -2.730E+02
  2.407E+01  1.857E+01  2.930E+02  0.000E+00  4.179E+02 -2.730E+02
  2.417E+01  1.857E+01  2.930E+02  0.000E+00  4.179E+02 -2.730E+02
  2.427E+01  1.857E+01  2.930E+02  0.000E+00  4.179E+02 -2.730E+02
  2.437E+01  1.857E+01  2.930E+02  0.000E+00  4.179E+02 -2.730E+02
  2.447E+01  1.857E+01  2.930E+02  0.000E+00  4.179E+02 -2.730E+02
  2.457E+01  1.856E+01  2.930E+02  0.000E+00  4.179E+02 -2.730E+02
  2.467E+01  1.856E+01  2.930E+02  0.000E+00  4.179E+02 -2.730E+02
  2.477E+01  1.856E+01  2.930E+02  0.000E+00  4.179E+02 -2.730E+02
  2.487E+01  1.856E+01  2.930E+02  0.000E+00  4.179E+02 -2.730E+02
  2.497E+01  1.856E+01  2.930E+02  0.000E+00  4.179E+02 -2.730E+02
  2.507E+01  1.856E+01  2.930E+02  0.000E+00  4.179E+02 -2.730E+02
  2.517E+01  1.856E+01  2.930E+02  0.000E+00  4.179E+02 -2.730E+02
  2.527E+01  1.856E+01  2.930E+02  0.000E+00  4.179E+02 -2.730E+02
  2.537E+01  1.856E+01  2.930E+02  0.000E+00  4.179E+02 -2.730E+02
  2.547E+01  1.856E+01  2.930E+02  0.000E+00  4.179E+02 -2.730E+02
  2.557E+01  1.856E+01  2.930E+02  0.000E+00  4.179E+02 -2.730E+02
  2.567E+01  1.856E+01  2.930E+02  0.000E+00  4.179E+02 -2.730E+02
  2.577E+01  1.855E+01  2.930E+02  0.000E+00  4.179E+02 -2.730E+02
  2.587E+01  1.855E+01  2.930E+02  0.000E+00  4.179E+02 -2.730E+02
  2.597E+01  1.855E+01  2.930E+02  0.000E+00  4.179E+02 -2.730E+02
  2.607E+01  1.855E+01  2.930E+02  0.000E+00  4.179E+02 -2.730E+02
  2.617E+01  1.855E+01  2.930E+02  0.000E+00  4.179E+02 -2.730E+02
  2.627E+01  1.855E+01  2.930E+02  0.000E+00  4.179E+02 -2.730E+02
  2.637E+01  1.855E+01  2.930E+02  0.000E+00  4.179E+02 -2.730E+02
  2.647E+01  1.855E+01  2.930E+02  0.000E+00  4.179E+02 -2.730E+02
  2.657E+01  1.855E+01  2.930E+02  0.000E+00  4.179E+02 -2.730E+02
  2.667E+01  1.855E+01  2.930E+02  0.000E+00  4.179E+02 -2.730E+02
  2.677E+01  1.855E+01  2.930E+02  0.000E+00  4.179E+02 -2.730E+02
  2.687E+01  1.855E+01  2.930E+02  0.000E+00  4.179E+02 -2.730E+02
  2.697E+01  1.854E+01  2.930E+02  0.000E+00  4.179E+02 -2.730E+02
  2.707E+01  1.854E+01  2.930E+02  0.000E+00  4.179E+02 -2.730E+02
  2.717E+01  1.854E+01  2.930E+02  0.000E+00  4.179E+02 -2.730E+02
  2.727E+01  1.854E+01  2.930E+02  0.000E+00  4.179E+02 -2.730E+02
  2.737E+01  1.854E+01  2.930E+02  0.000E+00  4.179E+02 -2.730E+02
  2.747E+01  1.854E+01  2.930E+02  0.000E+00  4.179E+02 -2.730E+02
  2.757E+01  1.854E+01  2.930E+02  0.000E+00  4.179E+02 -2.730E+02
  2.767E+01  1.854E+01  2.930E+02  0.000E+00  4.179E+02 -2.730E+02
  2.777E+01  1.854E+01  2.930E+02  0.000E+00  4.179E+02 -2.730E+02
  2.787E+01  1.854E+01  2.930E+02  0.000E+00  4.179E+02 -2.730E+02
  2.797E+01  1.854E+01  2.930E+02  0.000E+00  4.179E+02 -2.730E+02
  2.807E+01  1.854E+01  2.930E+02  0.000E+00  4.179E+02 -2.730E+02
  2.817E+01  1.854E+01  2.930E+02  0.000E+00  4.179E+02 -2.730E+02
  2.827E+01  1.853E+01  2.930E+02  0.000E+00  4.179E+02 -2.730E+02
  2.837E+01  1.853E+01  2.930E+02  0.000E+00  4.179E+02 -2.730E+02
  2.847E+01  1.853E+01  2.930E+02  0.000E+00  4.179E+02 -2.730E+02
  2.857E+01  1.853E+01  2.930E+02  0.000E+00  4.179E+02 -2.730E+02
  2.867E+01  1.853E+01  2.930E+02  0.000E+00  4.179E+02 -2.730E+02
  2.877E+01  1.853E+01  2.930E+02  0.000E+00  4.179E+02 -2.730E+02
  2.887E+01  1.853E+01  2.930E+02  0.000E+00  4.179E+02 -2.730E+02
  2.897E+01  1.853E+01  2.930E+02  0.000E+00  4.179E+02 -2.730E+02
  2.907E+01  1.853E+01  2.930E+02  0.000E+00  4.179E+02 -2.730E+02
  2.917E+01  1.853E+01  2.930E+02  0.000E+00  4.179E+02 -2.730E+02
  2.927E+01  1.853E+01  2.930E+02  0.000E+00  4.179E+02 -2.730E+02
  2.937E+01  1.853E+01  2.930E+02  0.000E+00  4.179E+02 -2.730E+02
  2.947E+01  1.853E+01  2.930E+02  0.000E+00  4.179E+02 -2.730E+02
  2.957E+01  1.852E+01  2.930E+02  0.000E+00  4.179E+02 -2.730E+02
  2.967E+01  1.852E+01  2.930E+02  0.000E+00  4.179E+02 -2.730E+02
  2.977E+01  1.852E+01  2.930E+02  0.000E+00  4.179E+02 -2.730E+02
  2.987E+01  1.852E+01  2.930E+02  0.000E+00  4.179E+02 -2.730E+02
  2.997E+01  1.852E+01  2.930E+02  0.000E+00  4.179E+02 -2.730E+02
  3.007E+01  1.852E+01  2.930E+02  0.000E+00  4.179E+02 -2.730E+02
  3.017E+01  1.852E+01  2.930E+02  0.000E+00  4.179E+02 -2.730E+02
  3.027E+01  1.852E+01  2.930E+02  0.000E+00  4.179E+02 -2.730E+02
  3.037E+01  1.852E+01  2.930E+02  0.000E+00  4.179E+02 -2.730E+02
  3.047E+01  1.852E+01  2.930E+02  0.000E+00  4.179E+02 -2.730E+02
  3.057E+01  1.852E+01  2.930E+02  0.000E+00  4.179E+02 -2.730E+02
  3.067E+01  1.852E+01  2.930E+02  0.000E+00  4.179E+02 -2.730E+02
  3.077E+01  1.852E+01  2.930E+02  0.000E+00  4.179E+02 -2.730E+02
  3.087E+01  1.852E+01  2.930E+02  0.000E+00  4.179E+02 -2.730E+02
  3.097E+01  1.852E+01  2.930E+02  0.000E+00  4.179E+02 -2.730E+02
  3.107E+01  1.851E+01  2.930E+02  0.000E+00  4.179E+02 -2.730E+02
  3.117E+01  1.851E+01  2.930E+02  0.000E+00  4.179E+02 -2.730E+02
  3.127E+01  1.851E+01  2.930E+02  0.000E+00  4.179E+02 -2.730E+02
  3.137E+01  1.851E+01  2.930E+02  0.000E+00  4.179E+02 -2.730E+02
  3.147E+01  1.851E+01  2.930E+02  0.000E+00  4.179E+02 -2.730E+02
  3.157E+01  1.851E+01  2.930E+02  0.000E+00  4.179E+02 -2.730E+02
  3.167E+01  1.851E+01  2.930E+02  0.000E+00  4.179E+02 -2.730E+02
  3.177E+01  1.851E+01  2.930E+02  0.000E+00  4.179E+02 -2.730E+02
  3.187E+01  1.851E+01  2.930E+02  0.000E+00  4.179E+02 -2.730E+02
  3.197E+01  1.851E+01  2.930E+02  0.000E+00  4.179E+02 -2.730E+02
  3.207E+01  1.851E+01  2.930E+02  0.000E+00  4.179E+02 -2.730E+02
  3.217E+01  1.851E+01  2.930E+02  0.000E+00  4.179E+02 -2.730E+02
  3.227E+01  1.851E+01  2.930E+02  0.000E+00  4.179E+02 -2.730E+02
  3.237E+01  1.851E+01  2.930E+02  0.000E+00  4.179E+02 -2.730E+02
  3.247E+01  1.851E+01  2.930E+02  0.000E+00  4.179E+02 -2.730E+02
  3.257E+01  1.850E+01  2.930E+02  0.000E+00  4.179E+02 -2.730E+02
  3.267E+01  1.850E+01  2.930E+02  0.000E+00  4.179E+02 -2.730E+02
  3.277E+01  1.850E+01  2.930E+02  0.000E+00  4.179E+02 -2.730E+02
  3.287E+01  1.850E+01  2.930E+02  0.000E+00  4.179E+02 -2.730E+02
  3.297E+01  1.850E+01  2.930E+02  0.000E+00  4.179E+02 -2.730E+02
  3.307E+01  1.850E+01  2.930E+02  0.000E+00  4.179E+02 -2.730E+02
  3.317E+01  1.850E+01  2.930E+02  0.000E+00  4.179E+02 -2.730E+02
  3.327E+01  1.850E+01  2.930E+02  0.000E+00  4.179E+02 -2.730E+02
  3.337E+01  1.850E+01  2.930E+02  0.000E+00  4.179E+02 -2.730E+02
  3.347E+01  1.850E+01  2.930E+02  0.000E+00  4.179E+02 -2.730E+02
  3.357E+01  1.850E+01  2.930E+02  0.000E+00  4.179E+02 -2.730E+02
  3.367E+01  1.850E+01  2.930E+02  0.000E+00  4.179E+02 -2.730E+02
  3.377E+01  1.850E+01  2.930E+02  0.000E+00  4.179E+02 -2.730E+02
  3.387E+01  1.850E+01  2.930E+02  0.000E+00  4.179E+02 -2.730E+02
  3.397E+01  1.850E+01  2.930E+02  0.000E+00  4.179E+02 -2.730E+02
  3.407E+01  1.850E+01  2.930E+02  0.000E+00  4.179E+02 -2.730E+02
  3.417E+01  1.850E+01  2.930E+02  0.000E+00  4.179E+02 -2.730E+02
  3.427E+01  1.850E+01  2.930E+02  0.000E+00  4.179E+02 -2.730E+02
  3.437E+01  1.849E+01  2.930E+02  0.000E+00  4.179E+02 -2.730E+02
  3.447E+01  1.849E+01  2.930E+02  0.000E+00  4.179E+02 -2.730E+02
  3.457E+01  1.849E+01  2.930E+02  0.000E+00  4.179E+02 -2.730E+02
  3.467E+01  1.849E+01  2.930E+02  0.000E+00  4.179E+02 -2.730E+02
  3.477E+01  1.849E+01  2.930E+02  0.000E+00  4.179E+02 -2.730E+02
  3.487E+01  1.849E+01  2.930E+02  0.000E+00  4.179E+02 -2.730E+02
  3.497E+01  1.849E+01  2.930E+02  0.000E+00  4.179E+02 -2.730E+02
  3.507E+01  1.849E+01  2.930E+02  0.000E+00  4.179E+02 -2.730E+02
  3.517E+01  1.849E+01  2.930E+02  0.000E+00  4.179E+02 -2.730E+02
  3.527E+01  1.849E+01  2.930E+02  0.000E+00  4.179E+02 -2.730E+02
  3.537E+01  1.849E+01  2.930E+02  0.000E+00  4.179E+02 -2.730E+02
  3.547E+01  1.849E+01  2.930E+02  0.000E+00  4.179E+02 -2.730E+02
  3.557E+01  1.849E+01  2.930E+02  0.000E+00  4.179E+02 -2.730E+02
  3.567E+01  1.849E+01  2.930E+02  0.000E+00  4.179E+02 -2.730E+02
  3.577E+01  1.849E+01  2.930E+02  0.000E+00  4.179E+02 -2.730E+02
  3.587E+01  1.849E+01  2.930E+02  0.000E+00  4.179E+02 -2.730E+02
  3.597E+01  1.849E+01  2.930E+02  0.000E+00  4.179E+02 -2.730E+02
  3.607E+01  1.849E+01  2.930E+02  0.000E+00  4.179E+02 -2.730E+02
  3.617E+01  1.849E+01  2.930E+02  0.000E+00  4.179E+02 -2.730E+02
  3.627E+01  1.848E+01  2.930E+02  0.000E+00  4.179E+02 -2.730E+02
  3.637E+01  1.848E+01  2.930E+02  0.000E+00  4.179E+02 -2.730E+02
  3.647E+01  1.848E+01  2.930E+02  0.000E+00  4.179E+02 -2.730E+02
  3.657E+01  1.848E+01  2.930E+02  0.000E+00  4.179E+02 -2.730E+02
  3.667E+01  1.848E+01  2.930E+02  0.000E+00  4.179E+02 -2.730E+02
  3.677E+01  1.848E+01  2.930E+02  0.000E+00  4.179E+02 -2.730E+02
  3.687E+01  1.848E+01  2.930E+02  0.000E+00  4.179E+02 -2.730E+02
  3.697E+01  1.848E+01  2.930E+02  0.000E+00  4.179E+02 -2.730E+02
  3.707E+01  1.848E+01  2.930E+02  0.000E+00  4.179E+02 -2.730E+02
  3.717E+01  1.848E+01  2.930E+02  0.000E+00  4.179E+02 -2.730E+02
  3.727E+01  1.848E+01  2.930E+02  0.000E+00  4.179E+02 -2.730E+02
  3.737E+01  1.848E+01  2.930E+02  0.000E+00  4.179E+02 -2.730E+02
  3.747E+01  1.848E+01  2.930E+02  0.000E+00  4.179E+02 -2.730E+02
  3.757E+01  1.848E+01  2.930E+02  0.000E+00  4.179E+02 -2.730E+02
  3.767E+01  1.848E+01  2.930E+02  0.000E+00  4.179E+02 -2.730E+02
  3.777E+01  1.848E+01  2.930E+02  0.000E+00  4.179E+02 -2.730E+02
  3.787E+01  1.848E+01  2.930E+02  0.000E+00  4.179E+02 -2.730E+02
  3.797E+01  1.848E+01  2.930E+02  0.000E+00  4.179E+02 -2.730E+02
  3.807E+01  1.848E+01  2.930E+02  0.000E+00  4.179E+02 -2.730E+02
  3.817E+01  1.848E+01  2.930E+02  0.000E+00  4.179E+02 -2.730E+02
  3.827E+01  1.848E+01  2.930E+02  0.000E+00  4.179E+02 -2.730E+02
  3.837E+01  1.847E+01  2.930E+02  0.000E+00  4.179E+02 -2.730E+02
  3.847E+01  1.847E+01  2.930E+02  0.000E+00  4.179E+02 -2.730E+02
  3.857E+01  1.847E+01  2.930E+02  0.000E+00  4.179E+02 -2.730E+02
  3.867E+01  1.847E+01  2.930E+02  0.000E+00  4.179E+02 -2.730E+02
  3.877E+01  1.847E+01  2.930E+02  0.000E+00  4.179E+02 -2.730E+02
  3.887E+01  1.847E+01  2.930E+02  0.000E+00  4.179E+02 -2.730E+02
  3.897E+01  1.847E+01  2.930E+02  0.000E+00  4.179E+02 -2.730E+02
  3.907E+01  1.847E+01  2.930E+02  0.000E+00  4.179E+02 -2.730E+02
  3.917E+01  1.847E+01  2.930E+02  0.000E+00  4.179E+02 -2.730E+02
  3.927E+01  1.847E+01  2.930E+02  0.000E+00  4.179E+02 -2.730E+02
  3.937E+01  1.847E+01  2.930E+02  0.000E+00  4.179E+02 -2.730E+02
  3.947E+01  1.847E+01  2.930E+02  0.000E+00  4.179E+02 -2.730E+02
  3.957E+01  1.847E+01  2.930E+02  0.000E+00  4.179E+02 -2.730E+02
  3.967E+01  1.847E+01  2.930E+02  0.000E+00  4.179E+02 -2.730E+02
  3.977E+01  1.847E+01  2.930E+02  0.000E+00  4.179E+02 -2.730E+02
  3.987E+01  1.847E+01  2.930E+02  0.000E+00  4.179E+02 -2.730E+02
  3.997E+01  1.847E+01  2.930E+02  0.000E+00  4.179E+02 -2.730E+02
  4.007E+01  1.847E+01  2.930E+02  0.000E+00  4.179E+02 -2.730E+02
  4.017E+01  1.847E+01  2.930E+02  0.000E+00  4.179E+02 -2.730E+02
  4.027E+01  1.847E+01  2.930E+02  0.000E+00  4.179E+02 -2.730E+02
  4.037E+01  1.847E+01  2.930E+02  0.000E+00  4.179E+02 -2.730E+02
  4.047E+01  1.847E+01  2.930E+02  0.000E+00  4.179E+02 -2.730E+02
  4.057E+01  1.847E+01  2.930E+02  0.000E+00  4.179E+02 -2.730E+02
  4.067E+01  1.846E+01  2.930E+02  0.000E+00  4.179E+02 -2.730E+02
  4.077E+01  1.846E+01  2.930E+02  0.000E+00  4.179E+02 -2.730E+02
  4.087E+01  1.846E+01  2.930E+02  0.000E+00  4.179E+02 -2.730E+02
  4.097E+01  1.846E+01  2.930E+02  0.000E+00  4.179E+02 -2.730E+02
  4.107E+01  1.846E+01  2.930E+02  0.000E+00  4.179E+02 -2.730E+02
  4.117E+01  1.846E+01  2.930E+02  0.000E+00  4.179E+02 -2.730E+02
  4.127E+01  1.846E+01  2.930E+02  0.000E+00  4.179E+02 -2.730E+02
  4.137E+01  1.846E+01  2.930E+02  0.000E+00  4.179E+02 -2.730E+02
  4.147E+01  1.846E+01  2.930E+02  0.000E+00  4.179E+02 -2.730E+02
  4.157E+01  1.846E+01  2.930E+02  0.000E+00  4.179E+02 -2.730E+02
  4.167E+01  1.846E+01  2.930E+02  0.000E+00  4.179E+02 -2.730E+02
  4.177E+01  1.846E+01  2.930E+02  0.000E+00  4.179E+02 -2.730E+02
  4.187E+01  1.846E+01  2.930E+02  0.000E+00  4.179E+02 -2.730E+02
  4.197E+01  1.846E+01  2.930E+02  0.000E+00  4.179E+02 -2.730E+02
  4.207E+01  1.846E+01  2.930E+02  0.000E+00  4.179E+02 -2.730E+02
  4.217E+01  1.846E+01  2.930E+02  0.000E+00  4.179E+02 -2.730E+02
  4.227E+01  1.846E+01  2.930E+02  0.000E+00  4.179E+02 -2.730E+02
  4.237E+01  1.846E+01  2.930E+02  0.000E+00  4.179E+02 -2.730E+02
  4.247E+01  1.846E+01  2.930E+02  0.000E+00  4.179E+02 -2.730E+02
  4.257E+01  1.846E+01  2.930E+02  0.000E+00  4.179E+02 -2.730E+02
  4.267E+01  1.846E+01  2.930E+02  0.000E+00  4.179E+02 -2.730E+02
  4.277E+01  1.846E+01  2.930E+02  0.000E+00  4.179E+02 -2.730E+02
  4.287E+01  1.846E+01  2.930E+02  0.000E+00  4.179E+02 -2.730E+02
  4.297E+01  1.846E+01  2.930E+02  0.000E+00  4.179E+02 -2.730E+02
  4.307E+01  1.846E+01  2.930E+02  0.000E+00  4.179E+02 -2.730E+02
  4.317E+01  1.846E+01  2.930E+02  0.000E+00  4.179E+02 -2.730E+02
  4.327E+01  1.846E+01  2.930E+02  0.000E+00  4.179E+02 -2.730E+02
  4.337E+01  1.846E+01  2.930E+02  0.000E+00  4.179E+02 -2.730E+02
  4.347E+01  1.845E+01  2.930E+02  0.000E+00  4.179E+02 -2.730E+02
  4.357E+01  1.845E+01  2.930E+02  0.000E+00  4.179E+02 -2.730E+02
  4.367E+01  1.845E+01  2.930E+02  0.000E+00  4.179E+02 -2.730E+02
  4.377E+01  1.845E+01  2.930E+02  0.000E+00  4.179E+02 -2.730E+02
  4.387E+01  1.845E+01  2.930E+02  0.000E+00  4.179E+02 -2.730E+02
  4.397E+01  1.845E+01  2.930E+02  0.000E+00  4.179E+02 -2.730E+02
  4.407E+01  1.845E+01  2.930E+02  0.000E+00  4.179E+02 -2.730E+02
  4.417E+01  1.845E+01  2.930E+02  0.000E+00  4.179E+02 -2.730E+02
  4.427E+01  1.845E+01  2.930E+02  0.000E+00  4.179E+02 -2.730E+02
  4.437E+01  1.845E+01  2.930E+02  0.000E+00  4.179E+02 -2.730E+02
  4.447E+01  1.845E+01  2.930E+02  0.000E+00  4.179E+02 -2.730E+02
  4.457E+01  1.845E+01  2.930E+02  0.000E+00  4.179E+02 -2.730E+02
  4.467E+01  1.845E+01  2.930E+02  0.000E+00  4.179E+02 -2.730E+02
  4.477E+01  1.845E+01  2.930E+02  0.000E+00  4.179E+02 -2.730E+02
  4.487E+01  1.845E+01  2.930E+02  0.000E+00  4.179E+02 -2.730E+02
  4.497E+01  1.845E+01  2.930E+02  0.000E+00  4.179E+02 -2.730E+02
  4.507E+01  1.845E+01  2.930E+02  0.000E+00  4.179E+02 -2.730E+02
  4.517E+01  1.845E+01  2.930E+02  0.000E+00  4.179E+02 -2.730E+02
  4.527E+01  1.845E+01  2.930E+02  0.000E+00  4.179E+02 -2.730E+02
  4.537E+01  1.845E+01  2.930E+02  0.000E+00  4.179E+02 -2.730E+02
  4.547E+01  1.845E+01  2.930E+02  0.000E+00  4.179E+02 -2.730E+02
  4.557E+01  1.845E+01  2.930E+02  0.000E+00  4.179E+02 -2.730E+02
  4.567E+01  1.845E+01  2.930E+02  0.000E+00  4.179E+02 -2.730E+02
  4.577E+01  1.845E+01  2.930E+02  0.000E+00  4.179E+02 -2.730E+02
  4.587E+01  1.845E+01  2.930E+02  0.000E+00  4.179E+02 -2.730E+02
  4.597E+01  1.845E+01  2.930E+02  0.000E+00  4.179E+02 -2.730E+02
  4.607E+01  1.845E+01  2.930E+02  0.000E+00  4.179E+02 -2.730E+02
  4.617E+01  1.845E+01  2.930E+02  0.000E+00  4.179E+02 -2.730E+02
  4.627E+01  1.845E+01  2.930E+02  0.000E+00  4.179E+02 -2.730E+02
  4.637E+01  1.845E+01  2.930E+02  0.000E+00  4.179E+02 -2.730E+02
  4.647E+01  1.845E+01  2.930E+02  0.000E+00  4.179E+02 -2.730E+02
  4.657E+01  1.844E+01  2.930E+02  0.000E+00  4.179E+02 -2.730E+02
  4.667E+01  1.844E+01  2.930E+02  0.000E+00  4.179E+02 -2.730E+02
  4.677E+01  1.844E+01  2.930E+02  0.000E+00  4.179E+02 -2.730E+02
  4.687E+01  1.844E+01  2.930E+02  0.000E+00  4.179E+02 -2.730E+02
  4.697E+01  1.844E+01  2.930E+02  0.000E+00  4.179E+02 -2.730E+02
  4.707E+01  1.844E+01  2.930E+02  0.000E+00  4.179E+02 -2.730E+02
  4.717E+01  1.844E+01  2.930E+02  0.000E+00  4.179E+02 -2.730E+02
  4.727E+01  1.844E+01  2.930E+02  0.000E+00  4.179E+02 -2.730E+02
  4.737E+01  1.844E+01  2.930E+02  0.000E+00  4.179E+02 -2.730E+02
  4.747E+01  1.844E+01  2.930E+02  0.000E+00  4.179E+02 -2.730E+02
  4.757E+01  1.844E+01  2.930E+02  0.000E+00  4.179E+02 -2.730E+02
  4.767E+01  1.844E+01  2.930E+02  0.000E+00  4.179E+02 -2.730E+02
  4.777E+01  1.844E+01  2.930E+02  0.000E+00  4.179E+02 -2.730E+02
  4.787E+01  1.844E+01  2.930E+02  0.000E+00  4.179E+02 -2.730E+02
  4.797E+01  1.844E+01  2.930E+02  0.000E+00  4.179E+02 -2.730E+02
  4.807E+01  1.844E+01  2.930E+02  0.000E+00  4.179E+02 -2.730E+02
  4.817E+01  1.844E+01  2.930E+02  0.000E+00  4.179E+02 -2.730E+02
  4.827E+01  1.844E+01  2.930E+02  0.000E+00  4.179E+02 -2.730E+02
  4.837E+01  1.844E+01  2.930E+02  0.000E+00  4.179E+02 -2.730E+02
  4.847E+01  1.844E+01  2.930E+02  0.000E+00  4.179E+02 -2.730E+02
  4.857E+01  1.844E+01  2.930E+02  0.000E+00  4.179E+02 -2.730E+02
  4.867E+01  1.844E+01  2.930E+02  0.000E+00  4.179E+02 -2.730E+02
  4.877E+01  1.844E+01  2.930E+02  0.000E+00  4.179E+02 -2.730E+02
  4.887E+01  1.844E+01  2.930E+02  0.000E+00  4.179E+02 -2.730E+02
  4.897E+01  1.844E+01  2.930E+02  0.000E+00  4.179E+02 -2.730E+02
  4.907E+01  1.844E+01  2.930E+02  0.000E+00  4.179E+02 -2.730E+02
  4.917E+01  1.844E+01  2.930E+02  0.000E+00  4.179E+02 -2.730E+02
  4.927E+01  1.844E+01  2.930E+02  0.000E+00  4.179E+02 -2.730E+02
  4.937E+01  1.844E+01  2.930E+02  0.000E+00  4.179E+02 -2.730E+02
  4.947E+01  1.844E+01  2.930E+02  0.000E+00  4.179E+02 -2.730E+02
  4.957E+01  1.844E+01  2.930E+02  0.000E+00  4.179E+02 -2.730E+02
  4.967E+01  1.844E+01  2.930E+02  0.000E+00  4.179E+02 -2.730E+02
  4.977E+01  1.844E+01  2.930E+02  0.000E+00  4.179E+02 -2.730E+02
  4.987E+01  1.844E+01  2.930E+02  0.000E+00  4.179E+02 -2.730E+02
  4.997E+01  1.844E+01  2.930E+02  0.000E+00  4.179E+02 -2.730E+02
  5.007E+01  1.844E+01  2.930E+02  0.000E+00  4.179E+02 -2.730E+02
  5.017E+01  1.843E+01  2.930E+02  0.000E+00  4.179E+02 -2.730E+02
  5.027E+01  1.843E+01  2.930E+02  0.000E+00  4.179E+02 -2.730E+02
  5.037E+01  1.843E+01  2.930E+02  0.000E+00  4.179E+02 -2.730E+02
  5.047E+01  1.843E+01  2.930E+02  0.000E+00  4.179E+02 -2.730E+02
  5.057E+01  1.843E+01  2.930E+02  0.000E+00  4.179E+02 -2.730E+02
  5.067E+01  1.843E+01  2.930E+02  0.000E+00  4.179E+02 -2.730E+02
  5.077E+01  1.843E+01  2.930E+02  0.000E+00  4.179E+02 -2.730E+02
  5.087E+01  1.843E+01  2.930E+02  0.000E+00  4.179E+02 -2.730E+02
  5.097E+01  1.843E+01  2.930E+02  0.000E+00  4.179E+02 -2.730E+02
  5.107E+01  1.843E+01  2.930E+02  0.000E+00  4.179E+02 -2.730E+02
  5.117E+01  1.843E+01  2.930E+02  0.000E+00  4.179E+02 -2.730E+02
  5.127E+01  1.843E+01  2.930E+02  0.000E+00  4.179E+02 -2.730E+02
  5.137E+01  1.843E+01  2.930E+02  0.000E+00  4.179E+02 -2.730E+02
  5.147E+01  1.843E+01  2.930E+02  0.000E+00  4.179E+02 -2.730E+02
  5.157E+01  1.843E+01  2.930E+02  0.000E+00  4.179E+02 -2.730E+02
  5.167E+01  1.843E+01  2.930E+02  0.000E+00  4.179E+02 -2.730E+02
  5.177E+01  1.843E+01  2.930E+02  0.000E+00  4.179E+02 -2.730E+02
  5.187E+01  1.843E+01  2.930E+02  0.000E+00  4.179E+02 -2.730E+02
  5.197E+01  1.843E+01  2.930E+02  0.000E+00  4.179E+02 -2.730E+02
  5.207E+01  1.843E+01  2.930E+02  0.000E+00  4.179E+02 -2.730E+02
  5.217E+01  1.843E+01  2.930E+02  0.000E+00  4.179E+02 -2.730E+02
  5.227E+01  1.843E+01  2.930E+02  0.000E+00  4.179E+02 -2.730E+02
  5.237E+01  1.843E+01  2.930E+02  0.000E+00  4.179E+02 -2.730E+02
  5.247E+01  1.843E+01  2.930E+02  0.000E+00  4.179E+02 -2.730E+02
  5.257E+01  1.843E+01  2.930E+02  0.000E+00  4.179E+02 -2.730E+02
  5.267E+01  1.843E+01  2.930E+02  0.000E+00  4.179E+02 -2.730E+02
  5.277E+01  1.843E+01  2.930E+02  0.000E+00  4.179E+02 -2.730E+02
  5.287E+01  1.843E+01  2.930E+02  0.000E+00  4.179E+02 -2.730E+02
  5.297E+01  1.843E+01  2.930E+02  0.000E+00  4.179E+02 -2.730E+02
  5.307E+01  1.843E+01  2.930E+02  0.000E+00  4.179E+02 -2.730E+02
  5.317E+01  1.843E+01  2.930E+02  0.000E+00  4.179E+02 -2.730E+02
  5.327E+01  1.843E+01  2.930E+02  0.000E+00  4.179E+02 -2.730E+02
  5.337E+01  1.843E+01  2.930E+02  0.000E+00  4.179E+02 -2.730E+02
  5.347E+01  1.843E+01  2.930E+02  0.000E+00  4.179E+02 -2.730E+02
  5.357E+01  1.843E+01  2.930E+02  0.000E+00  4.179E+02 -2.730E+02
  5.367E+01  1.843E+01  2.930E+02  0.000E+00  4.179E+02 -2.730E+02
  5.377E+01  1.843E+01  2.930E+02  0.000E+00  4.179E+02 -2.730E+02
  5.387E+01  1.843E+01  2.930E+02  0.000E+00  4.179E+02 -2.730E+02
  5.397E+01  1.843E+01  2.930E+02  0.000E+00  4.179E+02 -2.730E+02
  5.407E+01  1.843E+01  2.930E+02  0.000E+00  4.179E+02 -2.730E+02
  5.417E+01  1.843E+01  2.930E+02  0.000E+00  4.179E+02 -2.730E+02
  5.427E+01  1.843E+01  2.930E+02  0.000E+00  4.179E+02 -2.730E+02
  5.437E+01  1.842E+01  2.930E+02  0.000E+00  4.179E+02 -2.730E+02
  5.447E+01  1.842E+01  2.930E+02  0.000E+00  4.179E+02 -2.730E+02
  5.457E+01  1.842E+01  2.930E+02  0.000E+00  4.179E+02 -2.730E+02
  5.467E+01  1.842E+01  2.930E+02  0.000E+00  4.179E+02 -2.730E+02
  5.477E+01  1.842E+01  2.930E+02  0.000E+00  4.179E+02 -2.730E+02
  5.487E+01  1.842E+01  2.930E+02  0.000E+00  4.179E+02 -2.730E+02
  5.497E+01  1.842E+01  2.930E+02  0.000E+00  4.179E+02 -2.730E+02
  5.507E+01  1.842E+01  2.930E+02  0.000E+00  4.179E+02 -2.730E+02
  5.517E+01  1.842E+01  2.930E+02  0.000E+00  4.179E+02 -2.730E+02
  5.527E+01  1.842E+01  2.930E+02  0.000E+00  4.179E+02 -2.730E+02
  5.537E+01  1.842E+01  2.930E+02  0.000E+00  4.179E+02 -2.730E+02
  5.547E+01  1.842E+01  2.930E+02  0.000E+00  4.179E+02 -2.730E+02
  5.557E+01  1.842E+01  2.930E+02  0.000E+00  4.179E+02 -2.730E+02
  5.567E+01  1.842E+01  2.930E+02  0.000E+00  4.179E+02 -2.730E+02
  5.577E+01  1.842E+01  2.930E+02  0.000E+00  4.179E+02 -2.730E+02
  5.587E+01  1.842E+01  2.930E+02  0.000E+00  4.179E+02 -2.730E+02
  5.597E+01  1.842E+01  2.930E+02  0.000E+00  4.179E+02 -2.730E+02
  5.607E+01  1.842E+01  2.930E+02  0.000E+00  4.179E+02 -2.730E+02
  5.617E+01  1.842E+01  2.930E+02  0.000E+00  4.179E+02 -2.730E+02
  5.627E+01  1.842E+01  2.930E+02  0.000E+00  4.179E+02 -2.730E+02
  5.637E+01  1.842E+01  2.930E+02  0.000E+00  4.179E+02 -2.730E+02
  5.647E+01  1.842E+01  2.930E+02  0.000E+00  4.179E+02 -2.730E+02
  5.657E+01  1.842E+01  2.930E+02  0.000E+00  4.179E+02 -2.730E+02
  5.667E+01  1.842E+01  2.930E+02  0.000E+00  4.179E+02 -2.730E+02
  5.677E+01  1.842E+01  2.930E+02  0.000E+00  4.179E+02 -2.730E+02
  5.687E+01  1.842E+01  2.930E+02  0.000E+00  4.179E+02 -2.730E+02
  5.697E+01  1.842E+01  2.930E+02  0.000E+00  4.179E+02 -2.730E+02
  5.707E+01  1.842E+01  2.930E+02  0.000E+00  4.179E+02 -2.730E+02
  5.717E+01  1.842E+01  2.930E+02  0.000E+00  4.179E+02 -2.730E+02
  5.727E+01  1.842E+01  2.930E+02  0.000E+00  4.179E+02 -2.730E+02
  5.737E+01  1.842E+01  2.930E+02  0.000E+00  4.179E+02 -2.730E+02
  5.747E+01  1.842E+01  2.930E+02  0.000E+00  4.179E+02 -2.730E+02
  5.757E+01  1.842E+01  2.930E+02  0.000E+00  4.179E+02 -2.730E+02
  5.767E+01  1.842E+01  2.930E+02  0.000E+00  4.179E+02 -2.730E+02
  5.777E+01  1.842E+01  2.930E+02  0.000E+00  4.179E+02 -2.730E+02
  5.787E+01  1.842E+01  2.930E+02  0.000E+00  4.179E+02 -2.730E+02
  5.797E+01  1.842E+01  2.930E+02  0.000E+00  4.179E+02 -2.730E+02
  5.807E+01  1.842E+01  2.930E+02  0.000E+00  4.179E+02 -2.730E+02
  5.817E+01  1.842E+01  2.930E+02  0.000E+00  4.179E+02 -2.730E+02
  5.827E+01  1.842E+01  2.930E+02  0.000E+00  4.179E+02 -2.730E+02
  5.837E+01  1.842E+01  2.930E+02  0.000E+00  4.179E+02 -2.730E+02
  5.847E+01  1.842E+01  2.930E+02  0.000E+00  4.179E+02 -2.730E+02
  5.857E+01  1.842E+01  2.930E+02  0.000E+00  4.179E+02 -2.730E+02
  5.867E+01  1.842E+01  2.930E+02  0.000E+00  4.179E+02 -2.730E+02
  5.877E+01  1.842E+01  2.930E+02  0.000E+00  4.179E+02 -2.730E+02
  5.887E+01  1.842E+01  2.930E+02  0.000E+00  4.179E+02 -2.730E+02
  5.897E+01  1.842E+01  2.930E+02  0.000E+00  4.179E+02 -2.730E+02
  5.907E+01  1.842E+01  2.930E+02  0.000E+00  4.179E+02 -2.730E+02
  5.917E+01  1.841E+01  2.930E+02  0.000E+00  4.179E+02 -2.730E+02
  5.927E+01  1.841E+01  2.930E+02  0.000E+00  4.179E+02 -2.730E+02
  5.937E+01  1.841E+01  2.930E+02  0.000E+00  4.179E+02 -2.730E+02
  5.947E+01  1.841E+01  2.930E+02  0.000E+00  4.179E+02 -2.730E+02
  5.957E+01  1.841E+01  2.930E+02  0.000E+00  4.179E+02 -2.730E+02
  5.967E+01  1.841E+01  2.930E+02  0.000E+00  4.179E+02 -2.730E+02
  5.977E+01  1.841E+01  2.930E+02  0.000E+00  4.179E+02 -2.730E+02
  5.987E+01  1.841E+01  2.930E+02  0.000E+00  4.179E+02 -2.730E+02
  5.997E+01  1.841E+01  2.930E+02  0.000E+00  4.179E+02 -2.730E+02
  6.007E+01  1.841E+01  2.930E+02  0.000E+00  4.179E+02 -2.730E+02
