 X( 16)=-7.8081E+01     Y( 17)=-8.4573E+01     Z( 14)= 4.8577E+01

       TIME  Velocity   Temperatur CH4        Max radiat Solid Temp
  1.000E-03  1.924E+01  2.930E+02  0.000E+00  4.179E+02 -2.730E+02
  2.100E-03  1.924E+01  2.930E+02  0.000E+00  4.179E+02 -2.730E+02
  3.165E-03  1.925E+01  2.930E+02  0.000E+00  4.179E+02 -2.730E+02
  4.327E-03  1.928E+01  2.930E+02  0.000E+00  4.179E+02 -2.730E+02
  5.605E-03  1.934E+01  2.930E+02  0.000E+00  4.179E+02 -2.730E+02
  7.011E-03  1.940E+01  2.930E+02  0.000E+00  4.179E+02 -2.730E+02
  8.557E-03  1.942E+01  2.930E+02  0.000E+00  4.179E+02 -2.730E+02
  1.026E-02  1.942E+01  2.930E+02  0.000E+00  4.179E+02 -2.730E+02
  1.213E-02  1.941E+01  2.930E+02  0.000E+00  4.179E+02 -2.730E+02
  1.419E-02  1.941E+01  2.930E+02  0.000E+00  4.179E+02 -2.730E+02
  1.645E-02  1.940E+01  2.930E+02  0.000E+00  4.179E+02 -2.730E+02
  1.894E-02  1.940E+01  2.930E+02  0.000E+00  4.179E+02 -2.730E+02
  2.168E-02  1.940E+01  2.930E+02  0.000E+00  4.179E+02 -2.730E+02
  2.469E-02  1.940E+01  2.930E+02  0.000E+00  4.179E+02 -2.730E+02
  2.801E-02  1.941E+01  2.930E+02  0.000E+00  4.179E+02 -2.730E+02
  3.165E-02  1.941E+01  2.930E+02  0.000E+00  4.179E+02 -2.730E+02
  3.566E-02  1.941E+01  2.930E+02  0.000E+00  4.179E+02 -2.730E+02
  4.006E-02  1.942E+01  2.930E+02  0.000E+00  4.179E+02 -2.730E+02
  4.488E-02  1.942E+01  2.930E+02  0.000E+00  4.179E+02 -2.730E+02
  5.018E-02  1.942E+01  2.930E+02  0.000E+00  4.179E+02 -2.730E+02
  5.600E-02  1.942E+01  2.930E+02  0.000E+00  4.179E+02 -2.730E+02
  6.242E-02  1.942E+01  2.930E+02  0.000E+00  4.179E+02 -2.730E+02
  6.947E-02  1.942E+01  2.930E+02  0.000E+00  4.179E+02 -2.730E+02
  7.723E-02  1.942E+01  2.930E+02  0.000E+00  4.179E+02 -2.730E+02
  8.576E-02  1.942E+01  2.930E+02  0.000E+00  4.179E+02 -2.730E+02
  9.515E-02  1.942E+01  2.930E+02  0.000E+00  4.179E+02 -2.730E+02
  1.055E-01  1.942E+01  2.930E+02  0.000E+00  4.179E+02 -2.730E+02
  1.168E-01  1.943E+01  2.930E+02  0.000E+00  4.179E+02 -2.730E+02
  1.293E-01  1.943E+01  2.930E+02  0.000E+00  4.179E+02 -2.730E+02
  1.431E-01  1.943E+01  2.930E+02  0.000E+00  4.179E+02 -2.730E+02
  1.582E-01  1.944E+01  2.930E+02  0.000E+00  4.179E+02 -2.730E+02
  1.748E-01  1.944E+01  2.930E+02  0.000E+00  4.179E+02 -2.730E+02
  1.931E-01  1.944E+01  2.930E+02  0.000E+00  4.179E+02 -2.730E+02
  2.132E-01  1.945E+01  2.930E+02  0.000E+00  4.179E+02 -2.730E+02
  2.354E-01  1.945E+01  2.930E+02  0.000E+00  4.179E+02 -2.730E+02
  2.597E-01  1.945E+01  2.930E+02  0.000E+00  4.179E+02 -2.730E+02
  2.865E-01  1.945E+01  2.930E+02  0.000E+00  4.179E+02 -2.730E+02
  3.160E-01  1.946E+01  2.930E+02  0.000E+00  4.179E+02 -2.730E+02
  3.484E-01  1.946E+01  2.930E+02  0.000E+00  4.179E+02 -2.730E+02
  3.840E-01  1.946E+01  2.930E+02  0.000E+00  4.179E+02 -2.730E+02
  4.232E-01  1.947E+01  2.930E+02  0.000E+00  4.179E+02 -2.730E+02
  4.663E-01  1.947E+01  2.930E+02  0.000E+00  4.179E+02 -2.730E+02
  5.138E-01  1.948E+01  2.930E+02  0.000E+00  4.179E+02 -2.730E+02
  5.660E-01  1.948E+01  2.930E+02  0.000E+00  4.179E+02 -2.730E+02
  6.229E-01  1.949E+01  2.930E+02  0.000E+00  4.179E+02 -2.730E+02
  6.854E-01  1.949E+01  2.930E+02  0.000E+00  4.179E+02 -2.730E+02
  7.540E-01  1.950E+01  2.930E+02  0.000E+00  4.179E+02 -2.730E+02
  8.294E-01  1.951E+01  2.930E+02  0.000E+00  4.179E+02 -2.730E+02
  9.124E-01  1.951E+01  2.930E+02  0.000E+00  4.179E+02 -2.730E+02
  1.004E+00  1.952E+01  2.930E+02  0.000E+00  4.179E+02 -2.730E+02
  1.104E+00  1.953E+01  2.930E+02  0.000E+00  4.179E+02 -2.730E+02
  1.204E+00  1.953E+01  2.930E+02  0.000E+00  4.179E+02 -2.730E+02
  1.304E+00  1.954E+01  2.930E+02  0.000E+00  4.179E+02 -2.730E+02
  1.404E+00  1.955E+01  2.930E+02  0.000E+00  4.179E+02 -2.730E+02
  1.504E+00  1.955E+01  2.930E+02  0.000E+00  4.179E+02 -2.730E+02
  1.604E+00  1.956E+01  2.930E+02  0.000E+00  4.179E+02 -2.730E+02
  1.704E+00  1.957E+01  2.930E+02  0.000E+00  4.179E+02 -2.730E+02
  1.804E+00  1.957E+01  2.930E+02  0.000E+00  4.179E+02 -2.730E+02
  1.904E+00  1.958E+01  2.930E+02  0.000E+00  4.179E+02 -2.730E+02
  2.004E+00  1.959E+01  2.930E+02  0.000E+00  4.179E+02 -2.730E+02
  2.104E+00  1.959E+01  2.930E+02  0.000E+00  4.179E+02 -2.730E+02
  2.204E+00  1.960E+01  2.930E+02  0.000E+00  4.179E+02 -2.730E+02
  2.304E+00  1.960E+01  2.930E+02  0.000E+00  4.179E+02 -2.730E+02
  2.404E+00  1.961E+01  2.930E+02  0.000E+00  4.179E+02 -2.730E+02
  2.504E+00  1.961E+01  2.930E+02  0.000E+00  4.179E+02 -2.730E+02
  2.604E+00  1.962E+01  2.930E+02  0.000E+00  4.179E+02 -2.730E+02
  2.704E+00  1.963E+01  2.930E+02  0.000E+00  4.179E+02 -2.730E+02
  2.804E+00  1.963E+01  2.930E+02  0.000E+00  4.179E+02 -2.730E+02
  2.904E+00  1.964E+01  2.930E+02  0.000E+00  4.179E+02 -2.730E+02
  3.004E+00  1.964E+01  2.930E+02  0.000E+00  4.179E+02 -2.730E+02
  3.104E+00  1.965E+01  2.930E+02  0.000E+00  4.179E+02 -2.730E+02
  3.204E+00  1.965E+01  2.930E+02  0.000E+00  4.179E+02 -2.730E+02
  3.304E+00  1.966E+01  2.930E+02  0.000E+00  4.179E+02 -2.730E+02
  3.404E+00  1.966E+01  2.930E+02  0.000E+00  4.179E+02 -2.730E+02
  3.504E+00  1.967E+01  2.930E+02  0.000E+00  4.179E+02 -2.730E+02
  3.604E+00  1.967E+01  2.930E+02  0.000E+00  4.179E+02 -2.730E+02
  3.704E+00  1.968E+01  2.930E+02  0.000E+00  4.179E+02 -2.730E+02
  3.804E+00  1.968E+01  2.930E+02  0.000E+00  4.179E+02 -2.730E+02
  3.904E+00  1.968E+01  2.930E+02  0.000E+00  4.179E+02 -2.730E+02
  4.004E+00  1.969E+01  2.930E+02  0.000E+00  4.179E+02 -2.730E+02
  4.104E+00  1.969E+01  2.930E+02  0.000E+00  4.179E+02 -2.730E+02
  4.204E+00  1.970E+01  2.930E+02  0.000E+00  4.179E+02 -2.730E+02
  4.304E+00  1.970E+01  2.930E+02  0.000E+00  4.179E+02 -2.730E+02
  4.404E+00  1.971E+01  2.930E+02  0.000E+00  4.179E+02 -2.730E+02
  4.504E+00  1.971E+01  2.930E+02  0.000E+00  4.179E+02 -2.730E+02
  4.604E+00  1.972E+01  2.930E+02  0.000E+00  4.179E+02 -2.730E+02
  4.704E+00  1.972E+01  2.930E+02  0.000E+00  4.179E+02 -2.730E+02
  4.804E+00  1.972E+01  2.930E+02  0.000E+00  4.179E+02 -2.730E+02
  4.904E+00  1.973E+01  2.930E+02  0.000E+00  4.179E+02 -2.730E+02
  5.004E+00  1.973E+01  2.930E+02  0.000E+00  4.179E+02 -2.730E+02
  5.104E+00  1.973E+01  2.930E+02  0.000E+00  4.179E+02 -2.730E+02
  5.204E+00  1.974E+01  2.930E+02  0.000E+00  4.179E+02 -2.730E+02
  5.304E+00  1.974E+01  2.930E+02  0.000E+00  4.179E+02 -2.730E+02
  5.404E+00  1.975E+01  2.930E+02  0.000E+00  4.179E+02 -2.730E+02
  5.504E+00  1.975E+01  2.930E+02  0.000E+00  4.179E+02 -2.730E+02
  5.604E+00  1.975E+01  2.930E+02  0.000E+00  4.179E+02 -2.730E+02
  5.704E+00  1.976E+01  2.930E+02  0.000E+00  4.179E+02 -2.730E+02
  5.804E+00  1.976E+01  2.930E+02  0.000E+00  4.179E+02 -2.730E+02
  5.904E+00  1.976E+01  2.930E+02  0.000E+00  4.179E+02 -2.730E+02
  6.004E+00  1.977E+01  2.930E+02  0.000E+00  4.179E+02 -2.730E+02
  6.104E+00  1.977E+01  2.930E+02  0.000E+00  4.179E+02 -2.730E+02
  6.204E+00  1.977E+01  2.930E+02  0.000E+00  4.179E+02 -2.730E+02
  6.304E+00  1.978E+01  2.930E+02  0.000E+00  4.179E+02 -2.730E+02
  6.404E+00  1.978E+01  2.930E+02  0.000E+00  4.179E+02 -2.730E+02
  6.504E+00  1.978E+01  2.930E+02  0.000E+00  4.179E+02 -2.730E+02
  6.604E+00  1.979E+01  2.930E+02  0.000E+00  4.179E+02 -2.730E+02
  6.704E+00  1.979E+01  2.930E+02  0.000E+00  4.179E+02 -2.730E+02
  6.804E+00  1.979E+01  2.930E+02  0.000E+00  4.179E+02 -2.730E+02
  6.904E+00  1.980E+01  2.930E+02  0.000E+00  4.179E+02 -2.730E+02
  7.004E+00  1.980E+01  2.930E+02  0.000E+00  4.179E+02 -2.730E+02
  7.104E+00  1.980E+01  2.930E+02  0.000E+00  4.179E+02 -2.730E+02
  7.204E+00  1.980E+01  2.930E+02  0.000E+00  4.179E+02 -2.730E+02
  7.304E+00  1.981E+01  2.930E+02  0.000E+00  4.179E+02 -2.730E+02
  7.404E+00  1.981E+01  2.930E+02  0.000E+00  4.179E+02 -2.730E+02
  7.504E+00  1.981E+01  2.930E+02  0.000E+00  4.179E+02 -2.730E+02
  7.604E+00  1.981E+01  2.930E+02  0.000E+00  4.179E+02 -2.730E+02
  7.704E+00  1.982E+01  2.930E+02  0.000E+00  4.179E+02 -2.730E+02
  7.804E+00  1.982E+01  2.930E+02  0.000E+00  4.179E+02 -2.730E+02
  7.904E+00  1.982E+01  2.930E+02  0.000E+00  4.179E+02 -2.730E+02
  8.004E+00  1.982E+01  2.930E+02  0.000E+00  4.179E+02 -2.730E+02
  8.104E+00  1.983E+01  2.930E+02  0.000E+00  4.179E+02 -2.730E+02
  8.204E+00  1.983E+01  2.930E+02  0.000E+00  4.179E+02 -2.730E+02
  8.304E+00  1.983E+01  2.930E+02  0.000E+00  4.179E+02 -2.730E+02
  8.404E+00  1.983E+01  2.930E+02  0.000E+00  4.179E+02 -2.730E+02
  8.504E+00  1.983E+01  2.930E+02  0.000E+00  4.179E+02 -2.730E+02
  8.604E+00  1.984E+01  2.930E+02  0.000E+00  4.179E+02 -2.730E+02
  8.704E+00  1.984E+01  2.930E+02  0.000E+00  4.179E+02 -2.730E+02
  8.804E+00  1.984E+01  2.930E+02  0.000E+00  4.179E+02 -2.730E+02
  8.904E+00  1.984E+01  2.930E+02  0.000E+00  4.179E+02 -2.730E+02
  9.004E+00  1.984E+01  2.930E+02  0.000E+00  4.179E+02 -2.730E+02
  9.104E+00  1.985E+01  2.930E+02  0.000E+00  4.179E+02 -2.730E+02
  9.204E+00  1.985E+01  2.930E+02  0.000E+00  4.179E+02 -2.730E+02
  9.304E+00  1.985E+01  2.930E+02  0.000E+00  4.179E+02 -2.730E+02
  9.404E+00  1.985E+01  2.930E+02  0.000E+00  4.179E+02 -2.730E+02
  9.504E+00  1.985E+01  2.930E+02  0.000E+00  4.179E+02 -2.730E+02
  9.604E+00  1.986E+01  2.930E+02  0.000E+00  4.179E+02 -2.730E+02
  9.704E+00  1.986E+01  2.930E+02  0.000E+00  4.179E+02 -2.730E+02
  9.804E+00  1.986E+01  2.930E+02  0.000E+00  4.179E+02 -2.730E+02
  9.904E+00  1.986E+01  2.930E+02  0.000E+00  4.179E+02 -2.730E+02
  1.000E+01  1.986E+01  2.930E+02  0.000E+00  4.179E+02 -2.730E+02
  1.010E+01  1.986E+01  2.930E+02  0.000E+00  4.179E+02 -2.730E+02
  1.020E+01  1.987E+01  2.930E+02  0.000E+00  4.179E+02 -2.730E+02
  1.030E+01  1.987E+01  2.930E+02  0.000E+00  4.179E+02 -2.730E+02
  1.040E+01  1.987E+01  2.930E+02  0.000E+00  4.179E+02 -2.730E+02
  1.050E+01  1.987E+01  2.930E+02  0.000E+00  4.179E+02 -2.730E+02
  1.060E+01  1.987E+01  2.930E+02  0.000E+00  4.179E+02 -2.730E+02
  1.070E+01  1.987E+01  2.930E+02  0.000E+00  4.179E+02 -2.730E+02
  1.080E+01  1.987E+01  2.930E+02  0.000E+00  4.179E+02 -2.730E+02
  1.090E+01  1.988E+01  2.930E+02  0.000E+00  4.179E+02 -2.730E+02
  1.100E+01  1.988E+01  2.930E+02  0.000E+00  4.179E+02 -2.730E+02
  1.110E+01  1.988E+01  2.930E+02  0.000E+00  4.179E+02 -2.730E+02
  1.120E+01  1.988E+01  2.930E+02  0.000E+00  4.179E+02 -2.730E+02
  1.130E+01  1.988E+01  2.930E+02  0.000E+00  4.179E+02 -2.730E+02
  1.140E+01  1.988E+01  2.930E+02  0.000E+00  4.179E+02 -2.730E+02
  1.150E+01  1.988E+01  2.930E+02  0.000E+00  4.179E+02 -2.730E+02
  1.160E+01  1.988E+01  2.930E+02  0.000E+00  4.179E+02 -2.730E+02
  1.170E+01  1.988E+01  2.930E+02  0.000E+00  4.179E+02 -2.730E+02
  1.180E+01  1.989E+01  2.930E+02  0.000E+00  4.179E+02 -2.730E+02
  1.190E+01  1.989E+01  2.930E+02  0.000E+00  4.179E+02 -2.730E+02
  1.200E+01  1.989E+01  2.930E+02  0.000E+00  4.179E+02 -2.730E+02
  1.210E+01  1.989E+01  2.930E+02  0.000E+00  4.179E+02 -2.730E+02
  1.220E+01  1.989E+01  2.930E+02  0.000E+00  4.179E+02 -2.730E+02
  1.230E+01  1.989E+01  2.930E+02  0.000E+00  4.179E+02 -2.730E+02
  1.240E+01  1.989E+01  2.930E+02  0.000E+00  4.179E+02 -2.730E+02
  1.250E+01  1.989E+01  2.930E+02  0.000E+00  4.179E+02 -2.730E+02
  1.260E+01  1.989E+01  2.930E+02  0.000E+00  4.179E+02 -2.730E+02
  1.270E+01  1.990E+01  2.930E+02  0.000E+00  4.179E+02 -2.730E+02
  1.280E+01  1.990E+01  2.930E+02  0.000E+00  4.179E+02 -2.730E+02
  1.290E+01  1.990E+01  2.930E+02  0.000E+00  4.179E+02 -2.730E+02
  1.300E+01  1.990E+01  2.930E+02  0.000E+00  4.179E+02 -2.730E+02
  1.310E+01  1.990E+01  2.930E+02  0.000E+00  4.179E+02 -2.730E+02
  1.320E+01  1.990E+01  2.930E+02  0.000E+00  4.179E+02 -2.730E+02
  1.330E+01  1.990E+01  2.930E+02  0.000E+00  4.179E+02 -2.730E+02
  1.340E+01  1.990E+01  2.930E+02  0.000E+00  4.179E+02 -2.730E+02
  1.350E+01  1.990E+01  2.930E+02  0.000E+00  4.179E+02 -2.730E+02
  1.360E+01  1.990E+01  2.930E+02  0.000E+00  4.179E+02 -2.730E+02
  1.370E+01  1.990E+01  2.930E+02  0.000E+00  4.179E+02 -2.730E+02
  1.380E+01  1.991E+01  2.930E+02  0.000E+00  4.179E+02 -2.730E+02
  1.390E+01  1.991E+01  2.930E+02  0.000E+00  4.179E+02 -2.730E+02
  1.400E+01  1.991E+01  2.930E+02  0.000E+00  4.179E+02 -2.730E+02
  1.410E+01  1.991E+01  2.930E+02  0.000E+00  4.179E+02 -2.730E+02
  1.420E+01  1.991E+01  2.930E+02  0.000E+00  4.179E+02 -2.730E+02
  1.430E+01  1.991E+01  2.930E+02  0.000E+00  4.179E+02 -2.730E+02
  1.440E+01  1.991E+01  2.930E+02  0.000E+00  4.179E+02 -2.730E+02
  1.450E+01  1.991E+01  2.930E+02  0.000E+00  4.179E+02 -2.730E+02
  1.460E+01  1.991E+01  2.930E+02  0.000E+00  4.179E+02 -2.730E+02
  1.470E+01  1.991E+01  2.930E+02  0.000E+00  4.179E+02 -2.730E+02
  1.480E+01  1.991E+01  2.930E+02  0.000E+00  4.179E+02 -2.730E+02
  1.490E+01  1.991E+01  2.930E+02  0.000E+00  4.179E+02 -2.730E+02
  1.500E+01  1.991E+01  2.930E+02  0.000E+00  4.179E+02 -2.730E+02
  1.510E+01  1.992E+01  2.930E+02  0.000E+00  4.179E+02 -2.730E+02
  1.520E+01  1.992E+01  2.930E+02  0.000E+00  4.179E+02 -2.730E+02
  1.530E+01  1.992E+01  2.930E+02  0.000E+00  4.179E+02 -2.730E+02
  1.540E+01  1.992E+01  2.930E+02  0.000E+00  4.179E+02 -2.730E+02
  1.550E+01  1.992E+01  2.930E+02  0.000E+00  4.179E+02 -2.730E+02
  1.560E+01  1.992E+01  2.930E+02  0.000E+00  4.179E+02 -2.730E+02
  1.570E+01  1.992E+01  2.930E+02  0.000E+00  4.179E+02 -2.730E+02
  1.580E+01  1.992E+01  2.930E+02  0.000E+00  4.179E+02 -2.730E+02
  1.590E+01  1.992E+01  2.930E+02  0.000E+00  4.179E+02 -2.730E+02
  1.600E+01  1.992E+01  2.930E+02  0.000E+00  4.179E+02 -2.730E+02
  1.610E+01  1.992E+01  2.930E+02  0.000E+00  4.179E+02 -2.730E+02
  1.620E+01  1.992E+01  2.930E+02  0.000E+00  4.179E+02 -2.730E+02
  1.630E+01  1.992E+01  2.930E+02  0.000E+00  4.179E+02 -2.730E+02
  1.640E+01  1.992E+01  2.930E+02  0.000E+00  4.179E+02 -2.730E+02
  1.650E+01  1.993E+01  2.930E+02  0.000E+00  4.179E+02 -2.730E+02
  1.660E+01  1.993E+01  2.930E+02  0.000E+00  4.179E+02 -2.730E+02
  1.670E+01  1.993E+01  2.930E+02  0.000E+00  4.179E+02 -2.730E+02
  1.680E+01  1.993E+01  2.930E+02  0.000E+00  4.179E+02 -2.730E+02
  1.690E+01  1.993E+01  2.930E+02  0.000E+00  4.179E+02 -2.730E+02
  1.700E+01  1.993E+01  2.930E+02  0.000E+00  4.179E+02 -2.730E+02
  1.710E+01  1.993E+01  2.930E+02  0.000E+00  4.179E+02 -2.730E+02
  1.720E+01  1.993E+01  2.930E+02  0.000E+00  4.179E+02 -2.730E+02
  1.730E+01  1.993E+01  2.930E+02  0.000E+00  4.179E+02 -2.730E+02
  1.740E+01  1.993E+01  2.930E+02  0.000E+00  4.179E+02 -2.730E+02
  1.750E+01  1.993E+01  2.930E+02  0.000E+00  4.179E+02 -2.730E+02
  1.760E+01  1.993E+01  2.930E+02  0.000E+00  4.179E+02 -2.730E+02
  1.770E+01  1.993E+01  2.930E+02  0.000E+00  4.179E+02 -2.730E+02
  1.780E+01  1.993E+01  2.930E+02  0.000E+00  4.179E+02 -2.730E+02
  1.790E+01  1.993E+01  2.930E+02  0.000E+00  4.179E+02 -2.730E+02
  1.800E+01  1.993E+01  2.930E+02  0.000E+00  4.179E+02 -2.730E+02
  1.810E+01  1.993E+01  2.930E+02  0.000E+00  4.179E+02 -2.730E+02
  1.820E+01  1.994E+01  2.930E+02  0.000E+00  4.179E+02 -2.730E+02
  1.830E+01  1.994E+01  2.930E+02  0.000E+00  4.179E+02 -2.730E+02
  1.840E+01  1.994E+01  2.930E+02  0.000E+00  4.179E+02 -2.730E+02
  1.850E+01  1.994E+01  2.930E+02  0.000E+00  4.179E+02 -2.730E+02
  1.860E+01  1.994E+01  2.930E+02  0.000E+00  4.179E+02 -2.730E+02
  1.870E+01  1.994E+01  2.930E+02  0.000E+00  4.179E+02 -2.730E+02
  1.880E+01  1.994E+01  2.930E+02  0.000E+00  4.179E+02 -2.730E+02
  1.890E+01  1.994E+01  2.930E+02  0.000E+00  4.179E+02 -2.730E+02
  1.900E+01  1.994E+01  2.930E+02  0.000E+00  4.179E+02 -2.730E+02
  1.910E+01  1.994E+01  2.930E+02  0.000E+00  4.179E+02 -2.730E+02
  1.920E+01  1.994E+01  2.930E+02  0.000E+00  4.179E+02 -2.730E+02
  1.930E+01  1.994E+01  2.930E+02  0.000E+00  4.179E+02 -2.730E+02
  1.940E+01  1.994E+01  2.930E+02  0.000E+00  4.179E+02 -2.730E+02
  1.950E+01  1.994E+01  2.930E+02  0.000E+00  4.179E+02 -2.730E+02
  1.960E+01  1.994E+01  2.930E+02  0.000E+00  4.179E+02 -2.730E+02
  1.970E+01  1.994E+01  2.930E+02  0.000E+00  4.179E+02 -2.730E+02
  1.980E+01  1.994E+01  2.930E+02  0.000E+00  4.179E+02 -2.730E+02
  1.990E+01  1.994E+01  2.930E+02  0.000E+00  4.179E+02 -2.730E+02
  2.000E+01  1.995E+01  2.930E+02  0.000E+00  4.179E+02 -2.730E+02
  2.010E+01  1.995E+01  2.930E+02  0.000E+00  4.179E+02 -2.730E+02
  2.020E+01  1.995E+01  2.930E+02  0.000E+00  4.179E+02 -2.730E+02
  2.030E+01  1.995E+01  2.930E+02  0.000E+00  4.179E+02 -2.730E+02
  2.040E+01  1.995E+01  2.930E+02  0.000E+00  4.179E+02 -2.730E+02
  2.050E+01  1.995E+01  2.930E+02  0.000E+00  4.179E+02 -2.730E+02
  2.060E+01  1.995E+01  2.930E+02  0.000E+00  4.179E+02 -2.730E+02
  2.070E+01  1.995E+01  2.930E+02  0.000E+00  4.179E+02 -2.730E+02
  2.080E+01  1.995E+01  2.930E+02  0.000E+00  4.179E+02 -2.730E+02
  2.090E+01  1.995E+01  2.930E+02  0.000E+00  4.179E+02 -2.730E+02
  2.100E+01  1.995E+01  2.930E+02  0.000E+00  4.179E+02 -2.730E+02
  2.110E+01  1.995E+01  2.930E+02  0.000E+00  4.179E+02 -2.730E+02
  2.120E+01  1.995E+01  2.930E+02  0.000E+00  4.179E+02 -2.730E+02
  2.130E+01  1.995E+01  2.930E+02  0.000E+00  4.179E+02 -2.730E+02
  2.140E+01  1.995E+01  2.930E+02  0.000E+00  4.179E+02 -2.730E+02
  2.150E+01  1.995E+01  2.930E+02  0.000E+00  4.179E+02 -2.730E+02
  2.160E+01  1.995E+01  2.930E+02  0.000E+00  4.179E+02 -2.730E+02
  2.170E+01  1.995E+01  2.930E+02  0.000E+00  4.179E+02 -2.730E+02
  2.180E+01  1.995E+01  2.930E+02  0.000E+00  4.179E+02 -2.730E+02
  2.190E+01  1.995E+01  2.930E+02  0.000E+00  4.179E+02 -2.730E+02
  2.200E+01  1.995E+01  2.930E+02  0.000E+00  4.179E+02 -2.730E+02
  2.210E+01  1.995E+01  2.930E+02  0.000E+00  4.179E+02 -2.730E+02
  2.220E+01  1.995E+01  2.930E+02  0.000E+00  4.179E+02 -2.730E+02
  2.230E+01  1.996E+01  2.930E+02  0.000E+00  4.179E+02 -2.730E+02
  2.240E+01  1.996E+01  2.930E+02  0.000E+00  4.179E+02 -2.730E+02
  2.250E+01  1.996E+01  2.930E+02  0.000E+00  4.179E+02 -2.730E+02
  2.260E+01  1.996E+01  2.930E+02  0.000E+00  4.179E+02 -2.730E+02
  2.270E+01  1.996E+01  2.930E+02  0.000E+00  4.179E+02 -2.730E+02
  2.280E+01  1.996E+01  2.930E+02  0.000E+00  4.179E+02 -2.730E+02
  2.290E+01  1.996E+01  2.930E+02  0.000E+00  4.179E+02 -2.730E+02
  2.300E+01  1.996E+01  2.930E+02  0.000E+00  4.179E+02 -2.730E+02
  2.310E+01  1.996E+01  2.930E+02  0.000E+00  4.179E+02 -2.730E+02
  2.320E+01  1.996E+01  2.930E+02  0.000E+00  4.179E+02 -2.730E+02
  2.330E+01  1.996E+01  2.930E+02  0.000E+00  4.179E+02 -2.730E+02
  2.340E+01  1.996E+01  2.930E+02  0.000E+00  4.179E+02 -2.730E+02
  2.350E+01  1.996E+01  2.930E+02  0.000E+00  4.179E+02 -2.730E+02
  2.360E+01  1.996E+01  2.930E+02  0.000E+00  4.179E+02 -2.730E+02
  2.370E+01  1.996E+01  2.930E+02  0.000E+00  4.179E+02 -2.730E+02
  2.380E+01  1.996E+01  2.930E+02  0.000E+00  4.179E+02 -2.730E+02
  2.390E+01  1.996E+01  2.930E+02  0.000E+00  4.179E+02 -2.730E+02
  2.400E+01  1.996E+01  2.930E+02  0.000E+00  4.179E+02 -2.730E+02
  2.410E+01  1.996E+01  2.930E+02  0.000E+00  4.179E+02 -2.730E+02
  2.420E+01  1.996E+01  2.930E+02  0.000E+00  4.179E+02 -2.730E+02
  2.430E+01  1.996E+01  2.930E+02  0.000E+00  4.179E+02 -2.730E+02
  2.440E+01  1.996E+01  2.930E+02  0.000E+00  4.179E+02 -2.730E+02
  2.450E+01  1.996E+01  2.930E+02  0.000E+00  4.179E+02 -2.730E+02
  2.460E+01  1.996E+01  2.930E+02  0.000E+00  4.179E+02 -2.730E+02
  2.470E+01  1.996E+01  2.930E+02  0.000E+00  4.179E+02 -2.730E+02
  2.480E+01  1.996E+01  2.930E+02  0.000E+00  4.179E+02 -2.730E+02
  2.490E+01  1.996E+01  2.930E+02  0.000E+00  4.179E+02 -2.730E+02
  2.500E+01  1.996E+01  2.930E+02  0.000E+00  4.179E+02 -2.730E+02
  2.510E+01  1.996E+01  2.930E+02  0.000E+00  4.179E+02 -2.730E+02
  2.520E+01  1.996E+01  2.930E+02  0.000E+00  4.179E+02 -2.730E+02
  2.530E+01  1.996E+01  2.930E+02  0.000E+00  4.179E+02 -2.730E+02
  2.540E+01  1.996E+01  2.930E+02  0.000E+00  4.179E+02 -2.730E+02
  2.550E+01  1.996E+01  2.930E+02  0.000E+00  4.179E+02 -2.730E+02
  2.560E+01  1.996E+01  2.930E+02  0.000E+00  4.179E+02 -2.730E+02
  2.570E+01  1.996E+01  2.930E+02  0.000E+00  4.179E+02 -2.730E+02
  2.580E+01  1.996E+01  2.930E+02  0.000E+00  4.179E+02 -2.730E+02
  2.590E+01  1.996E+01  2.930E+02  0.000E+00  4.179E+02 -2.730E+02
  2.600E+01  1.996E+01  2.930E+02  0.000E+00  4.179E+02 -2.730E+02
  2.610E+01  1.996E+01  2.930E+02  0.000E+00  4.179E+02 -2.730E+02
  2.620E+01  1.996E+01  2.930E+02  0.000E+00  4.179E+02 -2.730E+02
  2.630E+01  1.996E+01  2.930E+02  0.000E+00  4.179E+02 -2.730E+02
  2.640E+01  1.996E+01  2.930E+02  0.000E+00  4.179E+02 -2.730E+02
  2.650E+01  1.996E+01  2.930E+02  0.000E+00  4.179E+02 -2.730E+02
  2.660E+01  1.996E+01  2.930E+02  0.000E+00  4.179E+02 -2.730E+02
  2.670E+01  1.996E+01  2.930E+02  0.000E+00  4.179E+02 -2.730E+02
  2.680E+01  1.996E+01  2.930E+02  0.000E+00  4.179E+02 -2.730E+02
  2.690E+01  1.996E+01  2.930E+02  0.000E+00  4.179E+02 -2.730E+02
  2.700E+01  1.996E+01  2.930E+02  0.000E+00  4.179E+02 -2.730E+02
  2.710E+01  1.996E+01  2.930E+02  0.000E+00  4.179E+02 -2.730E+02
  2.720E+01  1.996E+01  2.930E+02  0.000E+00  4.179E+02 -2.730E+02
  2.730E+01  1.996E+01  2.930E+02  0.000E+00  4.179E+02 -2.730E+02
  2.740E+01  1.996E+01  2.930E+02  0.000E+00  4.179E+02 -2.730E+02
  2.750E+01  1.996E+01  2.930E+02  0.000E+00  4.179E+02 -2.730E+02
  2.760E+01  1.996E+01  2.930E+02  0.000E+00  4.179E+02 -2.730E+02
  2.770E+01  1.996E+01  2.930E+02  0.000E+00  4.179E+02 -2.730E+02
  2.780E+01  1.996E+01  2.930E+02  0.000E+00  4.179E+02 -2.730E+02
  2.790E+01  1.996E+01  2.930E+02  0.000E+00  4.179E+02 -2.730E+02
  2.800E+01  1.996E+01  2.930E+02  0.000E+00  4.179E+02 -2.730E+02
  2.810E+01  1.996E+01  2.930E+02  0.000E+00  4.179E+02 -2.730E+02
  2.820E+01  1.996E+01  2.930E+02  0.000E+00  4.179E+02 -2.730E+02
  2.830E+01  1.996E+01  2.930E+02  0.000E+00  4.179E+02 -2.730E+02
  2.840E+01  1.996E+01  2.930E+02  0.000E+00  4.179E+02 -2.730E+02
  2.850E+01  1.996E+01  2.930E+02  0.000E+00  4.179E+02 -2.730E+02
  2.860E+01  1.996E+01  2.930E+02  0.000E+00  4.179E+02 -2.730E+02
  2.870E+01  1.996E+01  2.930E+02  0.000E+00  4.179E+02 -2.730E+02
  2.880E+01  1.996E+01  2.930E+02  0.000E+00  4.179E+02 -2.730E+02
  2.890E+01  1.996E+01  2.930E+02  0.000E+00  4.179E+02 -2.730E+02
  2.900E+01  1.996E+01  2.930E+02  0.000E+00  4.179E+02 -2.730E+02
  2.910E+01  1.996E+01  2.930E+02  0.000E+00  4.179E+02 -2.730E+02
  2.920E+01  1.996E+01  2.930E+02  0.000E+00  4.179E+02 -2.730E+02
  2.930E+01  1.996E+01  2.930E+02  0.000E+00  4.179E+02 -2.730E+02
  2.940E+01  1.996E+01  2.930E+02  0.000E+00  4.179E+02 -2.730E+02
  2.950E+01  1.996E+01  2.930E+02  0.000E+00  4.179E+02 -2.730E+02
  2.960E+01  1.996E+01  2.930E+02  0.000E+00  4.179E+02 -2.730E+02
  2.970E+01  1.996E+01  2.930E+02  0.000E+00  4.179E+02 -2.730E+02
  2.980E+01  1.996E+01  2.930E+02  0.000E+00  4.179E+02 -2.730E+02
  2.990E+01  1.996E+01  2.930E+02  0.000E+00  4.179E+02 -2.730E+02
  3.000E+01  1.996E+01  2.930E+02  0.000E+00  4.179E+02 -2.730E+02
  3.010E+01  1.996E+01  2.930E+02  0.000E+00  4.179E+02 -2.730E+02
  3.020E+01  1.996E+01  2.930E+02  0.000E+00  4.179E+02 -2.730E+02
  3.030E+01  1.996E+01  2.930E+02  0.000E+00  4.179E+02 -2.730E+02
  3.040E+01  1.996E+01  2.930E+02  0.000E+00  4.179E+02 -2.730E+02
  3.050E+01  1.996E+01  2.930E+02  0.000E+00  4.179E+02 -2.730E+02
  3.060E+01  1.996E+01  2.930E+02  0.000E+00  4.179E+02 -2.730E+02
  3.070E+01  1.996E+01  2.930E+02  0.000E+00  4.179E+02 -2.730E+02
  3.080E+01  1.996E+01  2.930E+02  0.000E+00  4.179E+02 -2.730E+02
  3.090E+01  1.996E+01  2.930E+02  0.000E+00  4.179E+02 -2.730E+02
  3.100E+01  1.996E+01  2.930E+02  0.000E+00  4.179E+02 -2.730E+02
  3.110E+01  1.996E+01  2.930E+02  0.000E+00  4.179E+02 -2.730E+02
  3.120E+01  1.996E+01  2.930E+02  0.000E+00  4.179E+02 -2.730E+02
  3.130E+01  1.996E+01  2.930E+02  0.000E+00  4.179E+02 -2.730E+02
  3.140E+01  1.996E+01  2.930E+02  0.000E+00  4.179E+02 -2.730E+02
  3.150E+01  1.996E+01  2.930E+02  0.000E+00  4.179E+02 -2.730E+02
  3.160E+01  1.996E+01  2.930E+02  0.000E+00  4.179E+02 -2.730E+02
  3.170E+01  1.996E+01  2.930E+02  0.000E+00  4.179E+02 -2.730E+02
  3.180E+01  1.996E+01  2.930E+02  0.000E+00  4.179E+02 -2.730E+02
  3.190E+01  1.996E+01  2.930E+02  0.000E+00  4.179E+02 -2.730E+02
  3.200E+01  1.996E+01  2.930E+02  0.000E+00  4.179E+02 -2.730E+02
  3.210E+01  1.996E+01  2.930E+02  0.000E+00  4.179E+02 -2.730E+02
  3.220E+01  1.996E+01  2.930E+02  0.000E+00  4.179E+02 -2.730E+02
  3.230E+01  1.996E+01  2.930E+02  0.000E+00  4.179E+02 -2.730E+02
  3.240E+01  1.996E+01  2.930E+02  0.000E+00  4.179E+02 -2.730E+02
  3.250E+01  1.996E+01  2.930E+02  0.000E+00  4.179E+02 -2.730E+02
  3.260E+01  1.996E+01  2.930E+02  0.000E+00  4.179E+02 -2.730E+02
  3.270E+01  1.996E+01  2.930E+02  0.000E+00  4.179E+02 -2.730E+02
  3.280E+01  1.996E+01  2.930E+02  0.000E+00  4.179E+02 -2.730E+02
  3.290E+01  1.996E+01  2.930E+02  0.000E+00  4.179E+02 -2.730E+02
  3.300E+01  1.996E+01  2.930E+02  0.000E+00  4.179E+02 -2.730E+02
  3.310E+01  1.996E+01  2.930E+02  0.000E+00  4.179E+02 -2.730E+02
  3.320E+01  1.996E+01  2.930E+02  0.000E+00  4.179E+02 -2.730E+02
  3.330E+01  1.996E+01  2.930E+02  0.000E+00  4.179E+02 -2.730E+02
  3.340E+01  1.996E+01  2.930E+02  0.000E+00  4.179E+02 -2.730E+02
  3.350E+01  1.996E+01  2.930E+02  0.000E+00  4.179E+02 -2.730E+02
  3.360E+01  1.996E+01  2.930E+02  0.000E+00  4.179E+02 -2.730E+02
  3.370E+01  1.996E+01  2.930E+02  0.000E+00  4.179E+02 -2.730E+02
  3.380E+01  1.996E+01  2.930E+02  0.000E+00  4.179E+02 -2.730E+02
  3.390E+01  1.996E+01  2.930E+02  0.000E+00  4.179E+02 -2.730E+02
  3.400E+01  1.996E+01  2.930E+02  0.000E+00  4.179E+02 -2.730E+02
  3.410E+01  1.996E+01  2.930E+02  0.000E+00  4.179E+02 -2.730E+02
  3.420E+01  1.996E+01  2.930E+02  0.000E+00  4.179E+02 -2.730E+02
  3.430E+01  1.995E+01  2.930E+02  0.000E+00  4.179E+02 -2.730E+02
  3.440E+01  1.995E+01  2.930E+02  0.000E+00  4.179E+02 -2.730E+02
  3.450E+01  1.995E+01  2.930E+02  0.000E+00  4.179E+02 -2.730E+02
  3.460E+01  1.995E+01  2.930E+02  0.000E+00  4.179E+02 -2.730E+02
  3.470E+01  1.995E+01  2.930E+02  0.000E+00  4.179E+02 -2.730E+02
  3.480E+01  1.995E+01  2.930E+02  0.000E+00  4.179E+02 -2.730E+02
  3.490E+01  1.995E+01  2.930E+02  0.000E+00  4.179E+02 -2.730E+02
  3.500E+01  1.995E+01  2.930E+02  0.000E+00  4.179E+02 -2.730E+02
  3.510E+01  1.995E+01  2.930E+02  0.000E+00  4.179E+02 -2.730E+02
  3.520E+01  1.995E+01  2.930E+02  0.000E+00  4.179E+02 -2.730E+02
  3.530E+01  1.995E+01  2.930E+02  0.000E+00  4.179E+02 -2.730E+02
  3.540E+01  1.995E+01  2.930E+02  0.000E+00  4.179E+02 -2.730E+02
  3.550E+01  1.995E+01  2.930E+02  0.000E+00  4.179E+02 -2.730E+02
  3.560E+01  1.995E+01  2.930E+02  0.000E+00  4.179E+02 -2.730E+02
  3.570E+01  1.995E+01  2.930E+02  0.000E+00  4.179E+02 -2.730E+02
  3.580E+01  1.995E+01  2.930E+02  0.000E+00  4.179E+02 -2.730E+02
  3.590E+01  1.995E+01  2.930E+02  0.000E+00  4.179E+02 -2.730E+02
  3.600E+01  1.995E+01  2.930E+02  0.000E+00  4.179E+02 -2.730E+02
  3.610E+01  1.995E+01  2.930E+02  0.000E+00  4.179E+02 -2.730E+02
  3.620E+01  1.995E+01  2.930E+02  0.000E+00  4.179E+02 -2.730E+02
  3.630E+01  1.995E+01  2.930E+02  0.000E+00  4.179E+02 -2.730E+02
  3.640E+01  1.995E+01  2.930E+02  0.000E+00  4.179E+02 -2.730E+02
  3.650E+01  1.995E+01  2.930E+02  0.000E+00  4.179E+02 -2.730E+02
  3.660E+01  1.995E+01  2.930E+02  0.000E+00  4.179E+02 -2.730E+02
  3.670E+01  1.995E+01  2.930E+02  0.000E+00  4.179E+02 -2.730E+02
  3.680E+01  1.995E+01  2.930E+02  0.000E+00  4.179E+02 -2.730E+02
  3.690E+01  1.995E+01  2.930E+02  0.000E+00  4.179E+02 -2.730E+02
  3.700E+01  1.995E+01  2.930E+02  0.000E+00  4.179E+02 -2.730E+02
  3.710E+01  1.995E+01  2.930E+02  0.000E+00  4.179E+02 -2.730E+02
  3.720E+01  1.995E+01  2.930E+02  0.000E+00  4.179E+02 -2.730E+02
  3.730E+01  1.995E+01  2.930E+02  0.000E+00  4.179E+02 -2.730E+02
  3.740E+01  1.995E+01  2.930E+02  0.000E+00  4.179E+02 -2.730E+02
  3.750E+01  1.995E+01  2.930E+02  0.000E+00  4.179E+02 -2.730E+02
  3.760E+01  1.995E+01  2.930E+02  0.000E+00  4.179E+02 -2.730E+02
  3.770E+01  1.995E+01  2.930E+02  0.000E+00  4.179E+02 -2.730E+02
  3.780E+01  1.995E+01  2.930E+02  0.000E+00  4.179E+02 -2.730E+02
  3.790E+01  1.995E+01  2.930E+02  0.000E+00  4.179E+02 -2.730E+02
  3.800E+01  1.995E+01  2.930E+02  0.000E+00  4.179E+02 -2.730E+02
  3.810E+01  1.995E+01  2.930E+02  0.000E+00  4.179E+02 -2.730E+02
  3.820E+01  1.995E+01  2.930E+02  0.000E+00  4.179E+02 -2.730E+02
  3.830E+01  1.995E+01  2.930E+02  0.000E+00  4.179E+02 -2.730E+02
  3.840E+01  1.995E+01  2.930E+02  0.000E+00  4.179E+02 -2.730E+02
  3.850E+01  1.995E+01  2.930E+02  0.000E+00  4.179E+02 -2.730E+02
  3.860E+01  1.995E+01  2.930E+02  0.000E+00  4.179E+02 -2.730E+02
  3.870E+01  1.995E+01  2.930E+02  0.000E+00  4.179E+02 -2.730E+02
  3.880E+01  1.995E+01  2.930E+02  0.000E+00  4.179E+02 -2.730E+02
  3.890E+01  1.995E+01  2.930E+02  0.000E+00  4.179E+02 -2.730E+02
  3.900E+01  1.995E+01  2.930E+02  0.000E+00  4.179E+02 -2.730E+02
  3.910E+01  1.994E+01  2.930E+02  0.000E+00  4.179E+02 -2.730E+02
  3.920E+01  1.994E+01  2.930E+02  0.000E+00  4.179E+02 -2.730E+02
  3.930E+01  1.994E+01  2.930E+02  0.000E+00  4.179E+02 -2.730E+02
  3.940E+01  1.994E+01  2.930E+02  0.000E+00  4.179E+02 -2.730E+02
  3.950E+01  1.994E+01  2.930E+02  0.000E+00  4.179E+02 -2.730E+02
  3.960E+01  1.994E+01  2.930E+02  0.000E+00  4.179E+02 -2.730E+02
  3.970E+01  1.994E+01  2.930E+02  0.000E+00  4.179E+02 -2.730E+02
  3.980E+01  1.994E+01  2.930E+02  0.000E+00  4.179E+02 -2.730E+02
  3.990E+01  1.994E+01  2.930E+02  0.000E+00  4.179E+02 -2.730E+02
  4.000E+01  1.994E+01  2.930E+02  0.000E+00  4.179E+02 -2.730E+02
  4.010E+01  1.994E+01  2.930E+02  0.000E+00  4.179E+02 -2.730E+02
  4.020E+01  1.994E+01  2.930E+02  0.000E+00  4.179E+02 -2.730E+02
  4.030E+01  1.994E+01  2.930E+02  0.000E+00  4.179E+02 -2.730E+02
  4.040E+01  1.994E+01  2.930E+02  0.000E+00  4.179E+02 -2.730E+02
  4.050E+01  1.994E+01  2.930E+02  0.000E+00  4.179E+02 -2.730E+02
  4.060E+01  1.994E+01  2.930E+02  0.000E+00  4.179E+02 -2.730E+02
  4.070E+01  1.994E+01  2.930E+02  0.000E+00  4.179E+02 -2.730E+02
  4.080E+01  1.994E+01  2.930E+02  0.000E+00  4.179E+02 -2.730E+02
  4.090E+01  1.994E+01  2.930E+02  0.000E+00  4.179E+02 -2.730E+02
  4.100E+01  1.994E+01  2.930E+02  0.000E+00  4.179E+02 -2.730E+02
  4.110E+01  1.994E+01  2.930E+02  0.000E+00  4.179E+02 -2.730E+02
  4.120E+01  1.994E+01  2.930E+02  0.000E+00  4.179E+02 -2.730E+02
  4.130E+01  1.994E+01  2.930E+02  0.000E+00  4.179E+02 -2.730E+02
  4.140E+01  1.994E+01  2.930E+02  0.000E+00  4.179E+02 -2.730E+02
  4.150E+01  1.994E+01  2.930E+02  0.000E+00  4.179E+02 -2.730E+02
  4.160E+01  1.994E+01  2.930E+02  0.000E+00  4.179E+02 -2.730E+02
  4.170E+01  1.994E+01  2.930E+02  0.000E+00  4.179E+02 -2.730E+02
  4.180E+01  1.994E+01  2.930E+02  0.000E+00  4.179E+02 -2.730E+02
  4.190E+01  1.994E+01  2.930E+02  0.000E+00  4.179E+02 -2.730E+02
  4.200E+01  1.994E+01  2.930E+02  0.000E+00  4.179E+02 -2.730E+02
  4.210E+01  1.994E+01  2.930E+02  0.000E+00  4.179E+02 -2.730E+02
  4.220E+01  1.994E+01  2.930E+02  0.000E+00  4.179E+02 -2.730E+02
  4.230E+01  1.994E+01  2.930E+02  0.000E+00  4.179E+02 -2.730E+02
  4.240E+01  1.994E+01  2.930E+02  0.000E+00  4.179E+02 -2.730E+02
  4.250E+01  1.994E+01  2.930E+02  0.000E+00  4.179E+02 -2.730E+02
  4.260E+01  1.994E+01  2.930E+02  0.000E+00  4.179E+02 -2.730E+02
  4.270E+01  1.994E+01  2.930E+02  0.000E+00  4.179E+02 -2.730E+02
  4.280E+01  1.994E+01  2.930E+02  0.000E+00  4.179E+02 -2.730E+02
  4.290E+01  1.994E+01  2.930E+02  0.000E+00  4.179E+02 -2.730E+02
  4.300E+01  1.994E+01  2.930E+02  0.000E+00  4.179E+02 -2.730E+02
  4.310E+01  1.993E+01  2.930E+02  0.000E+00  4.179E+02 -2.730E+02
  4.320E+01  1.993E+01  2.930E+02  0.000E+00  4.179E+02 -2.730E+02
  4.330E+01  1.993E+01  2.930E+02  0.000E+00  4.179E+02 -2.730E+02
  4.340E+01  1.993E+01  2.930E+02  0.000E+00  4.179E+02 -2.730E+02
  4.350E+01  1.993E+01  2.930E+02  0.000E+00  4.179E+02 -2.730E+02
  4.360E+01  1.993E+01  2.930E+02  0.000E+00  4.179E+02 -2.730E+02
  4.370E+01  1.993E+01  2.930E+02  0.000E+00  4.179E+02 -2.730E+02
  4.380E+01  1.993E+01  2.930E+02  0.000E+00  4.179E+02 -2.730E+02
  4.390E+01  1.993E+01  2.930E+02  0.000E+00  4.179E+02 -2.730E+02
  4.400E+01  1.993E+01  2.930E+02  0.000E+00  4.179E+02 -2.730E+02
  4.410E+01  1.993E+01  2.930E+02  0.000E+00  4.179E+02 -2.730E+02
  4.420E+01  1.993E+01  2.930E+02  0.000E+00  4.179E+02 -2.730E+02
  4.430E+01  1.993E+01  2.930E+02  0.000E+00  4.179E+02 -2.730E+02
  4.440E+01  1.993E+01  2.930E+02  0.000E+00  4.179E+02 -2.730E+02
  4.450E+01  1.993E+01  2.930E+02  0.000E+00  4.179E+02 -2.730E+02
  4.460E+01  1.993E+01  2.930E+02  0.000E+00  4.179E+02 -2.730E+02
  4.470E+01  1.993E+01  2.930E+02  0.000E+00  4.179E+02 -2.730E+02
  4.480E+01  1.993E+01  2.930E+02  0.000E+00  4.179E+02 -2.730E+02
  4.490E+01  1.993E+01  2.930E+02  0.000E+00  4.179E+02 -2.730E+02
  4.500E+01  1.993E+01  2.930E+02  0.000E+00  4.179E+02 -2.730E+02
  4.510E+01  1.993E+01  2.930E+02  0.000E+00  4.179E+02 -2.730E+02
  4.520E+01  1.993E+01  2.930E+02  0.000E+00  4.179E+02 -2.730E+02
  4.530E+01  1.993E+01  2.930E+02  0.000E+00  4.179E+02 -2.730E+02
  4.540E+01  1.993E+01  2.930E+02  0.000E+00  4.179E+02 -2.730E+02
  4.550E+01  1.993E+01  2.930E+02  0.000E+00  4.179E+02 -2.730E+02
  4.560E+01  1.993E+01  2.930E+02  0.000E+00  4.179E+02 -2.730E+02
  4.570E+01  1.993E+01  2.930E+02  0.000E+00  4.179E+02 -2.730E+02
  4.580E+01  1.993E+01  2.930E+02  0.000E+00  4.179E+02 -2.730E+02
  4.590E+01  1.993E+01  2.930E+02  0.000E+00  4.179E+02 -2.730E+02
  4.600E+01  1.993E+01  2.930E+02  0.000E+00  4.179E+02 -2.730E+02
  4.610E+01  1.993E+01  2.930E+02  0.000E+00  4.179E+02 -2.730E+02
  4.620E+01  1.993E+01  2.930E+02  0.000E+00  4.179E+02 -2.730E+02
  4.630E+01  1.993E+01  2.930E+02  0.000E+00  4.179E+02 -2.730E+02
  4.640E+01  1.993E+01  2.930E+02  0.000E+00  4.179E+02 -2.730E+02
  4.650E+01  1.993E+01  2.930E+02  0.000E+00  4.179E+02 -2.730E+02
  4.660E+01  1.992E+01  2.930E+02  0.000E+00  4.179E+02 -2.730E+02
  4.670E+01  1.992E+01  2.930E+02  0.000E+00  4.179E+02 -2.730E+02
  4.680E+01  1.992E+01  2.930E+02  0.000E+00  4.179E+02 -2.730E+02
  4.690E+01  1.992E+01  2.930E+02  0.000E+00  4.179E+02 -2.730E+02
  4.700E+01  1.992E+01  2.930E+02  0.000E+00  4.179E+02 -2.730E+02
  4.710E+01  1.992E+01  2.930E+02  0.000E+00  4.179E+02 -2.730E+02
  4.720E+01  1.992E+01  2.930E+02  0.000E+00  4.179E+02 -2.730E+02
  4.730E+01  1.992E+01  2.930E+02  0.000E+00  4.179E+02 -2.730E+02
  4.740E+01  1.992E+01  2.930E+02  0.000E+00  4.179E+02 -2.730E+02
  4.750E+01  1.992E+01  2.930E+02  0.000E+00  4.179E+02 -2.730E+02
  4.760E+01  1.992E+01  2.930E+02  0.000E+00  4.179E+02 -2.730E+02
  4.770E+01  1.992E+01  2.930E+02  0.000E+00  4.179E+02 -2.730E+02
  4.780E+01  1.992E+01  2.930E+02  0.000E+00  4.179E+02 -2.730E+02
  4.790E+01  1.992E+01  2.930E+02  0.000E+00  4.179E+02 -2.730E+02
  4.800E+01  1.992E+01  2.930E+02  0.000E+00  4.179E+02 -2.730E+02
  4.810E+01  1.992E+01  2.930E+02  0.000E+00  4.179E+02 -2.730E+02
  4.820E+01  1.992E+01  2.930E+02  0.000E+00  4.179E+02 -2.730E+02
  4.830E+01  1.992E+01  2.930E+02  0.000E+00  4.179E+02 -2.730E+02
  4.840E+01  1.992E+01  2.930E+02  0.000E+00  4.179E+02 -2.730E+02
  4.850E+01  1.992E+01  2.930E+02  0.000E+00  4.179E+02 -2.730E+02
  4.860E+01  1.992E+01  2.930E+02  0.000E+00  4.179E+02 -2.730E+02
  4.870E+01  1.992E+01  2.930E+02  0.000E+00  4.179E+02 -2.730E+02
  4.880E+01  1.992E+01  2.930E+02  0.000E+00  4.179E+02 -2.730E+02
  4.890E+01  1.992E+01  2.930E+02  0.000E+00  4.179E+02 -2.730E+02
  4.900E+01  1.992E+01  2.930E+02  0.000E+00  4.179E+02 -2.730E+02
  4.910E+01  1.992E+01  2.930E+02  0.000E+00  4.179E+02 -2.730E+02
  4.920E+01  1.992E+01  2.930E+02  0.000E+00  4.179E+02 -2.730E+02
  4.930E+01  1.992E+01  2.930E+02  0.000E+00  4.179E+02 -2.730E+02
  4.940E+01  1.992E+01  2.930E+02  0.000E+00  4.179E+02 -2.730E+02
  4.950E+01  1.992E+01  2.930E+02  0.000E+00  4.179E+02 -2.730E+02
  4.960E+01  1.992E+01  2.930E+02  0.000E+00  4.179E+02 -2.730E+02
  4.970E+01  1.992E+01  2.930E+02  0.000E+00  4.179E+02 -2.730E+02
  4.980E+01  1.992E+01  2.930E+02  0.000E+00  4.179E+02 -2.730E+02
  4.990E+01  1.992E+01  2.930E+02  0.000E+00  4.179E+02 -2.730E+02
  5.000E+01  1.992E+01  2.930E+02  0.000E+00  4.179E+02 -2.730E+02
  5.010E+01  1.991E+01  2.930E+02  0.000E+00  4.179E+02 -2.730E+02
  5.020E+01  1.991E+01  2.930E+02  0.000E+00  4.179E+02 -2.730E+02
  5.030E+01  1.991E+01  2.930E+02  0.000E+00  4.179E+02 -2.730E+02
  5.040E+01  1.991E+01  2.930E+02  0.000E+00  4.179E+02 -2.730E+02
  5.050E+01  1.991E+01  2.930E+02  0.000E+00  4.179E+02 -2.730E+02
  5.060E+01  1.991E+01  2.930E+02  0.000E+00  4.179E+02 -2.730E+02
  5.070E+01  1.991E+01  2.930E+02  0.000E+00  4.179E+02 -2.730E+02
  5.080E+01  1.991E+01  2.930E+02  0.000E+00  4.179E+02 -2.730E+02
  5.090E+01  1.991E+01  2.930E+02  0.000E+00  4.179E+02 -2.730E+02
  5.100E+01  1.991E+01  2.930E+02  0.000E+00  4.179E+02 -2.730E+02
  5.110E+01  1.991E+01  2.930E+02  0.000E+00  4.179E+02 -2.730E+02
  5.120E+01  1.991E+01  2.930E+02  0.000E+00  4.179E+02 -2.730E+02
  5.130E+01  1.991E+01  2.930E+02  0.000E+00  4.179E+02 -2.730E+02
  5.140E+01  1.991E+01  2.930E+02  0.000E+00  4.179E+02 -2.730E+02
  5.150E+01  1.991E+01  2.930E+02  0.000E+00  4.179E+02 -2.730E+02
  5.160E+01  1.991E+01  2.930E+02  0.000E+00  4.179E+02 -2.730E+02
  5.170E+01  1.991E+01  2.930E+02  0.000E+00  4.179E+02 -2.730E+02
  5.180E+01  1.991E+01  2.930E+02  0.000E+00  4.179E+02 -2.730E+02
  5.190E+01  1.991E+01  2.930E+02  0.000E+00  4.179E+02 -2.730E+02
  5.200E+01  1.991E+01  2.930E+02  0.000E+00  4.179E+02 -2.730E+02
  5.210E+01  1.991E+01  2.930E+02  0.000E+00  4.179E+02 -2.730E+02
  5.220E+01  1.991E+01  2.930E+02  0.000E+00  4.179E+02 -2.730E+02
  5.230E+01  1.991E+01  2.930E+02  0.000E+00  4.179E+02 -2.730E+02
  5.240E+01  1.991E+01  2.930E+02  0.000E+00  4.179E+02 -2.730E+02
  5.250E+01  1.991E+01  2.930E+02  0.000E+00  4.179E+02 -2.730E+02
  5.260E+01  1.991E+01  2.930E+02  0.000E+00  4.179E+02 -2.730E+02
  5.270E+01  1.991E+01  2.930E+02  0.000E+00  4.179E+02 -2.730E+02
  5.280E+01  1.991E+01  2.930E+02  0.000E+00  4.179E+02 -2.730E+02
  5.290E+01  1.991E+01  2.930E+02  0.000E+00  4.179E+02 -2.730E+02
  5.300E+01  1.991E+01  2.930E+02  0.000E+00  4.179E+02 -2.730E+02
  5.310E+01  1.991E+01  2.930E+02  0.000E+00  4.179E+02 -2.730E+02
  5.320E+01  1.991E+01  2.930E+02  0.000E+00  4.179E+02 -2.730E+02
  5.330E+01  1.991E+01  2.930E+02  0.000E+00  4.179E+02 -2.730E+02
  5.340E+01  1.991E+01  2.930E+02  0.000E+00  4.179E+02 -2.730E+02
  5.350E+01  1.991E+01  2.930E+02  0.000E+00  4.179E+02 -2.730E+02
  5.360E+01  1.990E+01  2.930E+02  0.000E+00  4.179E+02 -2.730E+02
  5.370E+01  1.990E+01  2.930E+02  0.000E+00  4.179E+02 -2.730E+02
  5.380E+01  1.990E+01  2.930E+02  0.000E+00  4.179E+02 -2.730E+02
  5.390E+01  1.990E+01  2.930E+02  0.000E+00  4.179E+02 -2.730E+02
  5.400E+01  1.990E+01  2.930E+02  0.000E+00  4.179E+02 -2.730E+02
  5.410E+01  1.990E+01  2.930E+02  0.000E+00  4.179E+02 -2.730E+02
  5.420E+01  1.990E+01  2.930E+02  0.000E+00  4.179E+02 -2.730E+02
  5.430E+01  1.990E+01  2.930E+02  0.000E+00  4.179E+02 -2.730E+02
  5.440E+01  1.990E+01  2.930E+02  0.000E+00  4.179E+02 -2.730E+02
  5.450E+01  1.990E+01  2.930E+02  0.000E+00  4.179E+02 -2.730E+02
  5.460E+01  1.990E+01  2.930E+02  0.000E+00  4.179E+02 -2.730E+02
  5.470E+01  1.990E+01  2.930E+02  0.000E+00  4.179E+02 -2.730E+02
  5.480E+01  1.990E+01  2.930E+02  0.000E+00  4.179E+02 -2.730E+02
  5.490E+01  1.990E+01  2.930E+02  0.000E+00  4.179E+02 -2.730E+02
  5.500E+01  1.990E+01  2.930E+02  0.000E+00  4.179E+02 -2.730E+02
  5.510E+01  1.990E+01  2.930E+02  0.000E+00  4.179E+02 -2.730E+02
  5.520E+01  1.990E+01  2.930E+02  0.000E+00  4.179E+02 -2.730E+02
  5.530E+01  1.990E+01  2.930E+02  0.000E+00  4.179E+02 -2.730E+02
  5.540E+01  1.990E+01  2.930E+02  0.000E+00  4.179E+02 -2.730E+02
  5.550E+01  1.990E+01  2.930E+02  0.000E+00  4.179E+02 -2.730E+02
  5.560E+01  1.990E+01  2.930E+02  0.000E+00  4.179E+02 -2.730E+02
  5.570E+01  1.990E+01  2.930E+02  0.000E+00  4.179E+02 -2.730E+02
  5.580E+01  1.990E+01  2.930E+02  0.000E+00  4.179E+02 -2.730E+02
  5.590E+01  1.990E+01  2.930E+02  0.000E+00  4.179E+02 -2.730E+02
  5.600E+01  1.990E+01  2.930E+02  0.000E+00  4.179E+02 -2.730E+02
  5.610E+01  1.990E+01  2.930E+02  0.000E+00  4.179E+02 -2.730E+02
  5.620E+01  1.990E+01  2.930E+02  0.000E+00  4.179E+02 -2.730E+02
  5.630E+01  1.990E+01  2.930E+02  0.000E+00  4.179E+02 -2.730E+02
  5.640E+01  1.990E+01  2.930E+02  0.000E+00  4.179E+02 -2.730E+02
  5.650E+01  1.990E+01  2.930E+02  0.000E+00  4.179E+02 -2.730E+02
  5.660E+01  1.990E+01  2.930E+02  0.000E+00  4.179E+02 -2.730E+02
  5.670E+01  1.990E+01  2.930E+02  0.000E+00  4.179E+02 -2.730E+02
  5.680E+01  1.990E+01  2.930E+02  0.000E+00  4.179E+02 -2.730E+02
  5.690E+01  1.990E+01  2.930E+02  0.000E+00  4.179E+02 -2.730E+02
  5.700E+01  1.990E+01  2.930E+02  0.000E+00  4.179E+02 -2.730E+02
  5.710E+01  1.989E+01  2.930E+02  0.000E+00  4.179E+02 -2.730E+02
  5.720E+01  1.989E+01  2.930E+02  0.000E+00  4.179E+02 -2.730E+02
  5.730E+01  1.989E+01  2.930E+02  0.000E+00  4.179E+02 -2.730E+02
  5.740E+01  1.989E+01  2.930E+02  0.000E+00  4.179E+02 -2.730E+02
  5.750E+01  1.989E+01  2.930E+02  0.000E+00  4.179E+02 -2.730E+02
  5.760E+01  1.989E+01  2.930E+02  0.000E+00  4.179E+02 -2.730E+02
  5.770E+01  1.989E+01  2.930E+02  0.000E+00  4.179E+02 -2.730E+02
  5.780E+01  1.989E+01  2.930E+02  0.000E+00  4.179E+02 -2.730E+02
  5.790E+01  1.989E+01  2.930E+02  0.000E+00  4.179E+02 -2.730E+02
  5.800E+01  1.989E+01  2.930E+02  0.000E+00  4.179E+02 -2.730E+02
  5.810E+01  1.989E+01  2.930E+02  0.000E+00  4.179E+02 -2.730E+02
  5.820E+01  1.989E+01  2.930E+02  0.000E+00  4.179E+02 -2.730E+02
  5.830E+01  1.989E+01  2.930E+02  0.000E+00  4.179E+02 -2.730E+02
  5.840E+01  1.989E+01  2.930E+02  0.000E+00  4.179E+02 -2.730E+02
  5.850E+01  1.989E+01  2.930E+02  0.000E+00  4.179E+02 -2.730E+02
  5.860E+01  1.989E+01  2.930E+02  0.000E+00  4.179E+02 -2.730E+02
  5.870E+01  1.989E+01  2.930E+02  0.000E+00  4.179E+02 -2.730E+02
  5.880E+01  1.989E+01  2.930E+02  0.000E+00  4.179E+02 -2.730E+02
  5.890E+01  1.989E+01  2.930E+02  0.000E+00  4.179E+02 -2.730E+02
  5.900E+01  1.989E+01  2.930E+02  0.000E+00  4.179E+02 -2.730E+02
  5.910E+01  1.989E+01  2.930E+02  0.000E+00  4.179E+02 -2.730E+02
  5.920E+01  1.989E+01  2.930E+02  0.000E+00  4.179E+02 -2.730E+02
  5.930E+01  1.989E+01  2.930E+02  0.000E+00  4.179E+02 -2.730E+02
  5.940E+01  1.989E+01  2.930E+02  0.000E+00  4.179E+02 -2.730E+02
  5.950E+01  1.989E+01  2.930E+02  0.000E+00  4.179E+02 -2.730E+02
  5.960E+01  1.989E+01  2.930E+02  0.000E+00  4.179E+02 -2.730E+02
  5.970E+01  1.989E+01  2.930E+02  0.000E+00  4.179E+02 -2.730E+02
  5.980E+01  1.989E+01  2.930E+02  0.000E+00  4.179E+02 -2.730E+02
  5.990E+01  1.989E+01  2.930E+02  0.000E+00  4.179E+02 -2.730E+02
  6.000E+01  1.989E+01  2.930E+02  0.000E+00  4.179E+02 -2.730E+02
