 X( 21)=-4.6481E+01     Y(  9)=-1.9679E+02     Z( 14)= 4.8577E+01

       TIME  Velocity   Temperatur CH4        Max radiat Solid Temp
  1.000E-03  1.924E+01  2.930E+02  0.000E+00  4.179E+02 -2.730E+02
  2.100E-03  1.924E+01  2.930E+02  0.000E+00  4.179E+02 -2.730E+02
  3.100E-03  1.924E+01  2.930E+02  0.000E+00  4.179E+02 -2.730E+02
  4.171E-03  1.924E+01  2.930E+02  0.000E+00  4.179E+02 -2.730E+02
  5.349E-03  1.925E+01  2.930E+02  0.000E+00  4.179E+02 -2.730E+02
  6.645E-03  1.925E+01  2.930E+02  0.000E+00  4.179E+02 -2.730E+02
  8.070E-03  1.924E+01  2.930E+02  0.000E+00  4.179E+02 -2.730E+02
  9.638E-03  1.923E+01  2.930E+02  0.000E+00  4.179E+02 -2.730E+02
  1.136E-02  1.923E+01  2.930E+02  0.000E+00  4.179E+02 -2.730E+02
  1.326E-02  1.923E+01  2.930E+02  0.000E+00  4.179E+02 -2.730E+02
  1.535E-02  1.923E+01  2.930E+02  0.000E+00  4.179E+02 -2.730E+02
  1.764E-02  1.924E+01  2.930E+02  0.000E+00  4.179E+02 -2.730E+02
  2.017E-02  1.924E+01  2.930E+02  0.000E+00  4.179E+02 -2.730E+02
  2.294E-02  1.924E+01  2.930E+02  0.000E+00  4.179E+02 -2.730E+02
  2.600E-02  1.924E+01  2.930E+02  0.000E+00  4.179E+02 -2.730E+02
  2.936E-02  1.924E+01  2.930E+02  0.000E+00  4.179E+02 -2.730E+02
  3.306E-02  1.924E+01  2.930E+02  0.000E+00  4.179E+02 -2.730E+02
  3.712E-02  1.924E+01  2.930E+02  0.000E+00  4.179E+02 -2.730E+02
  4.160E-02  1.923E+01  2.930E+02  0.000E+00  4.179E+02 -2.730E+02
  4.652E-02  1.923E+01  2.930E+02  0.000E+00  4.179E+02 -2.730E+02
  5.193E-02  1.923E+01  2.930E+02  0.000E+00  4.179E+02 -2.730E+02
  5.788E-02  1.923E+01  2.930E+02  0.000E+00  4.179E+02 -2.730E+02
  6.443E-02  1.923E+01  2.930E+02  0.000E+00  4.179E+02 -2.730E+02
  7.164E-02  1.923E+01  2.930E+02  0.000E+00  4.179E+02 -2.730E+02
  7.956E-02  1.923E+01  2.930E+02  0.000E+00  4.179E+02 -2.730E+02
  8.828E-02  1.924E+01  2.930E+02  0.000E+00  4.179E+02 -2.730E+02
  9.787E-02  1.924E+01  2.930E+02  0.000E+00  4.179E+02 -2.730E+02
  1.084E-01  1.924E+01  2.930E+02  0.000E+00  4.179E+02 -2.730E+02
  1.200E-01  1.924E+01  2.930E+02  0.000E+00  4.179E+02 -2.730E+02
  1.328E-01  1.924E+01  2.930E+02  0.000E+00  4.179E+02 -2.730E+02
  1.468E-01  1.924E+01  2.930E+02  0.000E+00  4.179E+02 -2.730E+02
  1.623E-01  1.924E+01  2.930E+02  0.000E+00  4.179E+02 -2.730E+02
  1.792E-01  1.924E+01  2.930E+02  0.000E+00  4.179E+02 -2.730E+02
  1.979E-01  1.923E+01  2.930E+02  0.000E+00  4.179E+02 -2.730E+02
  2.185E-01  1.923E+01  2.930E+02  0.000E+00  4.179E+02 -2.730E+02
  2.411E-01  1.923E+01  2.930E+02  0.000E+00  4.179E+02 -2.730E+02
  2.660E-01  1.923E+01  2.930E+02  0.000E+00  4.179E+02 -2.730E+02
  2.933E-01  1.923E+01  2.930E+02  0.000E+00  4.179E+02 -2.730E+02
  3.234E-01  1.923E+01  2.930E+02  0.000E+00  4.179E+02 -2.730E+02
  3.565E-01  1.923E+01  2.930E+02  0.000E+00  4.179E+02 -2.730E+02
  3.929E-01  1.923E+01  2.930E+02  0.000E+00  4.179E+02 -2.730E+02
  4.330E-01  1.923E+01  2.930E+02  0.000E+00  4.179E+02 -2.730E+02
  4.771E-01  1.923E+01  2.930E+02  0.000E+00  4.179E+02 -2.730E+02
  5.255E-01  1.923E+01  2.930E+02  0.000E+00  4.179E+02 -2.730E+02
  5.788E-01  1.923E+01  2.930E+02  0.000E+00  4.179E+02 -2.730E+02
  6.375E-01  1.924E+01  2.930E+02  0.000E+00  4.179E+02 -2.730E+02
  7.020E-01  1.923E+01  2.930E+02  0.000E+00  4.179E+02 -2.730E+02
  7.729E-01  1.923E+01  2.930E+02  0.000E+00  4.179E+02 -2.730E+02
  8.510E-01  1.923E+01  2.930E+02  0.000E+00  4.179E+02 -2.730E+02
  9.369E-01  1.923E+01  2.930E+02  0.000E+00  4.179E+02 -2.730E+02
  1.031E+00  1.923E+01  2.930E+02  0.000E+00  4.179E+02 -2.730E+02
  1.131E+00  1.923E+01  2.930E+02  0.000E+00  4.179E+02 -2.730E+02
  1.231E+00  1.923E+01  2.930E+02  0.000E+00  4.179E+02 -2.730E+02
  1.331E+00  1.923E+01  2.930E+02  0.000E+00  4.179E+02 -2.730E+02
  1.431E+00  1.923E+01  2.930E+02  0.000E+00  4.179E+02 -2.730E+02
  1.531E+00  1.923E+01  2.930E+02  0.000E+00  4.179E+02 -2.730E+02
  1.631E+00  1.923E+01  2.930E+02  0.000E+00  4.179E+02 -2.730E+02
  1.731E+00  1.923E+01  2.930E+02  0.000E+00  4.179E+02 -2.730E+02
  1.831E+00  1.923E+01  2.930E+02  0.000E+00  4.179E+02 -2.730E+02
  1.931E+00  1.923E+01  2.930E+02  0.000E+00  4.179E+02 -2.730E+02
  2.031E+00  1.923E+01  2.930E+02  0.000E+00  4.179E+02 -2.730E+02
  2.131E+00  1.923E+01  2.930E+02  0.000E+00  4.179E+02 -2.730E+02
  2.231E+00  1.923E+01  2.930E+02  0.000E+00  4.179E+02 -2.730E+02
  2.331E+00  1.923E+01  2.930E+02  0.000E+00  4.179E+02 -2.730E+02
  2.431E+00  1.923E+01  2.930E+02  0.000E+00  4.179E+02 -2.730E+02
  2.531E+00  1.923E+01  2.930E+02  0.000E+00  4.179E+02 -2.730E+02
  2.631E+00  1.923E+01  2.930E+02  0.000E+00  4.179E+02 -2.730E+02
  2.731E+00  1.923E+01  2.930E+02  0.000E+00  4.179E+02 -2.730E+02
  2.831E+00  1.923E+01  2.930E+02  0.000E+00  4.179E+02 -2.730E+02
  2.931E+00  1.923E+01  2.930E+02  0.000E+00  4.179E+02 -2.730E+02
  3.031E+00  1.923E+01  2.930E+02  0.000E+00  4.179E+02 -2.730E+02
  3.131E+00  1.923E+01  2.930E+02  0.000E+00  4.179E+02 -2.730E+02
  3.231E+00  1.923E+01  2.930E+02  0.000E+00  4.179E+02 -2.730E+02
  3.331E+00  1.923E+01  2.930E+02  0.000E+00  4.179E+02 -2.730E+02
  3.431E+00  1.923E+01  2.930E+02  0.000E+00  4.179E+02 -2.730E+02
  3.531E+00  1.923E+01  2.930E+02  0.000E+00  4.179E+02 -2.730E+02
  3.631E+00  1.923E+01  2.930E+02  0.000E+00  4.179E+02 -2.730E+02
  3.731E+00  1.923E+01  2.930E+02  0.000E+00  4.179E+02 -2.730E+02
  3.831E+00  1.923E+01  2.930E+02  0.000E+00  4.179E+02 -2.730E+02
  3.931E+00  1.923E+01  2.930E+02  0.000E+00  4.179E+02 -2.730E+02
  4.031E+00  1.923E+01  2.930E+02  0.000E+00  4.179E+02 -2.730E+02
  4.131E+00  1.923E+01  2.930E+02  0.000E+00  4.179E+02 -2.730E+02
  4.231E+00  1.923E+01  2.930E+02  0.000E+00  4.179E+02 -2.730E+02
  4.331E+00  1.923E+01  2.930E+02  0.000E+00  4.179E+02 -2.730E+02
  4.431E+00  1.923E+01  2.930E+02  0.000E+00  4.179E+02 -2.730E+02
  4.531E+00  1.923E+01  2.930E+02  0.000E+00  4.179E+02 -2.730E+02
  4.631E+00  1.923E+01  2.930E+02  0.000E+00  4.179E+02 -2.730E+02
  4.731E+00  1.923E+01  2.930E+02  0.000E+00  4.179E+02 -2.730E+02
  4.831E+00  1.923E+01  2.930E+02  0.000E+00  4.179E+02 -2.730E+02
  4.931E+00  1.923E+01  2.930E+02  0.000E+00  4.179E+02 -2.730E+02
  5.031E+00  1.923E+01  2.930E+02  0.000E+00  4.179E+02 -2.730E+02
  5.131E+00  1.923E+01  2.930E+02  0.000E+00  4.179E+02 -2.730E+02
  5.231E+00  1.923E+01  2.930E+02  0.000E+00  4.179E+02 -2.730E+02
  5.331E+00  1.924E+01  2.930E+02  0.000E+00  4.179E+02 -2.730E+02
  5.431E+00  1.924E+01  2.930E+02  0.000E+00  4.179E+02 -2.730E+02
  5.531E+00  1.924E+01  2.930E+02  0.000E+00  4.179E+02 -2.730E+02
  5.631E+00  1.924E+01  2.930E+02  0.000E+00  4.179E+02 -2.730E+02
  5.731E+00  1.924E+01  2.930E+02  0.000E+00  4.179E+02 -2.730E+02
  5.831E+00  1.924E+01  2.930E+02  0.000E+00  4.179E+02 -2.730E+02
  5.931E+00  1.924E+01  2.930E+02  0.000E+00  4.179E+02 -2.730E+02
  6.031E+00  1.924E+01  2.930E+02  0.000E+00  4.179E+02 -2.730E+02
  6.131E+00  1.924E+01  2.930E+02  0.000E+00  4.179E+02 -2.730E+02
  6.231E+00  1.924E+01  2.930E+02  0.000E+00  4.179E+02 -2.730E+02
  6.331E+00  1.924E+01  2.930E+02  0.000E+00  4.179E+02 -2.730E+02
  6.431E+00  1.924E+01  2.930E+02  0.000E+00  4.179E+02 -2.730E+02
  6.531E+00  1.924E+01  2.930E+02  0.000E+00  4.179E+02 -2.730E+02
  6.631E+00  1.924E+01  2.930E+02  0.000E+00  4.179E+02 -2.730E+02
  6.731E+00  1.924E+01  2.930E+02  0.000E+00  4.179E+02 -2.730E+02
  6.831E+00  1.924E+01  2.930E+02  0.000E+00  4.179E+02 -2.730E+02
  6.931E+00  1.925E+01  2.930E+02  0.000E+00  4.179E+02 -2.730E+02
  7.031E+00  1.925E+01  2.930E+02  0.000E+00  4.179E+02 -2.730E+02
  7.131E+00  1.925E+01  2.930E+02  0.000E+00  4.179E+02 -2.730E+02
  7.231E+00  1.925E+01  2.930E+02  0.000E+00  4.179E+02 -2.730E+02
  7.331E+00  1.925E+01  2.930E+02  0.000E+00  4.179E+02 -2.730E+02
  7.431E+00  1.925E+01  2.930E+02  0.000E+00  4.179E+02 -2.730E+02
  7.531E+00  1.925E+01  2.930E+02  0.000E+00  4.179E+02 -2.730E+02
  7.631E+00  1.925E+01  2.930E+02  0.000E+00  4.179E+02 -2.730E+02
  7.731E+00  1.925E+01  2.930E+02  0.000E+00  4.179E+02 -2.730E+02
  7.831E+00  1.925E+01  2.930E+02  0.000E+00  4.179E+02 -2.730E+02
  7.931E+00  1.925E+01  2.930E+02  0.000E+00  4.179E+02 -2.730E+02
  8.031E+00  1.925E+01  2.930E+02  0.000E+00  4.179E+02 -2.730E+02
  8.131E+00  1.926E+01  2.930E+02  0.000E+00  4.179E+02 -2.730E+02
  8.231E+00  1.926E+01  2.930E+02  0.000E+00  4.179E+02 -2.730E+02
  8.331E+00  1.926E+01  2.930E+02  0.000E+00  4.179E+02 -2.730E+02
  8.431E+00  1.926E+01  2.930E+02  0.000E+00  4.179E+02 -2.730E+02
  8.531E+00  1.926E+01  2.930E+02  0.000E+00  4.179E+02 -2.730E+02
  8.631E+00  1.926E+01  2.930E+02  0.000E+00  4.179E+02 -2.730E+02
  8.731E+00  1.926E+01  2.930E+02  0.000E+00  4.179E+02 -2.730E+02
  8.831E+00  1.926E+01  2.930E+02  0.000E+00  4.179E+02 -2.730E+02
  8.931E+00  1.926E+01  2.930E+02  0.000E+00  4.179E+02 -2.730E+02
  9.031E+00  1.927E+01  2.930E+02  0.000E+00  4.179E+02 -2.730E+02
  9.131E+00  1.927E+01  2.930E+02  0.000E+00  4.179E+02 -2.730E+02
  9.231E+00  1.927E+01  2.930E+02  0.000E+00  4.179E+02 -2.730E+02
  9.331E+00  1.927E+01  2.930E+02  0.000E+00  4.179E+02 -2.730E+02
  9.431E+00  1.927E+01  2.930E+02  0.000E+00  4.179E+02 -2.730E+02
  9.531E+00  1.927E+01  2.930E+02  0.000E+00  4.179E+02 -2.730E+02
  9.631E+00  1.927E+01  2.930E+02  0.000E+00  4.179E+02 -2.730E+02
  9.731E+00  1.927E+01  2.930E+02  0.000E+00  4.179E+02 -2.730E+02
  9.831E+00  1.928E+01  2.930E+02  0.000E+00  4.179E+02 -2.730E+02
  9.931E+00  1.928E+01  2.930E+02  0.000E+00  4.179E+02 -2.730E+02
  1.003E+01  1.928E+01  2.930E+02  0.000E+00  4.179E+02 -2.730E+02
  1.013E+01  1.928E+01  2.930E+02  0.000E+00  4.179E+02 -2.730E+02
  1.023E+01  1.928E+01  2.930E+02  0.000E+00  4.179E+02 -2.730E+02
  1.033E+01  1.928E+01  2.930E+02  0.000E+00  4.179E+02 -2.730E+02
  1.043E+01  1.928E+01  2.930E+02  0.000E+00  4.179E+02 -2.730E+02
  1.053E+01  1.928E+01  2.930E+02  0.000E+00  4.179E+02 -2.730E+02
  1.063E+01  1.929E+01  2.930E+02  0.000E+00  4.179E+02 -2.730E+02
  1.073E+01  1.929E+01  2.930E+02  0.000E+00  4.179E+02 -2.730E+02
  1.083E+01  1.929E+01  2.930E+02  0.000E+00  4.179E+02 -2.730E+02
  1.093E+01  1.929E+01  2.930E+02  0.000E+00  4.179E+02 -2.730E+02
  1.103E+01  1.929E+01  2.930E+02  0.000E+00  4.179E+02 -2.730E+02
  1.113E+01  1.929E+01  2.930E+02  0.000E+00  4.179E+02 -2.730E+02
  1.123E+01  1.929E+01  2.930E+02  0.000E+00  4.179E+02 -2.730E+02
  1.133E+01  1.930E+01  2.930E+02  0.000E+00  4.179E+02 -2.730E+02
  1.143E+01  1.930E+01  2.930E+02  0.000E+00  4.179E+02 -2.730E+02
  1.153E+01  1.930E+01  2.930E+02  0.000E+00  4.179E+02 -2.730E+02
  1.163E+01  1.930E+01  2.930E+02  0.000E+00  4.179E+02 -2.730E+02
  1.173E+01  1.930E+01  2.930E+02  0.000E+00  4.179E+02 -2.730E+02
  1.183E+01  1.930E+01  2.930E+02  0.000E+00  4.179E+02 -2.730E+02
  1.193E+01  1.931E+01  2.930E+02  0.000E+00  4.179E+02 -2.730E+02
  1.203E+01  1.931E+01  2.930E+02  0.000E+00  4.179E+02 -2.730E+02
  1.213E+01  1.931E+01  2.930E+02  0.000E+00  4.179E+02 -2.730E+02
  1.223E+01  1.931E+01  2.930E+02  0.000E+00  4.179E+02 -2.730E+02
  1.233E+01  1.931E+01  2.930E+02  0.000E+00  4.179E+02 -2.730E+02
  1.243E+01  1.931E+01  2.930E+02  0.000E+00  4.179E+02 -2.730E+02
  1.253E+01  1.931E+01  2.930E+02  0.000E+00  4.179E+02 -2.730E+02
  1.263E+01  1.932E+01  2.930E+02  0.000E+00  4.179E+02 -2.730E+02
  1.273E+01  1.932E+01  2.930E+02  0.000E+00  4.179E+02 -2.730E+02
  1.283E+01  1.932E+01  2.930E+02  0.000E+00  4.179E+02 -2.730E+02
  1.293E+01  1.932E+01  2.930E+02  0.000E+00  4.179E+02 -2.730E+02
  1.303E+01  1.932E+01  2.930E+02  0.000E+00  4.179E+02 -2.730E+02
  1.313E+01  1.932E+01  2.930E+02  0.000E+00  4.179E+02 -2.730E+02
  1.323E+01  1.933E+01  2.930E+02  0.000E+00  4.179E+02 -2.730E+02
  1.333E+01  1.933E+01  2.930E+02  0.000E+00  4.179E+02 -2.730E+02
  1.343E+01  1.933E+01  2.930E+02  0.000E+00  4.179E+02 -2.730E+02
  1.353E+01  1.933E+01  2.930E+02  0.000E+00  4.179E+02 -2.730E+02
  1.363E+01  1.933E+01  2.930E+02  0.000E+00  4.179E+02 -2.730E+02
  1.373E+01  1.933E+01  2.930E+02  0.000E+00  4.179E+02 -2.730E+02
  1.383E+01  1.934E+01  2.930E+02  0.000E+00  4.179E+02 -2.730E+02
  1.393E+01  1.934E+01  2.930E+02  0.000E+00  4.179E+02 -2.730E+02
  1.403E+01  1.934E+01  2.930E+02  0.000E+00  4.179E+02 -2.730E+02
  1.413E+01  1.934E+01  2.930E+02  0.000E+00  4.179E+02 -2.730E+02
  1.423E+01  1.934E+01  2.930E+02  0.000E+00  4.179E+02 -2.730E+02
  1.433E+01  1.935E+01  2.930E+02  0.000E+00  4.179E+02 -2.730E+02
  1.443E+01  1.935E+01  2.930E+02  0.000E+00  4.179E+02 -2.730E+02
  1.453E+01  1.935E+01  2.930E+02  0.000E+00  4.179E+02 -2.730E+02
  1.463E+01  1.935E+01  2.930E+02  0.000E+00  4.179E+02 -2.730E+02
  1.473E+01  1.935E+01  2.930E+02  0.000E+00  4.179E+02 -2.730E+02
  1.483E+01  1.935E+01  2.930E+02  0.000E+00  4.179E+02 -2.730E+02
  1.493E+01  1.936E+01  2.930E+02  0.000E+00  4.179E+02 -2.730E+02
  1.503E+01  1.936E+01  2.930E+02  0.000E+00  4.179E+02 -2.730E+02
  1.513E+01  1.936E+01  2.930E+02  0.000E+00  4.179E+02 -2.730E+02
  1.523E+01  1.936E+01  2.930E+02  0.000E+00  4.179E+02 -2.730E+02
  1.533E+01  1.936E+01  2.930E+02  0.000E+00  4.179E+02 -2.730E+02
  1.543E+01  1.936E+01  2.930E+02  0.000E+00  4.179E+02 -2.730E+02
  1.553E+01  1.937E+01  2.930E+02  0.000E+00  4.179E+02 -2.730E+02
  1.563E+01  1.937E+01  2.930E+02  0.000E+00  4.179E+02 -2.730E+02
  1.573E+01  1.937E+01  2.930E+02  0.000E+00  4.179E+02 -2.730E+02
  1.583E+01  1.937E+01  2.930E+02  0.000E+00  4.179E+02 -2.730E+02
  1.593E+01  1.937E+01  2.930E+02  0.000E+00  4.179E+02 -2.730E+02
  1.603E+01  1.937E+01  2.930E+02  0.000E+00  4.179E+02 -2.730E+02
  1.613E+01  1.938E+01  2.930E+02  0.000E+00  4.179E+02 -2.730E+02
  1.623E+01  1.938E+01  2.930E+02  0.000E+00  4.179E+02 -2.730E+02
  1.633E+01  1.938E+01  2.930E+02  0.000E+00  4.179E+02 -2.730E+02
  1.643E+01  1.938E+01  2.930E+02  0.000E+00  4.179E+02 -2.730E+02
  1.653E+01  1.938E+01  2.930E+02  0.000E+00  4.179E+02 -2.730E+02
  1.663E+01  1.938E+01  2.930E+02  0.000E+00  4.179E+02 -2.730E+02
  1.673E+01  1.939E+01  2.930E+02  0.000E+00  4.179E+02 -2.730E+02
  1.683E+01  1.939E+01  2.930E+02  0.000E+00  4.179E+02 -2.730E+02
  1.693E+01  1.939E+01  2.930E+02  0.000E+00  4.179E+02 -2.730E+02
  1.703E+01  1.939E+01  2.930E+02  0.000E+00  4.179E+02 -2.730E+02
  1.713E+01  1.939E+01  2.930E+02  0.000E+00  4.179E+02 -2.730E+02
  1.723E+01  1.939E+01  2.930E+02  0.000E+00  4.179E+02 -2.730E+02
  1.733E+01  1.940E+01  2.930E+02  0.000E+00  4.179E+02 -2.730E+02
  1.743E+01  1.940E+01  2.930E+02  0.000E+00  4.179E+02 -2.730E+02
  1.753E+01  1.940E+01  2.930E+02  0.000E+00  4.179E+02 -2.730E+02
  1.763E+01  1.940E+01  2.930E+02  0.000E+00  4.179E+02 -2.730E+02
  1.773E+01  1.940E+01  2.930E+02  0.000E+00  4.179E+02 -2.730E+02
  1.783E+01  1.940E+01  2.930E+02  0.000E+00  4.179E+02 -2.730E+02
  1.793E+01  1.941E+01  2.930E+02  0.000E+00  4.179E+02 -2.730E+02
  1.803E+01  1.941E+01  2.930E+02  0.000E+00  4.179E+02 -2.730E+02
  1.813E+01  1.941E+01  2.930E+02  0.000E+00  4.179E+02 -2.730E+02
  1.823E+01  1.941E+01  2.930E+02  0.000E+00  4.179E+02 -2.730E+02
  1.833E+01  1.941E+01  2.930E+02  0.000E+00  4.179E+02 -2.730E+02
  1.843E+01  1.941E+01  2.930E+02  0.000E+00  4.179E+02 -2.730E+02
  1.853E+01  1.941E+01  2.930E+02  0.000E+00  4.179E+02 -2.730E+02
  1.863E+01  1.942E+01  2.930E+02  0.000E+00  4.179E+02 -2.730E+02
  1.873E+01  1.942E+01  2.930E+02  0.000E+00  4.179E+02 -2.730E+02
  1.883E+01  1.942E+01  2.930E+02  0.000E+00  4.179E+02 -2.730E+02
  1.893E+01  1.942E+01  2.930E+02  0.000E+00  4.179E+02 -2.730E+02
  1.903E+01  1.942E+01  2.930E+02  0.000E+00  4.179E+02 -2.730E+02
  1.913E+01  1.942E+01  2.930E+02  0.000E+00  4.179E+02 -2.730E+02
  1.923E+01  1.943E+01  2.930E+02  0.000E+00  4.179E+02 -2.730E+02
  1.933E+01  1.943E+01  2.930E+02  0.000E+00  4.179E+02 -2.730E+02
  1.943E+01  1.943E+01  2.930E+02  0.000E+00  4.179E+02 -2.730E+02
  1.953E+01  1.943E+01  2.930E+02  0.000E+00  4.179E+02 -2.730E+02
  1.963E+01  1.943E+01  2.930E+02  0.000E+00  4.179E+02 -2.730E+02
  1.973E+01  1.943E+01  2.930E+02  0.000E+00  4.179E+02 -2.730E+02
  1.983E+01  1.943E+01  2.930E+02  0.000E+00  4.179E+02 -2.730E+02
  1.993E+01  1.944E+01  2.930E+02  0.000E+00  4.179E+02 -2.730E+02
  2.003E+01  1.944E+01  2.930E+02  0.000E+00  4.179E+02 -2.730E+02
  2.013E+01  1.944E+01  2.930E+02  0.000E+00  4.179E+02 -2.730E+02
  2.023E+01  1.944E+01  2.930E+02  0.000E+00  4.179E+02 -2.730E+02
  2.033E+01  1.944E+01  2.930E+02  0.000E+00  4.179E+02 -2.730E+02
  2.043E+01  1.944E+01  2.930E+02  0.000E+00  4.179E+02 -2.730E+02
  2.053E+01  1.944E+01  2.930E+02  0.000E+00  4.179E+02 -2.730E+02
  2.063E+01  1.945E+01  2.930E+02  0.000E+00  4.179E+02 -2.730E+02
  2.073E+01  1.945E+01  2.930E+02  0.000E+00  4.179E+02 -2.730E+02
  2.083E+01  1.945E+01  2.930E+02  0.000E+00  4.179E+02 -2.730E+02
  2.093E+01  1.945E+01  2.930E+02  0.000E+00  4.179E+02 -2.730E+02
  2.103E+01  1.945E+01  2.930E+02  0.000E+00  4.179E+02 -2.730E+02
  2.113E+01  1.945E+01  2.930E+02  0.000E+00  4.179E+02 -2.730E+02
  2.123E+01  1.945E+01  2.930E+02  0.000E+00  4.179E+02 -2.730E+02
  2.133E+01  1.946E+01  2.930E+02  0.000E+00  4.179E+02 -2.730E+02
  2.143E+01  1.946E+01  2.930E+02  0.000E+00  4.179E+02 -2.730E+02
  2.153E+01  1.946E+01  2.930E+02  0.000E+00  4.179E+02 -2.730E+02
  2.163E+01  1.946E+01  2.930E+02  0.000E+00  4.179E+02 -2.730E+02
  2.173E+01  1.946E+01  2.930E+02  0.000E+00  4.179E+02 -2.730E+02
  2.183E+01  1.946E+01  2.930E+02  0.000E+00  4.179E+02 -2.730E+02
  2.193E+01  1.946E+01  2.930E+02  0.000E+00  4.179E+02 -2.730E+02
  2.203E+01  1.946E+01  2.930E+02  0.000E+00  4.179E+02 -2.730E+02
  2.213E+01  1.947E+01  2.930E+02  0.000E+00  4.179E+02 -2.730E+02
  2.223E+01  1.947E+01  2.930E+02  0.000E+00  4.179E+02 -2.730E+02
  2.233E+01  1.947E+01  2.930E+02  0.000E+00  4.179E+02 -2.730E+02
  2.243E+01  1.947E+01  2.930E+02  0.000E+00  4.179E+02 -2.730E+02
  2.253E+01  1.947E+01  2.930E+02  0.000E+00  4.179E+02 -2.730E+02
  2.263E+01  1.947E+01  2.930E+02  0.000E+00  4.179E+02 -2.730E+02
  2.273E+01  1.947E+01  2.930E+02  0.000E+00  4.179E+02 -2.730E+02
  2.283E+01  1.948E+01  2.930E+02  0.000E+00  4.179E+02 -2.730E+02
  2.293E+01  1.948E+01  2.930E+02  0.000E+00  4.179E+02 -2.730E+02
  2.303E+01  1.948E+01  2.930E+02  0.000E+00  4.179E+02 -2.730E+02
  2.313E+01  1.948E+01  2.930E+02  0.000E+00  4.179E+02 -2.730E+02
  2.323E+01  1.948E+01  2.930E+02  0.000E+00  4.179E+02 -2.730E+02
  2.333E+01  1.948E+01  2.930E+02  0.000E+00  4.179E+02 -2.730E+02
  2.343E+01  1.948E+01  2.930E+02  0.000E+00  4.179E+02 -2.730E+02
  2.353E+01  1.948E+01  2.930E+02  0.000E+00  4.179E+02 -2.730E+02
  2.363E+01  1.948E+01  2.930E+02  0.000E+00  4.179E+02 -2.730E+02
  2.373E+01  1.949E+01  2.930E+02  0.000E+00  4.179E+02 -2.730E+02
  2.383E+01  1.949E+01  2.930E+02  0.000E+00  4.179E+02 -2.730E+02
  2.393E+01  1.949E+01  2.930E+02  0.000E+00  4.179E+02 -2.730E+02
  2.403E+01  1.949E+01  2.930E+02  0.000E+00  4.179E+02 -2.730E+02
  2.413E+01  1.949E+01  2.930E+02  0.000E+00  4.179E+02 -2.730E+02
  2.423E+01  1.949E+01  2.930E+02  0.000E+00  4.179E+02 -2.730E+02
  2.433E+01  1.949E+01  2.930E+02  0.000E+00  4.179E+02 -2.730E+02
  2.443E+01  1.949E+01  2.930E+02  0.000E+00  4.179E+02 -2.730E+02
  2.453E+01  1.949E+01  2.930E+02  0.000E+00  4.179E+02 -2.730E+02
  2.463E+01  1.950E+01  2.930E+02  0.000E+00  4.179E+02 -2.730E+02
  2.473E+01  1.950E+01  2.930E+02  0.000E+00  4.179E+02 -2.730E+02
  2.483E+01  1.950E+01  2.930E+02  0.000E+00  4.179E+02 -2.730E+02
  2.493E+01  1.950E+01  2.930E+02  0.000E+00  4.179E+02 -2.730E+02
  2.503E+01  1.950E+01  2.930E+02  0.000E+00  4.179E+02 -2.730E+02
  2.513E+01  1.950E+01  2.930E+02  0.000E+00  4.179E+02 -2.730E+02
  2.523E+01  1.950E+01  2.930E+02  0.000E+00  4.179E+02 -2.730E+02
  2.533E+01  1.950E+01  2.930E+02  0.000E+00  4.179E+02 -2.730E+02
  2.543E+01  1.950E+01  2.930E+02  0.000E+00  4.179E+02 -2.730E+02
  2.553E+01  1.950E+01  2.930E+02  0.000E+00  4.179E+02 -2.730E+02
  2.563E+01  1.951E+01  2.930E+02  0.000E+00  4.179E+02 -2.730E+02
  2.573E+01  1.951E+01  2.930E+02  0.000E+00  4.179E+02 -2.730E+02
  2.583E+01  1.951E+01  2.930E+02  0.000E+00  4.179E+02 -2.730E+02
  2.593E+01  1.951E+01  2.930E+02  0.000E+00  4.179E+02 -2.730E+02
  2.603E+01  1.951E+01  2.930E+02  0.000E+00  4.179E+02 -2.730E+02
  2.613E+01  1.951E+01  2.930E+02  0.000E+00  4.179E+02 -2.730E+02
  2.623E+01  1.951E+01  2.930E+02  0.000E+00  4.179E+02 -2.730E+02
  2.633E+01  1.951E+01  2.930E+02  0.000E+00  4.179E+02 -2.730E+02
  2.643E+01  1.951E+01  2.930E+02  0.000E+00  4.179E+02 -2.730E+02
  2.653E+01  1.951E+01  2.930E+02  0.000E+00  4.179E+02 -2.730E+02
  2.663E+01  1.951E+01  2.930E+02  0.000E+00  4.179E+02 -2.730E+02
  2.673E+01  1.951E+01  2.930E+02  0.000E+00  4.179E+02 -2.730E+02
  2.683E+01  1.952E+01  2.930E+02  0.000E+00  4.179E+02 -2.730E+02
  2.693E+01  1.952E+01  2.930E+02  0.000E+00  4.179E+02 -2.730E+02
  2.703E+01  1.952E+01  2.930E+02  0.000E+00  4.179E+02 -2.730E+02
  2.713E+01  1.952E+01  2.930E+02  0.000E+00  4.179E+02 -2.730E+02
  2.723E+01  1.952E+01  2.930E+02  0.000E+00  4.179E+02 -2.730E+02
  2.733E+01  1.952E+01  2.930E+02  0.000E+00  4.179E+02 -2.730E+02
  2.743E+01  1.952E+01  2.930E+02  0.000E+00  4.179E+02 -2.730E+02
  2.753E+01  1.952E+01  2.930E+02  0.000E+00  4.179E+02 -2.730E+02
  2.763E+01  1.952E+01  2.930E+02  0.000E+00  4.179E+02 -2.730E+02
  2.773E+01  1.952E+01  2.930E+02  0.000E+00  4.179E+02 -2.730E+02
  2.783E+01  1.952E+01  2.930E+02  0.000E+00  4.179E+02 -2.730E+02
  2.793E+01  1.952E+01  2.930E+02  0.000E+00  4.179E+02 -2.730E+02
  2.803E+01  1.952E+01  2.930E+02  0.000E+00  4.179E+02 -2.730E+02
  2.813E+01  1.952E+01  2.930E+02  0.000E+00  4.179E+02 -2.730E+02
  2.823E+01  1.953E+01  2.930E+02  0.000E+00  4.179E+02 -2.730E+02
  2.833E+01  1.953E+01  2.930E+02  0.000E+00  4.179E+02 -2.730E+02
  2.843E+01  1.953E+01  2.930E+02  0.000E+00  4.179E+02 -2.730E+02
  2.853E+01  1.953E+01  2.930E+02  0.000E+00  4.179E+02 -2.730E+02
  2.863E+01  1.953E+01  2.930E+02  0.000E+00  4.179E+02 -2.730E+02
  2.873E+01  1.953E+01  2.930E+02  0.000E+00  4.179E+02 -2.730E+02
  2.883E+01  1.953E+01  2.930E+02  0.000E+00  4.179E+02 -2.730E+02
  2.893E+01  1.953E+01  2.930E+02  0.000E+00  4.179E+02 -2.730E+02
  2.903E+01  1.953E+01  2.930E+02  0.000E+00  4.179E+02 -2.730E+02
  2.913E+01  1.953E+01  2.930E+02  0.000E+00  4.179E+02 -2.730E+02
  2.923E+01  1.953E+01  2.930E+02  0.000E+00  4.179E+02 -2.730E+02
  2.933E+01  1.953E+01  2.930E+02  0.000E+00  4.179E+02 -2.730E+02
  2.943E+01  1.953E+01  2.930E+02  0.000E+00  4.179E+02 -2.730E+02
  2.953E+01  1.953E+01  2.930E+02  0.000E+00  4.179E+02 -2.730E+02
  2.963E+01  1.953E+01  2.930E+02  0.000E+00  4.179E+02 -2.730E+02
  2.973E+01  1.953E+01  2.930E+02  0.000E+00  4.179E+02 -2.730E+02
  2.983E+01  1.953E+01  2.930E+02  0.000E+00  4.179E+02 -2.730E+02
  2.993E+01  1.953E+01  2.930E+02  0.000E+00  4.179E+02 -2.730E+02
  3.003E+01  1.954E+01  2.930E+02  0.000E+00  4.179E+02 -2.730E+02
  3.013E+01  1.954E+01  2.930E+02  0.000E+00  4.179E+02 -2.730E+02
  3.023E+01  1.954E+01  2.930E+02  0.000E+00  4.179E+02 -2.730E+02
  3.033E+01  1.954E+01  2.930E+02  0.000E+00  4.179E+02 -2.730E+02
  3.043E+01  1.954E+01  2.930E+02  0.000E+00  4.179E+02 -2.730E+02
  3.053E+01  1.954E+01  2.930E+02  0.000E+00  4.179E+02 -2.730E+02
  3.063E+01  1.954E+01  2.930E+02  0.000E+00  4.179E+02 -2.730E+02
  3.073E+01  1.954E+01  2.930E+02  0.000E+00  4.179E+02 -2.730E+02
  3.083E+01  1.954E+01  2.930E+02  0.000E+00  4.179E+02 -2.730E+02
  3.093E+01  1.954E+01  2.930E+02  0.000E+00  4.179E+02 -2.730E+02
  3.103E+01  1.954E+01  2.930E+02  0.000E+00  4.179E+02 -2.730E+02
  3.113E+01  1.954E+01  2.930E+02  0.000E+00  4.179E+02 -2.730E+02
  3.123E+01  1.954E+01  2.930E+02  0.000E+00  4.179E+02 -2.730E+02
  3.133E+01  1.954E+01  2.930E+02  0.000E+00  4.179E+02 -2.730E+02
  3.143E+01  1.954E+01  2.930E+02  0.000E+00  4.179E+02 -2.730E+02
  3.153E+01  1.954E+01  2.930E+02  0.000E+00  4.179E+02 -2.730E+02
  3.163E+01  1.954E+01  2.930E+02  0.000E+00  4.179E+02 -2.730E+02
  3.173E+01  1.954E+01  2.930E+02  0.000E+00  4.179E+02 -2.730E+02
  3.183E+01  1.954E+01  2.930E+02  0.000E+00  4.179E+02 -2.730E+02
  3.193E+01  1.954E+01  2.930E+02  0.000E+00  4.179E+02 -2.730E+02
  3.203E+01  1.954E+01  2.930E+02  0.000E+00  4.179E+02 -2.730E+02
  3.213E+01  1.954E+01  2.930E+02  0.000E+00  4.179E+02 -2.730E+02
  3.223E+01  1.954E+01  2.930E+02  0.000E+00  4.179E+02 -2.730E+02
  3.233E+01  1.954E+01  2.930E+02  0.000E+00  4.179E+02 -2.730E+02
  3.243E+01  1.954E+01  2.930E+02  0.000E+00  4.179E+02 -2.730E+02
  3.253E+01  1.954E+01  2.930E+02  0.000E+00  4.179E+02 -2.730E+02
  3.263E+01  1.954E+01  2.930E+02  0.000E+00  4.179E+02 -2.730E+02
  3.273E+01  1.954E+01  2.930E+02  0.000E+00  4.179E+02 -2.730E+02
  3.283E+01  1.954E+01  2.930E+02  0.000E+00  4.179E+02 -2.730E+02
  3.293E+01  1.955E+01  2.930E+02  0.000E+00  4.179E+02 -2.730E+02
  3.303E+01  1.955E+01  2.930E+02  0.000E+00  4.179E+02 -2.730E+02
  3.313E+01  1.955E+01  2.930E+02  0.000E+00  4.179E+02 -2.730E+02
  3.323E+01  1.955E+01  2.930E+02  0.000E+00  4.179E+02 -2.730E+02
  3.333E+01  1.955E+01  2.930E+02  0.000E+00  4.179E+02 -2.730E+02
  3.343E+01  1.955E+01  2.930E+02  0.000E+00  4.179E+02 -2.730E+02
  3.353E+01  1.955E+01  2.930E+02  0.000E+00  4.179E+02 -2.730E+02
  3.363E+01  1.955E+01  2.930E+02  0.000E+00  4.179E+02 -2.730E+02
  3.373E+01  1.955E+01  2.930E+02  0.000E+00  4.179E+02 -2.730E+02
  3.383E+01  1.955E+01  2.930E+02  0.000E+00  4.179E+02 -2.730E+02
  3.393E+01  1.955E+01  2.930E+02  0.000E+00  4.179E+02 -2.730E+02
  3.403E+01  1.955E+01  2.930E+02  0.000E+00  4.179E+02 -2.730E+02
  3.413E+01  1.955E+01  2.930E+02  0.000E+00  4.179E+02 -2.730E+02
  3.423E+01  1.955E+01  2.930E+02  0.000E+00  4.179E+02 -2.730E+02
  3.433E+01  1.955E+01  2.930E+02  0.000E+00  4.179E+02 -2.730E+02
  3.443E+01  1.955E+01  2.930E+02  0.000E+00  4.179E+02 -2.730E+02
  3.453E+01  1.955E+01  2.930E+02  0.000E+00  4.179E+02 -2.730E+02
  3.463E+01  1.955E+01  2.930E+02  0.000E+00  4.179E+02 -2.730E+02
  3.473E+01  1.955E+01  2.930E+02  0.000E+00  4.179E+02 -2.730E+02
  3.483E+01  1.955E+01  2.930E+02  0.000E+00  4.179E+02 -2.730E+02
  3.493E+01  1.955E+01  2.930E+02  0.000E+00  4.179E+02 -2.730E+02
  3.503E+01  1.955E+01  2.930E+02  0.000E+00  4.179E+02 -2.730E+02
  3.513E+01  1.955E+01  2.930E+02  0.000E+00  4.179E+02 -2.730E+02
  3.523E+01  1.955E+01  2.930E+02  0.000E+00  4.179E+02 -2.730E+02
  3.533E+01  1.955E+01  2.930E+02  0.000E+00  4.179E+02 -2.730E+02
  3.543E+01  1.955E+01  2.930E+02  0.000E+00  4.179E+02 -2.730E+02
  3.553E+01  1.955E+01  2.930E+02  0.000E+00  4.179E+02 -2.730E+02
  3.563E+01  1.955E+01  2.930E+02  0.000E+00  4.179E+02 -2.730E+02
  3.573E+01  1.955E+01  2.930E+02  0.000E+00  4.179E+02 -2.730E+02
  3.583E+01  1.955E+01  2.930E+02  0.000E+00  4.179E+02 -2.730E+02
  3.593E+01  1.955E+01  2.930E+02  0.000E+00  4.179E+02 -2.730E+02
  3.603E+01  1.955E+01  2.930E+02  0.000E+00  4.179E+02 -2.730E+02
  3.613E+01  1.955E+01  2.930E+02  0.000E+00  4.179E+02 -2.730E+02
  3.623E+01  1.955E+01  2.930E+02  0.000E+00  4.179E+02 -2.730E+02
  3.633E+01  1.955E+01  2.930E+02  0.000E+00  4.179E+02 -2.730E+02
  3.643E+01  1.955E+01  2.930E+02  0.000E+00  4.179E+02 -2.730E+02
  3.653E+01  1.955E+01  2.930E+02  0.000E+00  4.179E+02 -2.730E+02
  3.663E+01  1.955E+01  2.930E+02  0.000E+00  4.179E+02 -2.730E+02
  3.673E+01  1.955E+01  2.930E+02  0.000E+00  4.179E+02 -2.730E+02
  3.683E+01  1.955E+01  2.930E+02  0.000E+00  4.179E+02 -2.730E+02
  3.693E+01  1.955E+01  2.930E+02  0.000E+00  4.179E+02 -2.730E+02
  3.703E+01  1.955E+01  2.930E+02  0.000E+00  4.179E+02 -2.730E+02
  3.713E+01  1.955E+01  2.930E+02  0.000E+00  4.179E+02 -2.730E+02
  3.723E+01  1.955E+01  2.930E+02  0.000E+00  4.179E+02 -2.730E+02
  3.733E+01  1.955E+01  2.930E+02  0.000E+00  4.179E+02 -2.730E+02
  3.743E+01  1.955E+01  2.930E+02  0.000E+00  4.179E+02 -2.730E+02
  3.753E+01  1.955E+01  2.930E+02  0.000E+00  4.179E+02 -2.730E+02
  3.763E+01  1.955E+01  2.930E+02  0.000E+00  4.179E+02 -2.730E+02
  3.773E+01  1.955E+01  2.930E+02  0.000E+00  4.179E+02 -2.730E+02
  3.783E+01  1.955E+01  2.930E+02  0.000E+00  4.179E+02 -2.730E+02
  3.793E+01  1.955E+01  2.930E+02  0.000E+00  4.179E+02 -2.730E+02
  3.803E+01  1.955E+01  2.930E+02  0.000E+00  4.179E+02 -2.730E+02
  3.813E+01  1.955E+01  2.930E+02  0.000E+00  4.179E+02 -2.730E+02
  3.823E+01  1.955E+01  2.930E+02  0.000E+00  4.179E+02 -2.730E+02
  3.833E+01  1.955E+01  2.930E+02  0.000E+00  4.179E+02 -2.730E+02
  3.843E+01  1.955E+01  2.930E+02  0.000E+00  4.179E+02 -2.730E+02
  3.853E+01  1.955E+01  2.930E+02  0.000E+00  4.179E+02 -2.730E+02
  3.863E+01  1.955E+01  2.930E+02  0.000E+00  4.179E+02 -2.730E+02
  3.873E+01  1.955E+01  2.930E+02  0.000E+00  4.179E+02 -2.730E+02
  3.883E+01  1.955E+01  2.930E+02  0.000E+00  4.179E+02 -2.730E+02
  3.893E+01  1.955E+01  2.930E+02  0.000E+00  4.179E+02 -2.730E+02
  3.903E+01  1.955E+01  2.930E+02  0.000E+00  4.179E+02 -2.730E+02
  3.913E+01  1.955E+01  2.930E+02  0.000E+00  4.179E+02 -2.730E+02
  3.923E+01  1.955E+01  2.930E+02  0.000E+00  4.179E+02 -2.730E+02
  3.933E+01  1.955E+01  2.930E+02  0.000E+00  4.179E+02 -2.730E+02
  3.943E+01  1.955E+01  2.930E+02  0.000E+00  4.179E+02 -2.730E+02
  3.953E+01  1.955E+01  2.930E+02  0.000E+00  4.179E+02 -2.730E+02
  3.963E+01  1.955E+01  2.930E+02  0.000E+00  4.179E+02 -2.730E+02
  3.973E+01  1.955E+01  2.930E+02  0.000E+00  4.179E+02 -2.730E+02
  3.983E+01  1.955E+01  2.930E+02  0.000E+00  4.179E+02 -2.730E+02
  3.993E+01  1.955E+01  2.930E+02  0.000E+00  4.179E+02 -2.730E+02
  4.003E+01  1.955E+01  2.930E+02  0.000E+00  4.179E+02 -2.730E+02
  4.013E+01  1.955E+01  2.930E+02  0.000E+00  4.179E+02 -2.730E+02
  4.023E+01  1.955E+01  2.930E+02  0.000E+00  4.179E+02 -2.730E+02
  4.033E+01  1.955E+01  2.930E+02  0.000E+00  4.179E+02 -2.730E+02
  4.043E+01  1.955E+01  2.930E+02  0.000E+00  4.179E+02 -2.730E+02
  4.053E+01  1.955E+01  2.930E+02  0.000E+00  4.179E+02 -2.730E+02
  4.063E+01  1.955E+01  2.930E+02  0.000E+00  4.179E+02 -2.730E+02
  4.073E+01  1.955E+01  2.930E+02  0.000E+00  4.179E+02 -2.730E+02
  4.083E+01  1.955E+01  2.930E+02  0.000E+00  4.179E+02 -2.730E+02
  4.093E+01  1.955E+01  2.930E+02  0.000E+00  4.179E+02 -2.730E+02
  4.103E+01  1.955E+01  2.930E+02  0.000E+00  4.179E+02 -2.730E+02
  4.113E+01  1.955E+01  2.930E+02  0.000E+00  4.179E+02 -2.730E+02
  4.123E+01  1.955E+01  2.930E+02  0.000E+00  4.179E+02 -2.730E+02
  4.133E+01  1.955E+01  2.930E+02  0.000E+00  4.179E+02 -2.730E+02
  4.143E+01  1.955E+01  2.930E+02  0.000E+00  4.179E+02 -2.730E+02
  4.153E+01  1.955E+01  2.930E+02  0.000E+00  4.179E+02 -2.730E+02
  4.163E+01  1.955E+01  2.930E+02  0.000E+00  4.179E+02 -2.730E+02
  4.173E+01  1.955E+01  2.930E+02  0.000E+00  4.179E+02 -2.730E+02
  4.183E+01  1.955E+01  2.930E+02  0.000E+00  4.179E+02 -2.730E+02
  4.193E+01  1.955E+01  2.930E+02  0.000E+00  4.179E+02 -2.730E+02
  4.203E+01  1.955E+01  2.930E+02  0.000E+00  4.179E+02 -2.730E+02
  4.213E+01  1.955E+01  2.930E+02  0.000E+00  4.179E+02 -2.730E+02
  4.223E+01  1.955E+01  2.930E+02  0.000E+00  4.179E+02 -2.730E+02
  4.233E+01  1.955E+01  2.930E+02  0.000E+00  4.179E+02 -2.730E+02
  4.243E+01  1.955E+01  2.930E+02  0.000E+00  4.179E+02 -2.730E+02
  4.253E+01  1.955E+01  2.930E+02  0.000E+00  4.179E+02 -2.730E+02
  4.263E+01  1.955E+01  2.930E+02  0.000E+00  4.179E+02 -2.730E+02
  4.273E+01  1.955E+01  2.930E+02  0.000E+00  4.179E+02 -2.730E+02
  4.283E+01  1.955E+01  2.930E+02  0.000E+00  4.179E+02 -2.730E+02
  4.293E+01  1.955E+01  2.930E+02  0.000E+00  4.179E+02 -2.730E+02
  4.303E+01  1.955E+01  2.930E+02  0.000E+00  4.179E+02 -2.730E+02
  4.313E+01  1.955E+01  2.930E+02  0.000E+00  4.179E+02 -2.730E+02
  4.323E+01  1.955E+01  2.930E+02  0.000E+00  4.179E+02 -2.730E+02
  4.333E+01  1.955E+01  2.930E+02  0.000E+00  4.179E+02 -2.730E+02
  4.343E+01  1.955E+01  2.930E+02  0.000E+00  4.179E+02 -2.730E+02
  4.353E+01  1.955E+01  2.930E+02  0.000E+00  4.179E+02 -2.730E+02
  4.363E+01  1.955E+01  2.930E+02  0.000E+00  4.179E+02 -2.730E+02
  4.373E+01  1.955E+01  2.930E+02  0.000E+00  4.179E+02 -2.730E+02
  4.383E+01  1.955E+01  2.930E+02  0.000E+00  4.179E+02 -2.730E+02
  4.393E+01  1.955E+01  2.930E+02  0.000E+00  4.179E+02 -2.730E+02
  4.403E+01  1.955E+01  2.930E+02  0.000E+00  4.179E+02 -2.730E+02
  4.413E+01  1.955E+01  2.930E+02  0.000E+00  4.179E+02 -2.730E+02
  4.423E+01  1.955E+01  2.930E+02  0.000E+00  4.179E+02 -2.730E+02
  4.433E+01  1.955E+01  2.930E+02  0.000E+00  4.179E+02 -2.730E+02
  4.443E+01  1.955E+01  2.930E+02  0.000E+00  4.179E+02 -2.730E+02
  4.453E+01  1.955E+01  2.930E+02  0.000E+00  4.179E+02 -2.730E+02
  4.463E+01  1.955E+01  2.930E+02  0.000E+00  4.179E+02 -2.730E+02
  4.473E+01  1.955E+01  2.930E+02  0.000E+00  4.179E+02 -2.730E+02
  4.483E+01  1.955E+01  2.930E+02  0.000E+00  4.179E+02 -2.730E+02
  4.493E+01  1.955E+01  2.930E+02  0.000E+00  4.179E+02 -2.730E+02
  4.503E+01  1.955E+01  2.930E+02  0.000E+00  4.179E+02 -2.730E+02
  4.513E+01  1.955E+01  2.930E+02  0.000E+00  4.179E+02 -2.730E+02
  4.523E+01  1.955E+01  2.930E+02  0.000E+00  4.179E+02 -2.730E+02
  4.533E+01  1.955E+01  2.930E+02  0.000E+00  4.179E+02 -2.730E+02
  4.543E+01  1.955E+01  2.930E+02  0.000E+00  4.179E+02 -2.730E+02
  4.553E+01  1.955E+01  2.930E+02  0.000E+00  4.179E+02 -2.730E+02
  4.563E+01  1.955E+01  2.930E+02  0.000E+00  4.179E+02 -2.730E+02
  4.573E+01  1.955E+01  2.930E+02  0.000E+00  4.179E+02 -2.730E+02
  4.583E+01  1.955E+01  2.930E+02  0.000E+00  4.179E+02 -2.730E+02
  4.593E+01  1.955E+01  2.930E+02  0.000E+00  4.179E+02 -2.730E+02
  4.603E+01  1.955E+01  2.930E+02  0.000E+00  4.179E+02 -2.730E+02
  4.613E+01  1.955E+01  2.930E+02  0.000E+00  4.179E+02 -2.730E+02
  4.623E+01  1.955E+01  2.930E+02  0.000E+00  4.179E+02 -2.730E+02
  4.633E+01  1.955E+01  2.930E+02  0.000E+00  4.179E+02 -2.730E+02
  4.643E+01  1.955E+01  2.930E+02  0.000E+00  4.179E+02 -2.730E+02
  4.653E+01  1.955E+01  2.930E+02  0.000E+00  4.179E+02 -2.730E+02
  4.663E+01  1.955E+01  2.930E+02  0.000E+00  4.179E+02 -2.730E+02
  4.673E+01  1.955E+01  2.930E+02  0.000E+00  4.179E+02 -2.730E+02
  4.683E+01  1.955E+01  2.930E+02  0.000E+00  4.179E+02 -2.730E+02
  4.693E+01  1.955E+01  2.930E+02  0.000E+00  4.179E+02 -2.730E+02
  4.703E+01  1.955E+01  2.930E+02  0.000E+00  4.179E+02 -2.730E+02
  4.713E+01  1.955E+01  2.930E+02  0.000E+00  4.179E+02 -2.730E+02
  4.723E+01  1.955E+01  2.930E+02  0.000E+00  4.179E+02 -2.730E+02
  4.733E+01  1.955E+01  2.930E+02  0.000E+00  4.179E+02 -2.730E+02
  4.743E+01  1.955E+01  2.930E+02  0.000E+00  4.179E+02 -2.730E+02
  4.753E+01  1.955E+01  2.930E+02  0.000E+00  4.179E+02 -2.730E+02
  4.763E+01  1.955E+01  2.930E+02  0.000E+00  4.179E+02 -2.730E+02
  4.773E+01  1.955E+01  2.930E+02  0.000E+00  4.179E+02 -2.730E+02
  4.783E+01  1.955E+01  2.930E+02  0.000E+00  4.179E+02 -2.730E+02
  4.793E+01  1.955E+01  2.930E+02  0.000E+00  4.179E+02 -2.730E+02
  4.803E+01  1.955E+01  2.930E+02  0.000E+00  4.179E+02 -2.730E+02
  4.813E+01  1.955E+01  2.930E+02  0.000E+00  4.179E+02 -2.730E+02
  4.823E+01  1.955E+01  2.930E+02  0.000E+00  4.179E+02 -2.730E+02
  4.833E+01  1.955E+01  2.930E+02  0.000E+00  4.179E+02 -2.730E+02
  4.843E+01  1.955E+01  2.930E+02  0.000E+00  4.179E+02 -2.730E+02
  4.853E+01  1.955E+01  2.930E+02  0.000E+00  4.179E+02 -2.730E+02
  4.863E+01  1.955E+01  2.930E+02  0.000E+00  4.179E+02 -2.730E+02
  4.873E+01  1.955E+01  2.930E+02  0.000E+00  4.179E+02 -2.730E+02
  4.883E+01  1.955E+01  2.930E+02  0.000E+00  4.179E+02 -2.730E+02
  4.893E+01  1.955E+01  2.930E+02  0.000E+00  4.179E+02 -2.730E+02
  4.903E+01  1.955E+01  2.930E+02  0.000E+00  4.179E+02 -2.730E+02
  4.913E+01  1.955E+01  2.930E+02  0.000E+00  4.179E+02 -2.730E+02
  4.923E+01  1.955E+01  2.930E+02  0.000E+00  4.179E+02 -2.730E+02
  4.933E+01  1.955E+01  2.930E+02  0.000E+00  4.179E+02 -2.730E+02
  4.943E+01  1.955E+01  2.930E+02  0.000E+00  4.179E+02 -2.730E+02
  4.953E+01  1.955E+01  2.930E+02  0.000E+00  4.179E+02 -2.730E+02
  4.963E+01  1.955E+01  2.930E+02  0.000E+00  4.179E+02 -2.730E+02
  4.973E+01  1.955E+01  2.930E+02  0.000E+00  4.179E+02 -2.730E+02
  4.983E+01  1.955E+01  2.930E+02  0.000E+00  4.179E+02 -2.730E+02
  4.993E+01  1.955E+01  2.930E+02  0.000E+00  4.179E+02 -2.730E+02
  5.003E+01  1.955E+01  2.930E+02  0.000E+00  4.179E+02 -2.730E+02
  5.013E+01  1.955E+01  2.930E+02  0.000E+00  4.179E+02 -2.730E+02
  5.023E+01  1.955E+01  2.930E+02  0.000E+00  4.179E+02 -2.730E+02
  5.033E+01  1.955E+01  2.930E+02  0.000E+00  4.179E+02 -2.730E+02
  5.043E+01  1.955E+01  2.930E+02  0.000E+00  4.179E+02 -2.730E+02
  5.053E+01  1.955E+01  2.930E+02  0.000E+00  4.179E+02 -2.730E+02
  5.063E+01  1.955E+01  2.930E+02  0.000E+00  4.179E+02 -2.730E+02
  5.073E+01  1.955E+01  2.930E+02  0.000E+00  4.179E+02 -2.730E+02
  5.083E+01  1.955E+01  2.930E+02  0.000E+00  4.179E+02 -2.730E+02
  5.093E+01  1.955E+01  2.930E+02  0.000E+00  4.179E+02 -2.730E+02
  5.103E+01  1.955E+01  2.930E+02  0.000E+00  4.179E+02 -2.730E+02
  5.113E+01  1.955E+01  2.930E+02  0.000E+00  4.179E+02 -2.730E+02
  5.123E+01  1.955E+01  2.930E+02  0.000E+00  4.179E+02 -2.730E+02
  5.133E+01  1.955E+01  2.930E+02  0.000E+00  4.179E+02 -2.730E+02
  5.143E+01  1.955E+01  2.930E+02  0.000E+00  4.179E+02 -2.730E+02
  5.153E+01  1.955E+01  2.930E+02  0.000E+00  4.179E+02 -2.730E+02
  5.163E+01  1.955E+01  2.930E+02  0.000E+00  4.179E+02 -2.730E+02
  5.173E+01  1.955E+01  2.930E+02  0.000E+00  4.179E+02 -2.730E+02
  5.183E+01  1.955E+01  2.930E+02  0.000E+00  4.179E+02 -2.730E+02
  5.193E+01  1.955E+01  2.930E+02  0.000E+00  4.179E+02 -2.730E+02
  5.203E+01  1.955E+01  2.930E+02  0.000E+00  4.179E+02 -2.730E+02
  5.213E+01  1.955E+01  2.930E+02  0.000E+00  4.179E+02 -2.730E+02
  5.223E+01  1.955E+01  2.930E+02  0.000E+00  4.179E+02 -2.730E+02
  5.233E+01  1.955E+01  2.930E+02  0.000E+00  4.179E+02 -2.730E+02
  5.243E+01  1.955E+01  2.930E+02  0.000E+00  4.179E+02 -2.730E+02
  5.253E+01  1.955E+01  2.930E+02  0.000E+00  4.179E+02 -2.730E+02
  5.263E+01  1.955E+01  2.930E+02  0.000E+00  4.179E+02 -2.730E+02
  5.273E+01  1.955E+01  2.930E+02  0.000E+00  4.179E+02 -2.730E+02
  5.283E+01  1.955E+01  2.930E+02  0.000E+00  4.179E+02 -2.730E+02
  5.293E+01  1.955E+01  2.930E+02  0.000E+00  4.179E+02 -2.730E+02
  5.303E+01  1.955E+01  2.930E+02  0.000E+00  4.179E+02 -2.730E+02
  5.313E+01  1.955E+01  2.930E+02  0.000E+00  4.179E+02 -2.730E+02
  5.323E+01  1.955E+01  2.930E+02  0.000E+00  4.179E+02 -2.730E+02
  5.333E+01  1.955E+01  2.930E+02  0.000E+00  4.179E+02 -2.730E+02
  5.343E+01  1.955E+01  2.930E+02  0.000E+00  4.179E+02 -2.730E+02
  5.353E+01  1.955E+01  2.930E+02  0.000E+00  4.179E+02 -2.730E+02
  5.363E+01  1.955E+01  2.930E+02  0.000E+00  4.179E+02 -2.730E+02
  5.373E+01  1.955E+01  2.930E+02  0.000E+00  4.179E+02 -2.730E+02
  5.383E+01  1.955E+01  2.930E+02  0.000E+00  4.179E+02 -2.730E+02
  5.393E+01  1.955E+01  2.930E+02  0.000E+00  4.179E+02 -2.730E+02
  5.403E+01  1.955E+01  2.930E+02  0.000E+00  4.179E+02 -2.730E+02
  5.413E+01  1.955E+01  2.930E+02  0.000E+00  4.179E+02 -2.730E+02
  5.423E+01  1.955E+01  2.930E+02  0.000E+00  4.179E+02 -2.730E+02
  5.433E+01  1.955E+01  2.930E+02  0.000E+00  4.179E+02 -2.730E+02
  5.443E+01  1.955E+01  2.930E+02  0.000E+00  4.179E+02 -2.730E+02
  5.453E+01  1.955E+01  2.930E+02  0.000E+00  4.179E+02 -2.730E+02
  5.463E+01  1.955E+01  2.930E+02  0.000E+00  4.179E+02 -2.730E+02
  5.473E+01  1.955E+01  2.930E+02  0.000E+00  4.179E+02 -2.730E+02
  5.483E+01  1.955E+01  2.930E+02  0.000E+00  4.179E+02 -2.730E+02
  5.493E+01  1.955E+01  2.930E+02  0.000E+00  4.179E+02 -2.730E+02
  5.503E+01  1.955E+01  2.930E+02  0.000E+00  4.179E+02 -2.730E+02
  5.513E+01  1.955E+01  2.930E+02  0.000E+00  4.179E+02 -2.730E+02
  5.523E+01  1.955E+01  2.930E+02  0.000E+00  4.179E+02 -2.730E+02
  5.533E+01  1.955E+01  2.930E+02  0.000E+00  4.179E+02 -2.730E+02
  5.543E+01  1.955E+01  2.930E+02  0.000E+00  4.179E+02 -2.730E+02
  5.553E+01  1.955E+01  2.930E+02  0.000E+00  4.179E+02 -2.730E+02
  5.563E+01  1.955E+01  2.930E+02  0.000E+00  4.179E+02 -2.730E+02
  5.573E+01  1.955E+01  2.930E+02  0.000E+00  4.179E+02 -2.730E+02
  5.583E+01  1.955E+01  2.930E+02  0.000E+00  4.179E+02 -2.730E+02
  5.593E+01  1.955E+01  2.930E+02  0.000E+00  4.179E+02 -2.730E+02
  5.603E+01  1.955E+01  2.930E+02  0.000E+00  4.179E+02 -2.730E+02
  5.613E+01  1.955E+01  2.930E+02  0.000E+00  4.179E+02 -2.730E+02
  5.623E+01  1.955E+01  2.930E+02  0.000E+00  4.179E+02 -2.730E+02
  5.633E+01  1.955E+01  2.930E+02  0.000E+00  4.179E+02 -2.730E+02
  5.643E+01  1.955E+01  2.930E+02  0.000E+00  4.179E+02 -2.730E+02
  5.653E+01  1.955E+01  2.930E+02  0.000E+00  4.179E+02 -2.730E+02
  5.663E+01  1.955E+01  2.930E+02  0.000E+00  4.179E+02 -2.730E+02
  5.673E+01  1.955E+01  2.930E+02  0.000E+00  4.179E+02 -2.730E+02
  5.683E+01  1.955E+01  2.930E+02  0.000E+00  4.179E+02 -2.730E+02
  5.693E+01  1.955E+01  2.930E+02  0.000E+00  4.179E+02 -2.730E+02
  5.703E+01  1.955E+01  2.930E+02  0.000E+00  4.179E+02 -2.730E+02
  5.713E+01  1.955E+01  2.930E+02  0.000E+00  4.179E+02 -2.730E+02
  5.723E+01  1.955E+01  2.930E+02  0.000E+00  4.179E+02 -2.730E+02
  5.733E+01  1.955E+01  2.930E+02  0.000E+00  4.179E+02 -2.730E+02
  5.743E+01  1.955E+01  2.930E+02  0.000E+00  4.179E+02 -2.730E+02
  5.753E+01  1.955E+01  2.930E+02  0.000E+00  4.179E+02 -2.730E+02
  5.763E+01  1.955E+01  2.930E+02  0.000E+00  4.179E+02 -2.730E+02
  5.773E+01  1.955E+01  2.930E+02  0.000E+00  4.179E+02 -2.730E+02
  5.783E+01  1.955E+01  2.930E+02  0.000E+00  4.179E+02 -2.730E+02
  5.793E+01  1.955E+01  2.930E+02  0.000E+00  4.179E+02 -2.730E+02
  5.803E+01  1.955E+01  2.930E+02  0.000E+00  4.179E+02 -2.730E+02
  5.813E+01  1.955E+01  2.930E+02  0.000E+00  4.179E+02 -2.730E+02
  5.823E+01  1.955E+01  2.930E+02  0.000E+00  4.179E+02 -2.730E+02
  5.833E+01  1.955E+01  2.930E+02  0.000E+00  4.179E+02 -2.730E+02
  5.843E+01  1.955E+01  2.930E+02  0.000E+00  4.179E+02 -2.730E+02
  5.853E+01  1.955E+01  2.930E+02  0.000E+00  4.179E+02 -2.730E+02
  5.863E+01  1.955E+01  2.930E+02  0.000E+00  4.179E+02 -2.730E+02
  5.873E+01  1.955E+01  2.930E+02  0.000E+00  4.179E+02 -2.730E+02
  5.883E+01  1.955E+01  2.930E+02  0.000E+00  4.179E+02 -2.730E+02
  5.893E+01  1.955E+01  2.930E+02  0.000E+00  4.179E+02 -2.730E+02
  5.903E+01  1.955E+01  2.930E+02  0.000E+00  4.179E+02 -2.730E+02
  5.913E+01  1.955E+01  2.930E+02  0.000E+00  4.179E+02 -2.730E+02
  5.923E+01  1.955E+01  2.930E+02  0.000E+00  4.179E+02 -2.730E+02
  5.933E+01  1.955E+01  2.930E+02  0.000E+00  4.179E+02 -2.730E+02
  5.943E+01  1.955E+01  2.930E+02  0.000E+00  4.179E+02 -2.730E+02
  5.953E+01  1.955E+01  2.930E+02  0.000E+00  4.179E+02 -2.730E+02
  5.963E+01  1.955E+01  2.930E+02  0.000E+00  4.179E+02 -2.730E+02
  5.973E+01  1.955E+01  2.930E+02  0.000E+00  4.179E+02 -2.730E+02
  5.983E+01  1.955E+01  2.930E+02  0.000E+00  4.179E+02 -2.730E+02
  5.993E+01  1.955E+01  2.930E+02  0.000E+00  4.179E+02 -2.730E+02
  6.003E+01  1.955E+01  2.930E+02  0.000E+00  4.179E+02 -2.730E+02
