 X( 21)=-4.6481E+01     Y( 25)=-2.7949E+01     Z( 14)= 4.8577E+01

       TIME  Velocity   Temperatur CH4        Max radiat Solid Temp
  1.000E-03  1.924E+01  2.930E+02  0.000E+00  4.179E+02 -2.730E+02
  2.100E-03  1.901E+01  2.930E+02  0.000E+00  4.179E+02 -2.730E+02
  3.100E-03  1.871E+01  2.930E+02  0.000E+00  4.179E+02 -2.730E+02
  4.171E-03  1.853E+01  2.930E+02  0.000E+00  4.179E+02 -2.730E+02
  5.349E-03  1.842E+01  2.930E+02  0.000E+00  4.179E+02 -2.730E+02
  6.645E-03  1.851E+01  2.930E+02  0.000E+00  4.179E+02 -2.730E+02
  8.070E-03  1.850E+01  2.930E+02  0.000E+00  4.179E+02 -2.730E+02
  9.638E-03  1.847E+01  2.930E+02  0.000E+00  4.179E+02 -2.730E+02
  1.136E-02  1.847E+01  2.930E+02  0.000E+00  4.179E+02 -2.730E+02
  1.326E-02  1.848E+01  2.930E+02  0.000E+00  4.179E+02 -2.730E+02
  1.535E-02  1.849E+01  2.930E+02  0.000E+00  4.179E+02 -2.730E+02
  1.764E-02  1.850E+01  2.930E+02  0.000E+00  4.179E+02 -2.730E+02
  2.017E-02  1.850E+01  2.930E+02  0.000E+00  4.179E+02 -2.730E+02
  2.294E-02  1.850E+01  2.930E+02  0.000E+00  4.179E+02 -2.730E+02
  2.600E-02  1.850E+01  2.930E+02  0.000E+00  4.179E+02 -2.730E+02
  2.936E-02  1.849E+01  2.930E+02  0.000E+00  4.179E+02 -2.730E+02
  3.306E-02  1.849E+01  2.930E+02  0.000E+00  4.179E+02 -2.730E+02
  3.712E-02  1.848E+01  2.930E+02  0.000E+00  4.179E+02 -2.730E+02
  4.160E-02  1.847E+01  2.930E+02  0.000E+00  4.179E+02 -2.730E+02
  4.652E-02  1.846E+01  2.930E+02  0.000E+00  4.179E+02 -2.730E+02
  5.193E-02  1.845E+01  2.930E+02  0.000E+00  4.179E+02 -2.730E+02
  5.788E-02  1.845E+01  2.930E+02  0.000E+00  4.179E+02 -2.730E+02
  6.443E-02  1.845E+01  2.930E+02  0.000E+00  4.179E+02 -2.730E+02
  7.164E-02  1.845E+01  2.930E+02  0.000E+00  4.179E+02 -2.730E+02
  7.956E-02  1.845E+01  2.930E+02  0.000E+00  4.179E+02 -2.730E+02
  8.828E-02  1.845E+01  2.930E+02  0.000E+00  4.179E+02 -2.730E+02
  9.787E-02  1.845E+01  2.930E+02  0.000E+00  4.179E+02 -2.730E+02
  1.084E-01  1.845E+01  2.930E+02  0.000E+00  4.179E+02 -2.730E+02
  1.200E-01  1.845E+01  2.930E+02  0.000E+00  4.179E+02 -2.730E+02
  1.328E-01  1.844E+01  2.930E+02  0.000E+00  4.179E+02 -2.730E+02
  1.468E-01  1.844E+01  2.930E+02  0.000E+00  4.179E+02 -2.730E+02
  1.623E-01  1.843E+01  2.930E+02  0.000E+00  4.179E+02 -2.730E+02
  1.792E-01  1.842E+01  2.930E+02  0.000E+00  4.179E+02 -2.730E+02
  1.979E-01  1.840E+01  2.930E+02  0.000E+00  4.179E+02 -2.730E+02
  2.185E-01  1.839E+01  2.930E+02  0.000E+00  4.179E+02 -2.730E+02
  2.411E-01  1.838E+01  2.930E+02  0.000E+00  4.179E+02 -2.730E+02
  2.660E-01  1.837E+01  2.930E+02  0.000E+00  4.179E+02 -2.730E+02
  2.933E-01  1.836E+01  2.930E+02  0.000E+00  4.179E+02 -2.730E+02
  3.234E-01  1.835E+01  2.930E+02  0.000E+00  4.179E+02 -2.730E+02
  3.565E-01  1.835E+01  2.930E+02  0.000E+00  4.179E+02 -2.730E+02
  3.929E-01  1.834E+01  2.930E+02  0.000E+00  4.179E+02 -2.730E+02
  4.330E-01  1.833E+01  2.930E+02  0.000E+00  4.179E+02 -2.730E+02
  4.771E-01  1.833E+01  2.930E+02  0.000E+00  4.179E+02 -2.730E+02
  5.255E-01  1.832E+01  2.930E+02  0.000E+00  4.179E+02 -2.730E+02
  5.788E-01  1.831E+01  2.930E+02  0.000E+00  4.179E+02 -2.730E+02
  6.375E-01  1.830E+01  2.930E+02  0.000E+00  4.179E+02 -2.730E+02
  7.020E-01  1.828E+01  2.930E+02  0.000E+00  4.179E+02 -2.730E+02
  7.729E-01  1.827E+01  2.930E+02  0.000E+00  4.179E+02 -2.730E+02
  8.510E-01  1.825E+01  2.930E+02  0.000E+00  4.179E+02 -2.730E+02
  9.369E-01  1.823E+01  2.930E+02  0.000E+00  4.179E+02 -2.730E+02
  1.031E+00  1.822E+01  2.930E+02  0.000E+00  4.179E+02 -2.730E+02
  1.131E+00  1.821E+01  2.930E+02  0.000E+00  4.179E+02 -2.730E+02
  1.231E+00  1.820E+01  2.930E+02  0.000E+00  4.179E+02 -2.730E+02
  1.331E+00  1.819E+01  2.930E+02  0.000E+00  4.179E+02 -2.730E+02
  1.431E+00  1.819E+01  2.930E+02  0.000E+00  4.179E+02 -2.730E+02
  1.531E+00  1.818E+01  2.930E+02  0.000E+00  4.179E+02 -2.730E+02
  1.631E+00  1.818E+01  2.930E+02  0.000E+00  4.179E+02 -2.730E+02
  1.731E+00  1.818E+01  2.930E+02  0.000E+00  4.179E+02 -2.730E+02
  1.831E+00  1.818E+01  2.930E+02  0.000E+00  4.179E+02 -2.730E+02
  1.931E+00  1.818E+01  2.930E+02  0.000E+00  4.179E+02 -2.730E+02
  2.031E+00  1.818E+01  2.930E+02  0.000E+00  4.179E+02 -2.730E+02
  2.131E+00  1.818E+01  2.930E+02  0.000E+00  4.179E+02 -2.730E+02
  2.231E+00  1.818E+01  2.930E+02  0.000E+00  4.179E+02 -2.730E+02
  2.331E+00  1.819E+01  2.930E+02  0.000E+00  4.179E+02 -2.730E+02
  2.431E+00  1.819E+01  2.930E+02  0.000E+00  4.179E+02 -2.730E+02
  2.531E+00  1.819E+01  2.930E+02  0.000E+00  4.179E+02 -2.730E+02
  2.631E+00  1.820E+01  2.930E+02  0.000E+00  4.179E+02 -2.730E+02
  2.731E+00  1.820E+01  2.930E+02  0.000E+00  4.179E+02 -2.730E+02
  2.831E+00  1.820E+01  2.930E+02  0.000E+00  4.179E+02 -2.730E+02
  2.931E+00  1.820E+01  2.930E+02  0.000E+00  4.179E+02 -2.730E+02
  3.031E+00  1.820E+01  2.930E+02  0.000E+00  4.179E+02 -2.730E+02
  3.131E+00  1.821E+01  2.930E+02  0.000E+00  4.179E+02 -2.730E+02
  3.231E+00  1.821E+01  2.930E+02  0.000E+00  4.179E+02 -2.730E+02
  3.331E+00  1.821E+01  2.930E+02  0.000E+00  4.179E+02 -2.730E+02
  3.431E+00  1.821E+01  2.930E+02  0.000E+00  4.179E+02 -2.730E+02
  3.531E+00  1.821E+01  2.930E+02  0.000E+00  4.179E+02 -2.730E+02
  3.631E+00  1.821E+01  2.930E+02  0.000E+00  4.179E+02 -2.730E+02
  3.731E+00  1.821E+01  2.930E+02  0.000E+00  4.179E+02 -2.730E+02
  3.831E+00  1.821E+01  2.930E+02  0.000E+00  4.179E+02 -2.730E+02
  3.931E+00  1.821E+01  2.930E+02  0.000E+00  4.179E+02 -2.730E+02
  4.031E+00  1.821E+01  2.930E+02  0.000E+00  4.179E+02 -2.730E+02
  4.131E+00  1.821E+01  2.930E+02  0.000E+00  4.179E+02 -2.730E+02
  4.231E+00  1.821E+01  2.930E+02  0.000E+00  4.179E+02 -2.730E+02
  4.331E+00  1.821E+01  2.930E+02  0.000E+00  4.179E+02 -2.730E+02
  4.431E+00  1.821E+01  2.930E+02  0.000E+00  4.179E+02 -2.730E+02
  4.531E+00  1.821E+01  2.930E+02  0.000E+00  4.179E+02 -2.730E+02
  4.631E+00  1.821E+01  2.930E+02  0.000E+00  4.179E+02 -2.730E+02
  4.731E+00  1.821E+01  2.930E+02  0.000E+00  4.179E+02 -2.730E+02
  4.831E+00  1.821E+01  2.930E+02  0.000E+00  4.179E+02 -2.730E+02
  4.931E+00  1.821E+01  2.930E+02  0.000E+00  4.179E+02 -2.730E+02
  5.031E+00  1.821E+01  2.930E+02  0.000E+00  4.179E+02 -2.730E+02
  5.131E+00  1.820E+01  2.930E+02  0.000E+00  4.179E+02 -2.730E+02
  5.231E+00  1.820E+01  2.930E+02  0.000E+00  4.179E+02 -2.730E+02
  5.331E+00  1.820E+01  2.930E+02  0.000E+00  4.179E+02 -2.730E+02
  5.431E+00  1.819E+01  2.930E+02  0.000E+00  4.179E+02 -2.730E+02
  5.531E+00  1.819E+01  2.930E+02  0.000E+00  4.179E+02 -2.730E+02
  5.631E+00  1.819E+01  2.930E+02  0.000E+00  4.179E+02 -2.730E+02
  5.731E+00  1.818E+01  2.930E+02  0.000E+00  4.179E+02 -2.730E+02
  5.831E+00  1.817E+01  2.930E+02  0.000E+00  4.179E+02 -2.730E+02
  5.931E+00  1.817E+01  2.930E+02  0.000E+00  4.179E+02 -2.730E+02
  6.031E+00  1.816E+01  2.930E+02  0.000E+00  4.179E+02 -2.730E+02
  6.131E+00  1.815E+01  2.930E+02  0.000E+00  4.179E+02 -2.730E+02
  6.231E+00  1.813E+01  2.930E+02  0.000E+00  4.179E+02 -2.730E+02
  6.331E+00  1.812E+01  2.930E+02  0.000E+00  4.179E+02 -2.730E+02
  6.431E+00  1.811E+01  2.930E+02  0.000E+00  4.179E+02 -2.730E+02
  6.531E+00  1.809E+01  2.930E+02  0.000E+00  4.179E+02 -2.730E+02
  6.631E+00  1.808E+01  2.930E+02  0.000E+00  4.179E+02 -2.730E+02
  6.731E+00  1.806E+01  2.930E+02  0.000E+00  4.179E+02 -2.730E+02
  6.831E+00  1.804E+01  2.930E+02  0.000E+00  4.179E+02 -2.730E+02
  6.931E+00  1.802E+01  2.930E+02  0.000E+00  4.179E+02 -2.730E+02
  7.031E+00  1.800E+01  2.930E+02  0.000E+00  4.179E+02 -2.730E+02
  7.131E+00  1.798E+01  2.930E+02  0.000E+00  4.179E+02 -2.730E+02
  7.231E+00  1.796E+01  2.930E+02  0.000E+00  4.179E+02 -2.730E+02
  7.331E+00  1.794E+01  2.930E+02  0.000E+00  4.179E+02 -2.730E+02
  7.431E+00  1.792E+01  2.930E+02  0.000E+00  4.179E+02 -2.730E+02
  7.531E+00  1.789E+01  2.930E+02  0.000E+00  4.179E+02 -2.730E+02
  7.631E+00  1.787E+01  2.930E+02  0.000E+00  4.179E+02 -2.730E+02
  7.731E+00  1.785E+01  2.930E+02  0.000E+00  4.179E+02 -2.730E+02
  7.831E+00  1.782E+01  2.930E+02  0.000E+00  4.179E+02 -2.730E+02
  7.931E+00  1.780E+01  2.930E+02  0.000E+00  4.179E+02 -2.730E+02
  8.031E+00  1.777E+01  2.930E+02  0.000E+00  4.179E+02 -2.730E+02
  8.131E+00  1.775E+01  2.930E+02  0.000E+00  4.179E+02 -2.730E+02
  8.231E+00  1.772E+01  2.930E+02  0.000E+00  4.179E+02 -2.730E+02
  8.331E+00  1.769E+01  2.930E+02  0.000E+00  4.179E+02 -2.730E+02
  8.431E+00  1.767E+01  2.930E+02  0.000E+00  4.179E+02 -2.730E+02
  8.531E+00  1.764E+01  2.930E+02  0.000E+00  4.179E+02 -2.730E+02
  8.631E+00  1.762E+01  2.930E+02  0.000E+00  4.179E+02 -2.730E+02
  8.731E+00  1.759E+01  2.930E+02  0.000E+00  4.179E+02 -2.730E+02
  8.831E+00  1.756E+01  2.930E+02  0.000E+00  4.179E+02 -2.730E+02
  8.931E+00  1.754E+01  2.930E+02  0.000E+00  4.179E+02 -2.730E+02
  9.031E+00  1.751E+01  2.930E+02  0.000E+00  4.179E+02 -2.730E+02
  9.131E+00  1.749E+01  2.930E+02  0.000E+00  4.179E+02 -2.730E+02
  9.231E+00  1.746E+01  2.930E+02  0.000E+00  4.179E+02 -2.730E+02
  9.331E+00  1.743E+01  2.930E+02  0.000E+00  4.179E+02 -2.730E+02
  9.431E+00  1.741E+01  2.930E+02  0.000E+00  4.179E+02 -2.730E+02
  9.531E+00  1.738E+01  2.930E+02  0.000E+00  4.179E+02 -2.730E+02
  9.631E+00  1.735E+01  2.930E+02  0.000E+00  4.179E+02 -2.730E+02
  9.731E+00  1.733E+01  2.930E+02  0.000E+00  4.179E+02 -2.730E+02
  9.831E+00  1.730E+01  2.930E+02  0.000E+00  4.179E+02 -2.730E+02
  9.931E+00  1.727E+01  2.930E+02  0.000E+00  4.179E+02 -2.730E+02
  1.003E+01  1.724E+01  2.930E+02  0.000E+00  4.179E+02 -2.730E+02
  1.013E+01  1.722E+01  2.930E+02  0.000E+00  4.179E+02 -2.730E+02
  1.023E+01  1.719E+01  2.930E+02  0.000E+00  4.179E+02 -2.730E+02
  1.033E+01  1.716E+01  2.930E+02  0.000E+00  4.179E+02 -2.730E+02
  1.043E+01  1.713E+01  2.930E+02  0.000E+00  4.179E+02 -2.730E+02
  1.053E+01  1.710E+01  2.930E+02  0.000E+00  4.179E+02 -2.730E+02
  1.063E+01  1.707E+01  2.930E+02  0.000E+00  4.179E+02 -2.730E+02
  1.073E+01  1.704E+01  2.930E+02  0.000E+00  4.179E+02 -2.730E+02
  1.083E+01  1.701E+01  2.930E+02  0.000E+00  4.179E+02 -2.730E+02
  1.093E+01  1.698E+01  2.930E+02  0.000E+00  4.179E+02 -2.730E+02
  1.103E+01  1.695E+01  2.930E+02  0.000E+00  4.179E+02 -2.730E+02
  1.113E+01  1.692E+01  2.930E+02  0.000E+00  4.179E+02 -2.730E+02
  1.123E+01  1.689E+01  2.930E+02  0.000E+00  4.179E+02 -2.730E+02
  1.133E+01  1.686E+01  2.930E+02  0.000E+00  4.179E+02 -2.730E+02
  1.143E+01  1.683E+01  2.930E+02  0.000E+00  4.179E+02 -2.730E+02
  1.153E+01  1.680E+01  2.930E+02  0.000E+00  4.179E+02 -2.730E+02
  1.163E+01  1.676E+01  2.930E+02  0.000E+00  4.179E+02 -2.730E+02
  1.173E+01  1.673E+01  2.930E+02  0.000E+00  4.179E+02 -2.730E+02
  1.183E+01  1.670E+01  2.930E+02  0.000E+00  4.179E+02 -2.730E+02
  1.193E+01  1.667E+01  2.930E+02  0.000E+00  4.179E+02 -2.730E+02
  1.203E+01  1.663E+01  2.930E+02  0.000E+00  4.179E+02 -2.730E+02
  1.213E+01  1.660E+01  2.930E+02  0.000E+00  4.179E+02 -2.730E+02
  1.223E+01  1.657E+01  2.930E+02  0.000E+00  4.179E+02 -2.730E+02
  1.233E+01  1.653E+01  2.930E+02  0.000E+00  4.179E+02 -2.730E+02
  1.243E+01  1.650E+01  2.930E+02  0.000E+00  4.179E+02 -2.730E+02
  1.253E+01  1.647E+01  2.930E+02  0.000E+00  4.179E+02 -2.730E+02
  1.263E+01  1.643E+01  2.930E+02  0.000E+00  4.179E+02 -2.730E+02
  1.273E+01  1.640E+01  2.930E+02  0.000E+00  4.179E+02 -2.730E+02
  1.283E+01  1.637E+01  2.930E+02  0.000E+00  4.179E+02 -2.730E+02
  1.293E+01  1.633E+01  2.930E+02  0.000E+00  4.179E+02 -2.730E+02
  1.303E+01  1.630E+01  2.930E+02  0.000E+00  4.179E+02 -2.730E+02
  1.313E+01  1.627E+01  2.930E+02  0.000E+00  4.179E+02 -2.730E+02
  1.323E+01  1.624E+01  2.930E+02  0.000E+00  4.179E+02 -2.730E+02
  1.333E+01  1.620E+01  2.930E+02  0.000E+00  4.179E+02 -2.730E+02
  1.343E+01  1.617E+01  2.930E+02  0.000E+00  4.179E+02 -2.730E+02
  1.353E+01  1.614E+01  2.930E+02  0.000E+00  4.179E+02 -2.730E+02
  1.363E+01  1.610E+01  2.930E+02  0.000E+00  4.179E+02 -2.730E+02
  1.373E+01  1.607E+01  2.930E+02  0.000E+00  4.179E+02 -2.730E+02
  1.383E+01  1.604E+01  2.930E+02  0.000E+00  4.179E+02 -2.730E+02
  1.393E+01  1.601E+01  2.930E+02  0.000E+00  4.179E+02 -2.730E+02
  1.403E+01  1.598E+01  2.930E+02  0.000E+00  4.179E+02 -2.730E+02
  1.413E+01  1.595E+01  2.930E+02  0.000E+00  4.179E+02 -2.730E+02
  1.423E+01  1.591E+01  2.930E+02  0.000E+00  4.179E+02 -2.730E+02
  1.433E+01  1.588E+01  2.930E+02  0.000E+00  4.179E+02 -2.730E+02
  1.443E+01  1.585E+01  2.930E+02  0.000E+00  4.179E+02 -2.730E+02
  1.453E+01  1.582E+01  2.930E+02  0.000E+00  4.179E+02 -2.730E+02
  1.463E+01  1.579E+01  2.930E+02  0.000E+00  4.179E+02 -2.730E+02
  1.473E+01  1.576E+01  2.930E+02  0.000E+00  4.179E+02 -2.730E+02
  1.483E+01  1.573E+01  2.930E+02  0.000E+00  4.179E+02 -2.730E+02
  1.493E+01  1.570E+01  2.930E+02  0.000E+00  4.179E+02 -2.730E+02
  1.503E+01  1.567E+01  2.930E+02  0.000E+00  4.179E+02 -2.730E+02
  1.513E+01  1.565E+01  2.930E+02  0.000E+00  4.179E+02 -2.730E+02
  1.523E+01  1.562E+01  2.930E+02  0.000E+00  4.179E+02 -2.730E+02
  1.533E+01  1.559E+01  2.930E+02  0.000E+00  4.179E+02 -2.730E+02
  1.543E+01  1.556E+01  2.930E+02  0.000E+00  4.179E+02 -2.730E+02
  1.553E+01  1.553E+01  2.930E+02  0.000E+00  4.179E+02 -2.730E+02
  1.563E+01  1.551E+01  2.930E+02  0.000E+00  4.179E+02 -2.730E+02
  1.573E+01  1.548E+01  2.930E+02  0.000E+00  4.179E+02 -2.730E+02
  1.583E+01  1.545E+01  2.930E+02  0.000E+00  4.179E+02 -2.730E+02
  1.593E+01  1.543E+01  2.930E+02  0.000E+00  4.179E+02 -2.730E+02
  1.603E+01  1.540E+01  2.930E+02  0.000E+00  4.179E+02 -2.730E+02
  1.613E+01  1.538E+01  2.930E+02  0.000E+00  4.179E+02 -2.730E+02
  1.623E+01  1.535E+01  2.930E+02  0.000E+00  4.179E+02 -2.730E+02
  1.633E+01  1.533E+01  2.930E+02  0.000E+00  4.179E+02 -2.730E+02
  1.643E+01  1.530E+01  2.930E+02  0.000E+00  4.179E+02 -2.730E+02
  1.653E+01  1.528E+01  2.930E+02  0.000E+00  4.179E+02 -2.730E+02
  1.663E+01  1.525E+01  2.930E+02  0.000E+00  4.179E+02 -2.730E+02
  1.673E+01  1.523E+01  2.930E+02  0.000E+00  4.179E+02 -2.730E+02
  1.683E+01  1.521E+01  2.930E+02  0.000E+00  4.179E+02 -2.730E+02
  1.693E+01  1.518E+01  2.930E+02  0.000E+00  4.179E+02 -2.730E+02
  1.703E+01  1.516E+01  2.930E+02  0.000E+00  4.179E+02 -2.730E+02
  1.713E+01  1.514E+01  2.930E+02  0.000E+00  4.179E+02 -2.730E+02
  1.723E+01  1.511E+01  2.930E+02  0.000E+00  4.179E+02 -2.730E+02
  1.733E+01  1.509E+01  2.930E+02  0.000E+00  4.179E+02 -2.730E+02
  1.743E+01  1.507E+01  2.930E+02  0.000E+00  4.179E+02 -2.730E+02
  1.753E+01  1.504E+01  2.930E+02  0.000E+00  4.179E+02 -2.730E+02
  1.763E+01  1.502E+01  2.930E+02  0.000E+00  4.179E+02 -2.730E+02
  1.773E+01  1.500E+01  2.930E+02  0.000E+00  4.179E+02 -2.730E+02
  1.783E+01  1.498E+01  2.930E+02  0.000E+00  4.179E+02 -2.730E+02
  1.793E+01  1.495E+01  2.930E+02  0.000E+00  4.179E+02 -2.730E+02
  1.803E+01  1.493E+01  2.930E+02  0.000E+00  4.179E+02 -2.730E+02
  1.813E+01  1.491E+01  2.930E+02  0.000E+00  4.179E+02 -2.730E+02
  1.823E+01  1.489E+01  2.930E+02  0.000E+00  4.179E+02 -2.730E+02
  1.833E+01  1.487E+01  2.930E+02  0.000E+00  4.179E+02 -2.730E+02
  1.843E+01  1.484E+01  2.930E+02  0.000E+00  4.179E+02 -2.730E+02
  1.853E+01  1.482E+01  2.930E+02  0.000E+00  4.179E+02 -2.730E+02
  1.863E+01  1.480E+01  2.930E+02  0.000E+00  4.179E+02 -2.730E+02
  1.873E+01  1.478E+01  2.930E+02  0.000E+00  4.179E+02 -2.730E+02
  1.883E+01  1.476E+01  2.930E+02  0.000E+00  4.179E+02 -2.730E+02
  1.893E+01  1.473E+01  2.930E+02  0.000E+00  4.179E+02 -2.730E+02
  1.903E+01  1.471E+01  2.930E+02  0.000E+00  4.179E+02 -2.730E+02
  1.913E+01  1.469E+01  2.930E+02  0.000E+00  4.179E+02 -2.730E+02
  1.923E+01  1.467E+01  2.930E+02  0.000E+00  4.179E+02 -2.730E+02
  1.933E+01  1.464E+01  2.930E+02  0.000E+00  4.179E+02 -2.730E+02
  1.943E+01  1.462E+01  2.930E+02  0.000E+00  4.179E+02 -2.730E+02
  1.953E+01  1.460E+01  2.930E+02  0.000E+00  4.179E+02 -2.730E+02
  1.963E+01  1.457E+01  2.930E+02  0.000E+00  4.179E+02 -2.730E+02
  1.973E+01  1.455E+01  2.930E+02  0.000E+00  4.179E+02 -2.730E+02
  1.983E+01  1.453E+01  2.930E+02  0.000E+00  4.179E+02 -2.730E+02
  1.993E+01  1.450E+01  2.930E+02  0.000E+00  4.179E+02 -2.730E+02
  2.003E+01  1.448E+01  2.930E+02  0.000E+00  4.179E+02 -2.730E+02
  2.013E+01  1.445E+01  2.930E+02  0.000E+00  4.179E+02 -2.730E+02
  2.023E+01  1.443E+01  2.930E+02  0.000E+00  4.179E+02 -2.730E+02
  2.033E+01  1.440E+01  2.930E+02  0.000E+00  4.179E+02 -2.730E+02
  2.043E+01  1.438E+01  2.930E+02  0.000E+00  4.179E+02 -2.730E+02
  2.053E+01  1.435E+01  2.930E+02  0.000E+00  4.179E+02 -2.730E+02
  2.063E+01  1.433E+01  2.930E+02  0.000E+00  4.179E+02 -2.730E+02
  2.073E+01  1.430E+01  2.930E+02  0.000E+00  4.179E+02 -2.730E+02
  2.083E+01  1.428E+01  2.930E+02  0.000E+00  4.179E+02 -2.730E+02
  2.093E+01  1.425E+01  2.930E+02  0.000E+00  4.179E+02 -2.730E+02
  2.103E+01  1.423E+01  2.930E+02  0.000E+00  4.179E+02 -2.730E+02
  2.113E+01  1.420E+01  2.930E+02  0.000E+00  4.179E+02 -2.730E+02
  2.123E+01  1.417E+01  2.930E+02  0.000E+00  4.179E+02 -2.730E+02
  2.133E+01  1.415E+01  2.930E+02  0.000E+00  4.179E+02 -2.730E+02
  2.143E+01  1.412E+01  2.930E+02  0.000E+00  4.179E+02 -2.730E+02
  2.153E+01  1.409E+01  2.930E+02  0.000E+00  4.179E+02 -2.730E+02
  2.163E+01  1.406E+01  2.930E+02  0.000E+00  4.179E+02 -2.730E+02
  2.173E+01  1.404E+01  2.930E+02  0.000E+00  4.179E+02 -2.730E+02
  2.183E+01  1.401E+01  2.930E+02  0.000E+00  4.179E+02 -2.730E+02
  2.193E+01  1.398E+01  2.930E+02  0.000E+00  4.179E+02 -2.730E+02
  2.203E+01  1.395E+01  2.930E+02  0.000E+00  4.179E+02 -2.730E+02
  2.213E+01  1.392E+01  2.930E+02  0.000E+00  4.179E+02 -2.730E+02
  2.223E+01  1.390E+01  2.930E+02  0.000E+00  4.179E+02 -2.730E+02
  2.233E+01  1.387E+01  2.930E+02  0.000E+00  4.179E+02 -2.730E+02
  2.243E+01  1.384E+01  2.930E+02  0.000E+00  4.179E+02 -2.730E+02
  2.253E+01  1.381E+01  2.930E+02  0.000E+00  4.179E+02 -2.730E+02
  2.263E+01  1.378E+01  2.930E+02  0.000E+00  4.179E+02 -2.730E+02
  2.273E+01  1.375E+01  2.930E+02  0.000E+00  4.179E+02 -2.730E+02
  2.283E+01  1.372E+01  2.930E+02  0.000E+00  4.179E+02 -2.730E+02
  2.293E+01  1.369E+01  2.930E+02  0.000E+00  4.179E+02 -2.730E+02
  2.303E+01  1.366E+01  2.930E+02  0.000E+00  4.179E+02 -2.730E+02
  2.313E+01  1.364E+01  2.930E+02  0.000E+00  4.179E+02 -2.730E+02
  2.323E+01  1.361E+01  2.930E+02  0.000E+00  4.179E+02 -2.730E+02
  2.333E+01  1.358E+01  2.930E+02  0.000E+00  4.179E+02 -2.730E+02
  2.343E+01  1.355E+01  2.930E+02  0.000E+00  4.179E+02 -2.730E+02
  2.353E+01  1.352E+01  2.930E+02  0.000E+00  4.179E+02 -2.730E+02
  2.363E+01  1.349E+01  2.930E+02  0.000E+00  4.179E+02 -2.730E+02
  2.373E+01  1.346E+01  2.930E+02  0.000E+00  4.179E+02 -2.730E+02
  2.383E+01  1.343E+01  2.930E+02  0.000E+00  4.179E+02 -2.730E+02
  2.393E+01  1.340E+01  2.930E+02  0.000E+00  4.179E+02 -2.730E+02
  2.403E+01  1.337E+01  2.930E+02  0.000E+00  4.179E+02 -2.730E+02
  2.413E+01  1.334E+01  2.930E+02  0.000E+00  4.179E+02 -2.730E+02
  2.423E+01  1.331E+01  2.930E+02  0.000E+00  4.179E+02 -2.730E+02
  2.433E+01  1.328E+01  2.930E+02  0.000E+00  4.179E+02 -2.730E+02
  2.443E+01  1.325E+01  2.930E+02  0.000E+00  4.179E+02 -2.730E+02
  2.453E+01  1.323E+01  2.930E+02  0.000E+00  4.179E+02 -2.730E+02
  2.463E+01  1.320E+01  2.930E+02  0.000E+00  4.179E+02 -2.730E+02
  2.473E+01  1.317E+01  2.930E+02  0.000E+00  4.179E+02 -2.730E+02
  2.483E+01  1.314E+01  2.930E+02  0.000E+00  4.179E+02 -2.730E+02
  2.493E+01  1.311E+01  2.930E+02  0.000E+00  4.179E+02 -2.730E+02
  2.503E+01  1.308E+01  2.930E+02  0.000E+00  4.179E+02 -2.730E+02
  2.513E+01  1.306E+01  2.930E+02  0.000E+00  4.179E+02 -2.730E+02
  2.523E+01  1.303E+01  2.930E+02  0.000E+00  4.179E+02 -2.730E+02
  2.533E+01  1.300E+01  2.930E+02  0.000E+00  4.179E+02 -2.730E+02
  2.543E+01  1.297E+01  2.930E+02  0.000E+00  4.179E+02 -2.730E+02
  2.553E+01  1.295E+01  2.930E+02  0.000E+00  4.179E+02 -2.730E+02
  2.563E+01  1.292E+01  2.930E+02  0.000E+00  4.179E+02 -2.730E+02
  2.573E+01  1.289E+01  2.930E+02  0.000E+00  4.179E+02 -2.730E+02
  2.583E+01  1.287E+01  2.930E+02  0.000E+00  4.179E+02 -2.730E+02
  2.593E+01  1.284E+01  2.930E+02  0.000E+00  4.179E+02 -2.730E+02
  2.603E+01  1.281E+01  2.930E+02  0.000E+00  4.179E+02 -2.730E+02
  2.613E+01  1.279E+01  2.930E+02  0.000E+00  4.179E+02 -2.730E+02
  2.623E+01  1.276E+01  2.930E+02  0.000E+00  4.179E+02 -2.730E+02
  2.633E+01  1.274E+01  2.930E+02  0.000E+00  4.179E+02 -2.730E+02
  2.643E+01  1.271E+01  2.930E+02  0.000E+00  4.179E+02 -2.730E+02
  2.653E+01  1.269E+01  2.930E+02  0.000E+00  4.179E+02 -2.730E+02
  2.663E+01  1.266E+01  2.930E+02  0.000E+00  4.179E+02 -2.730E+02
  2.673E+01  1.264E+01  2.930E+02  0.000E+00  4.179E+02 -2.730E+02
  2.683E+01  1.262E+01  2.930E+02  0.000E+00  4.179E+02 -2.730E+02
  2.693E+01  1.259E+01  2.930E+02  0.000E+00  4.179E+02 -2.730E+02
  2.703E+01  1.257E+01  2.930E+02  0.000E+00  4.179E+02 -2.730E+02
  2.713E+01  1.255E+01  2.930E+02  0.000E+00  4.179E+02 -2.730E+02
  2.723E+01  1.252E+01  2.930E+02  0.000E+00  4.179E+02 -2.730E+02
  2.733E+01  1.250E+01  2.930E+02  0.000E+00  4.179E+02 -2.730E+02
  2.743E+01  1.248E+01  2.930E+02  0.000E+00  4.179E+02 -2.730E+02
  2.753E+01  1.246E+01  2.930E+02  0.000E+00  4.179E+02 -2.730E+02
  2.763E+01  1.244E+01  2.930E+02  0.000E+00  4.179E+02 -2.730E+02
  2.773E+01  1.242E+01  2.930E+02  0.000E+00  4.179E+02 -2.730E+02
  2.783E+01  1.239E+01  2.930E+02  0.000E+00  4.179E+02 -2.730E+02
  2.793E+01  1.237E+01  2.930E+02  0.000E+00  4.179E+02 -2.730E+02
  2.803E+01  1.235E+01  2.930E+02  0.000E+00  4.179E+02 -2.730E+02
  2.813E+01  1.233E+01  2.930E+02  0.000E+00  4.179E+02 -2.730E+02
  2.823E+01  1.231E+01  2.930E+02  0.000E+00  4.179E+02 -2.730E+02
  2.833E+01  1.230E+01  2.930E+02  0.000E+00  4.179E+02 -2.730E+02
  2.843E+01  1.228E+01  2.930E+02  0.000E+00  4.179E+02 -2.730E+02
  2.853E+01  1.226E+01  2.930E+02  0.000E+00  4.179E+02 -2.730E+02
  2.863E+01  1.224E+01  2.930E+02  0.000E+00  4.179E+02 -2.730E+02
  2.873E+01  1.222E+01  2.930E+02  0.000E+00  4.179E+02 -2.730E+02
  2.883E+01  1.220E+01  2.930E+02  0.000E+00  4.179E+02 -2.730E+02
  2.893E+01  1.219E+01  2.930E+02  0.000E+00  4.179E+02 -2.730E+02
  2.903E+01  1.217E+01  2.930E+02  0.000E+00  4.179E+02 -2.730E+02
  2.913E+01  1.215E+01  2.930E+02  0.000E+00  4.179E+02 -2.730E+02
  2.923E+01  1.214E+01  2.930E+02  0.000E+00  4.179E+02 -2.730E+02
  2.933E+01  1.212E+01  2.930E+02  0.000E+00  4.179E+02 -2.730E+02
  2.943E+01  1.210E+01  2.930E+02  0.000E+00  4.179E+02 -2.730E+02
  2.953E+01  1.209E+01  2.930E+02  0.000E+00  4.179E+02 -2.730E+02
  2.963E+01  1.207E+01  2.930E+02  0.000E+00  4.179E+02 -2.730E+02
  2.973E+01  1.206E+01  2.930E+02  0.000E+00  4.179E+02 -2.730E+02
  2.983E+01  1.204E+01  2.930E+02  0.000E+00  4.179E+02 -2.730E+02
  2.993E+01  1.203E+01  2.930E+02  0.000E+00  4.179E+02 -2.730E+02
  3.003E+01  1.201E+01  2.930E+02  0.000E+00  4.179E+02 -2.730E+02
  3.013E+01  1.200E+01  2.930E+02  0.000E+00  4.179E+02 -2.730E+02
  3.023E+01  1.199E+01  2.930E+02  0.000E+00  4.179E+02 -2.730E+02
  3.033E+01  1.197E+01  2.930E+02  0.000E+00  4.179E+02 -2.730E+02
  3.043E+01  1.196E+01  2.930E+02  0.000E+00  4.179E+02 -2.730E+02
  3.053E+01  1.195E+01  2.930E+02  0.000E+00  4.179E+02 -2.730E+02
  3.063E+01  1.193E+01  2.930E+02  0.000E+00  4.179E+02 -2.730E+02
  3.073E+01  1.192E+01  2.930E+02  0.000E+00  4.179E+02 -2.730E+02
  3.083E+01  1.191E+01  2.930E+02  0.000E+00  4.179E+02 -2.730E+02
  3.093E+01  1.190E+01  2.930E+02  0.000E+00  4.179E+02 -2.730E+02
  3.103E+01  1.189E+01  2.930E+02  0.000E+00  4.179E+02 -2.730E+02
  3.113E+01  1.187E+01  2.930E+02  0.000E+00  4.179E+02 -2.730E+02
  3.123E+01  1.186E+01  2.930E+02  0.000E+00  4.179E+02 -2.730E+02
  3.133E+01  1.185E+01  2.930E+02  0.000E+00  4.179E+02 -2.730E+02
  3.143E+01  1.184E+01  2.930E+02  0.000E+00  4.179E+02 -2.730E+02
  3.153E+01  1.183E+01  2.930E+02  0.000E+00  4.179E+02 -2.730E+02
  3.163E+01  1.182E+01  2.930E+02  0.000E+00  4.179E+02 -2.730E+02
  3.173E+01  1.181E+01  2.930E+02  0.000E+00  4.179E+02 -2.730E+02
  3.183E+01  1.180E+01  2.930E+02  0.000E+00  4.179E+02 -2.730E+02
  3.193E+01  1.179E+01  2.930E+02  0.000E+00  4.179E+02 -2.730E+02
  3.203E+01  1.178E+01  2.930E+02  0.000E+00  4.179E+02 -2.730E+02
  3.213E+01  1.177E+01  2.930E+02  0.000E+00  4.179E+02 -2.730E+02
  3.223E+01  1.176E+01  2.930E+02  0.000E+00  4.179E+02 -2.730E+02
  3.233E+01  1.175E+01  2.930E+02  0.000E+00  4.179E+02 -2.730E+02
  3.243E+01  1.174E+01  2.930E+02  0.000E+00  4.179E+02 -2.730E+02
  3.253E+01  1.173E+01  2.930E+02  0.000E+00  4.179E+02 -2.730E+02
  3.263E+01  1.172E+01  2.930E+02  0.000E+00  4.179E+02 -2.730E+02
  3.273E+01  1.171E+01  2.930E+02  0.000E+00  4.179E+02 -2.730E+02
  3.283E+01  1.170E+01  2.930E+02  0.000E+00  4.179E+02 -2.730E+02
  3.293E+01  1.169E+01  2.930E+02  0.000E+00  4.179E+02 -2.730E+02
  3.303E+01  1.169E+01  2.930E+02  0.000E+00  4.179E+02 -2.730E+02
  3.313E+01  1.168E+01  2.930E+02  0.000E+00  4.179E+02 -2.730E+02
  3.323E+01  1.167E+01  2.930E+02  0.000E+00  4.179E+02 -2.730E+02
  3.333E+01  1.166E+01  2.930E+02  0.000E+00  4.179E+02 -2.730E+02
  3.343E+01  1.165E+01  2.930E+02  0.000E+00  4.179E+02 -2.730E+02
  3.353E+01  1.165E+01  2.930E+02  0.000E+00  4.179E+02 -2.730E+02
  3.363E+01  1.164E+01  2.930E+02  0.000E+00  4.179E+02 -2.730E+02
  3.373E+01  1.163E+01  2.930E+02  0.000E+00  4.179E+02 -2.730E+02
  3.383E+01  1.162E+01  2.930E+02  0.000E+00  4.179E+02 -2.730E+02
  3.393E+01  1.161E+01  2.930E+02  0.000E+00  4.179E+02 -2.730E+02
  3.403E+01  1.161E+01  2.930E+02  0.000E+00  4.179E+02 -2.730E+02
  3.413E+01  1.160E+01  2.930E+02  0.000E+00  4.179E+02 -2.730E+02
  3.423E+01  1.159E+01  2.930E+02  0.000E+00  4.179E+02 -2.730E+02
  3.433E+01  1.158E+01  2.930E+02  0.000E+00  4.179E+02 -2.730E+02
  3.443E+01  1.158E+01  2.930E+02  0.000E+00  4.179E+02 -2.730E+02
  3.453E+01  1.157E+01  2.930E+02  0.000E+00  4.179E+02 -2.730E+02
  3.463E+01  1.156E+01  2.930E+02  0.000E+00  4.179E+02 -2.730E+02
  3.473E+01  1.156E+01  2.930E+02  0.000E+00  4.179E+02 -2.730E+02
  3.483E+01  1.155E+01  2.930E+02  0.000E+00  4.179E+02 -2.730E+02
  3.493E+01  1.154E+01  2.930E+02  0.000E+00  4.179E+02 -2.730E+02
  3.503E+01  1.154E+01  2.930E+02  0.000E+00  4.179E+02 -2.730E+02
  3.513E+01  1.153E+01  2.930E+02  0.000E+00  4.179E+02 -2.730E+02
  3.523E+01  1.152E+01  2.930E+02  0.000E+00  4.179E+02 -2.730E+02
  3.533E+01  1.152E+01  2.930E+02  0.000E+00  4.179E+02 -2.730E+02
  3.543E+01  1.151E+01  2.930E+02  0.000E+00  4.179E+02 -2.730E+02
  3.553E+01  1.150E+01  2.930E+02  0.000E+00  4.179E+02 -2.730E+02
  3.563E+01  1.150E+01  2.930E+02  0.000E+00  4.179E+02 -2.730E+02
  3.573E+01  1.149E+01  2.930E+02  0.000E+00  4.179E+02 -2.730E+02
  3.583E+01  1.148E+01  2.930E+02  0.000E+00  4.179E+02 -2.730E+02
  3.593E+01  1.148E+01  2.930E+02  0.000E+00  4.179E+02 -2.730E+02
  3.603E+01  1.147E+01  2.930E+02  0.000E+00  4.179E+02 -2.730E+02
  3.613E+01  1.147E+01  2.930E+02  0.000E+00  4.179E+02 -2.730E+02
  3.623E+01  1.146E+01  2.930E+02  0.000E+00  4.179E+02 -2.730E+02
  3.633E+01  1.145E+01  2.930E+02  0.000E+00  4.179E+02 -2.730E+02
  3.643E+01  1.145E+01  2.930E+02  0.000E+00  4.179E+02 -2.730E+02
  3.653E+01  1.144E+01  2.930E+02  0.000E+00  4.179E+02 -2.730E+02
  3.663E+01  1.144E+01  2.930E+02  0.000E+00  4.179E+02 -2.730E+02
  3.673E+01  1.143E+01  2.930E+02  0.000E+00  4.179E+02 -2.730E+02
  3.683E+01  1.142E+01  2.930E+02  0.000E+00  4.179E+02 -2.730E+02
  3.693E+01  1.142E+01  2.930E+02  0.000E+00  4.179E+02 -2.730E+02
  3.703E+01  1.141E+01  2.930E+02  0.000E+00  4.179E+02 -2.730E+02
  3.713E+01  1.141E+01  2.930E+02  0.000E+00  4.179E+02 -2.730E+02
  3.723E+01  1.140E+01  2.930E+02  0.000E+00  4.179E+02 -2.730E+02
  3.733E+01  1.139E+01  2.930E+02  0.000E+00  4.179E+02 -2.730E+02
  3.743E+01  1.139E+01  2.930E+02  0.000E+00  4.179E+02 -2.730E+02
  3.753E+01  1.138E+01  2.930E+02  0.000E+00  4.179E+02 -2.730E+02
  3.763E+01  1.138E+01  2.930E+02  0.000E+00  4.179E+02 -2.730E+02
  3.773E+01  1.137E+01  2.930E+02  0.000E+00  4.179E+02 -2.730E+02
  3.783E+01  1.137E+01  2.930E+02  0.000E+00  4.179E+02 -2.730E+02
  3.793E+01  1.136E+01  2.930E+02  0.000E+00  4.179E+02 -2.730E+02
  3.803E+01  1.136E+01  2.930E+02  0.000E+00  4.179E+02 -2.730E+02
  3.813E+01  1.135E+01  2.930E+02  0.000E+00  4.179E+02 -2.730E+02
  3.823E+01  1.134E+01  2.930E+02  0.000E+00  4.179E+02 -2.730E+02
  3.833E+01  1.134E+01  2.930E+02  0.000E+00  4.179E+02 -2.730E+02
  3.843E+01  1.133E+01  2.930E+02  0.000E+00  4.179E+02 -2.730E+02
  3.853E+01  1.133E+01  2.930E+02  0.000E+00  4.179E+02 -2.730E+02
  3.863E+01  1.132E+01  2.930E+02  0.000E+00  4.179E+02 -2.730E+02
  3.873E+01  1.132E+01  2.930E+02  0.000E+00  4.179E+02 -2.730E+02
  3.883E+01  1.131E+01  2.930E+02  0.000E+00  4.179E+02 -2.730E+02
  3.893E+01  1.131E+01  2.930E+02  0.000E+00  4.179E+02 -2.730E+02
  3.903E+01  1.130E+01  2.930E+02  0.000E+00  4.179E+02 -2.730E+02
  3.913E+01  1.130E+01  2.930E+02  0.000E+00  4.179E+02 -2.730E+02
  3.923E+01  1.129E+01  2.930E+02  0.000E+00  4.179E+02 -2.730E+02
  3.933E+01  1.128E+01  2.930E+02  0.000E+00  4.179E+02 -2.730E+02
  3.943E+01  1.128E+01  2.930E+02  0.000E+00  4.179E+02 -2.730E+02
  3.953E+01  1.127E+01  2.930E+02  0.000E+00  4.179E+02 -2.730E+02
  3.963E+01  1.127E+01  2.930E+02  0.000E+00  4.179E+02 -2.730E+02
  3.973E+01  1.126E+01  2.930E+02  0.000E+00  4.179E+02 -2.730E+02
  3.983E+01  1.126E+01  2.930E+02  0.000E+00  4.179E+02 -2.730E+02
  3.993E+01  1.125E+01  2.930E+02  0.000E+00  4.179E+02 -2.730E+02
  4.003E+01  1.125E+01  2.930E+02  0.000E+00  4.179E+02 -2.730E+02
  4.013E+01  1.124E+01  2.930E+02  0.000E+00  4.179E+02 -2.730E+02
  4.023E+01  1.124E+01  2.930E+02  0.000E+00  4.179E+02 -2.730E+02
  4.033E+01  1.123E+01  2.930E+02  0.000E+00  4.179E+02 -2.730E+02
  4.043E+01  1.123E+01  2.930E+02  0.000E+00  4.179E+02 -2.730E+02
  4.053E+01  1.122E+01  2.930E+02  0.000E+00  4.179E+02 -2.730E+02
  4.063E+01  1.122E+01  2.930E+02  0.000E+00  4.179E+02 -2.730E+02
  4.073E+01  1.121E+01  2.930E+02  0.000E+00  4.179E+02 -2.730E+02
  4.083E+01  1.121E+01  2.930E+02  0.000E+00  4.179E+02 -2.730E+02
  4.093E+01  1.120E+01  2.930E+02  0.000E+00  4.179E+02 -2.730E+02
  4.103E+01  1.120E+01  2.930E+02  0.000E+00  4.179E+02 -2.730E+02
  4.113E+01  1.119E+01  2.930E+02  0.000E+00  4.179E+02 -2.730E+02
  4.123E+01  1.119E+01  2.930E+02  0.000E+00  4.179E+02 -2.730E+02
  4.133E+01  1.118E+01  2.930E+02  0.000E+00  4.179E+02 -2.730E+02
  4.143E+01  1.118E+01  2.930E+02  0.000E+00  4.179E+02 -2.730E+02
  4.153E+01  1.117E+01  2.930E+02  0.000E+00  4.179E+02 -2.730E+02
  4.163E+01  1.116E+01  2.930E+02  0.000E+00  4.179E+02 -2.730E+02
  4.173E+01  1.116E+01  2.930E+02  0.000E+00  4.179E+02 -2.730E+02
  4.183E+01  1.115E+01  2.930E+02  0.000E+00  4.179E+02 -2.730E+02
  4.193E+01  1.115E+01  2.930E+02  0.000E+00  4.179E+02 -2.730E+02
  4.203E+01  1.114E+01  2.930E+02  0.000E+00  4.179E+02 -2.730E+02
  4.213E+01  1.114E+01  2.930E+02  0.000E+00  4.179E+02 -2.730E+02
  4.223E+01  1.113E+01  2.930E+02  0.000E+00  4.179E+02 -2.730E+02
  4.233E+01  1.113E+01  2.930E+02  0.000E+00  4.179E+02 -2.730E+02
  4.243E+01  1.113E+01  2.930E+02  0.000E+00  4.179E+02 -2.730E+02
  4.253E+01  1.112E+01  2.930E+02  0.000E+00  4.179E+02 -2.730E+02
  4.263E+01  1.112E+01  2.930E+02  0.000E+00  4.179E+02 -2.730E+02
  4.273E+01  1.111E+01  2.930E+02  0.000E+00  4.179E+02 -2.730E+02
  4.283E+01  1.111E+01  2.930E+02  0.000E+00  4.179E+02 -2.730E+02
  4.293E+01  1.110E+01  2.930E+02  0.000E+00  4.179E+02 -2.730E+02
  4.303E+01  1.110E+01  2.930E+02  0.000E+00  4.179E+02 -2.730E+02
  4.313E+01  1.109E+01  2.930E+02  0.000E+00  4.179E+02 -2.730E+02
  4.323E+01  1.109E+01  2.930E+02  0.000E+00  4.179E+02 -2.730E+02
  4.333E+01  1.108E+01  2.930E+02  0.000E+00  4.179E+02 -2.730E+02
  4.343E+01  1.108E+01  2.930E+02  0.000E+00  4.179E+02 -2.730E+02
  4.353E+01  1.107E+01  2.930E+02  0.000E+00  4.179E+02 -2.730E+02
  4.363E+01  1.107E+01  2.930E+02  0.000E+00  4.179E+02 -2.730E+02
  4.373E+01  1.106E+01  2.930E+02  0.000E+00  4.179E+02 -2.730E+02
  4.383E+01  1.106E+01  2.930E+02  0.000E+00  4.179E+02 -2.730E+02
  4.393E+01  1.105E+01  2.930E+02  0.000E+00  4.179E+02 -2.730E+02
  4.403E+01  1.105E+01  2.930E+02  0.000E+00  4.179E+02 -2.730E+02
  4.413E+01  1.104E+01  2.930E+02  0.000E+00  4.179E+02 -2.730E+02
  4.423E+01  1.104E+01  2.930E+02  0.000E+00  4.179E+02 -2.730E+02
  4.433E+01  1.104E+01  2.930E+02  0.000E+00  4.179E+02 -2.730E+02
  4.443E+01  1.103E+01  2.930E+02  0.000E+00  4.179E+02 -2.730E+02
  4.453E+01  1.103E+01  2.930E+02  0.000E+00  4.179E+02 -2.730E+02
  4.463E+01  1.102E+01  2.930E+02  0.000E+00  4.179E+02 -2.730E+02
  4.473E+01  1.102E+01  2.930E+02  0.000E+00  4.179E+02 -2.730E+02
  4.483E+01  1.101E+01  2.930E+02  0.000E+00  4.179E+02 -2.730E+02
  4.493E+01  1.101E+01  2.930E+02  0.000E+00  4.179E+02 -2.730E+02
  4.503E+01  1.100E+01  2.930E+02  0.000E+00  4.179E+02 -2.730E+02
  4.513E+01  1.100E+01  2.930E+02  0.000E+00  4.179E+02 -2.730E+02
  4.523E+01  1.100E+01  2.930E+02  0.000E+00  4.179E+02 -2.730E+02
  4.533E+01  1.099E+01  2.930E+02  0.000E+00  4.179E+02 -2.730E+02
  4.543E+01  1.099E+01  2.930E+02  0.000E+00  4.179E+02 -2.730E+02
  4.553E+01  1.098E+01  2.930E+02  0.000E+00  4.179E+02 -2.730E+02
  4.563E+01  1.098E+01  2.930E+02  0.000E+00  4.179E+02 -2.730E+02
  4.573E+01  1.098E+01  2.930E+02  0.000E+00  4.179E+02 -2.730E+02
  4.583E+01  1.097E+01  2.930E+02  0.000E+00  4.179E+02 -2.730E+02
  4.593E+01  1.097E+01  2.930E+02  0.000E+00  4.179E+02 -2.730E+02
  4.603E+01  1.096E+01  2.930E+02  0.000E+00  4.179E+02 -2.730E+02
  4.613E+01  1.096E+01  2.930E+02  0.000E+00  4.179E+02 -2.730E+02
  4.623E+01  1.096E+01  2.930E+02  0.000E+00  4.179E+02 -2.730E+02
  4.633E+01  1.095E+01  2.930E+02  0.000E+00  4.179E+02 -2.730E+02
  4.643E+01  1.095E+01  2.930E+02  0.000E+00  4.179E+02 -2.730E+02
  4.653E+01  1.094E+01  2.930E+02  0.000E+00  4.179E+02 -2.730E+02
  4.663E+01  1.094E+01  2.930E+02  0.000E+00  4.179E+02 -2.730E+02
  4.673E+01  1.094E+01  2.930E+02  0.000E+00  4.179E+02 -2.730E+02
  4.683E+01  1.093E+01  2.930E+02  0.000E+00  4.179E+02 -2.730E+02
  4.693E+01  1.093E+01  2.930E+02  0.000E+00  4.179E+02 -2.730E+02
  4.703E+01  1.093E+01  2.930E+02  0.000E+00  4.179E+02 -2.730E+02
  4.713E+01  1.092E+01  2.930E+02  0.000E+00  4.179E+02 -2.730E+02
  4.723E+01  1.092E+01  2.930E+02  0.000E+00  4.179E+02 -2.730E+02
  4.733E+01  1.092E+01  2.930E+02  0.000E+00  4.179E+02 -2.730E+02
  4.743E+01  1.091E+01  2.930E+02  0.000E+00  4.179E+02 -2.730E+02
  4.753E+01  1.091E+01  2.930E+02  0.000E+00  4.179E+02 -2.730E+02
  4.763E+01  1.091E+01  2.930E+02  0.000E+00  4.179E+02 -2.730E+02
  4.773E+01  1.090E+01  2.930E+02  0.000E+00  4.179E+02 -2.730E+02
  4.783E+01  1.090E+01  2.930E+02  0.000E+00  4.179E+02 -2.730E+02
  4.793E+01  1.090E+01  2.930E+02  0.000E+00  4.179E+02 -2.730E+02
  4.803E+01  1.089E+01  2.930E+02  0.000E+00  4.179E+02 -2.730E+02
  4.813E+01  1.089E+01  2.930E+02  0.000E+00  4.179E+02 -2.730E+02
  4.823E+01  1.089E+01  2.930E+02  0.000E+00  4.179E+02 -2.730E+02
  4.833E+01  1.088E+01  2.930E+02  0.000E+00  4.179E+02 -2.730E+02
  4.843E+01  1.088E+01  2.930E+02  0.000E+00  4.179E+02 -2.730E+02
  4.853E+01  1.088E+01  2.930E+02  0.000E+00  4.179E+02 -2.730E+02
  4.863E+01  1.087E+01  2.930E+02  0.000E+00  4.179E+02 -2.730E+02
  4.873E+01  1.087E+01  2.930E+02  0.000E+00  4.179E+02 -2.730E+02
  4.883E+01  1.087E+01  2.930E+02  0.000E+00  4.179E+02 -2.730E+02
  4.893E+01  1.087E+01  2.930E+02  0.000E+00  4.179E+02 -2.730E+02
  4.903E+01  1.086E+01  2.930E+02  0.000E+00  4.179E+02 -2.730E+02
  4.913E+01  1.086E+01  2.930E+02  0.000E+00  4.179E+02 -2.730E+02
  4.923E+01  1.086E+01  2.930E+02  0.000E+00  4.179E+02 -2.730E+02
  4.933E+01  1.085E+01  2.930E+02  0.000E+00  4.179E+02 -2.730E+02
  4.943E+01  1.085E+01  2.930E+02  0.000E+00  4.179E+02 -2.730E+02
  4.953E+01  1.085E+01  2.930E+02  0.000E+00  4.179E+02 -2.730E+02
  4.963E+01  1.085E+01  2.930E+02  0.000E+00  4.179E+02 -2.730E+02
  4.973E+01  1.084E+01  2.930E+02  0.000E+00  4.179E+02 -2.730E+02
  4.983E+01  1.084E+01  2.930E+02  0.000E+00  4.179E+02 -2.730E+02
  4.993E+01  1.084E+01  2.930E+02  0.000E+00  4.179E+02 -2.730E+02
  5.003E+01  1.084E+01  2.930E+02  0.000E+00  4.179E+02 -2.730E+02
  5.013E+01  1.083E+01  2.930E+02  0.000E+00  4.179E+02 -2.730E+02
  5.023E+01  1.083E+01  2.930E+02  0.000E+00  4.179E+02 -2.730E+02
  5.033E+01  1.083E+01  2.930E+02  0.000E+00  4.179E+02 -2.730E+02
  5.043E+01  1.083E+01  2.930E+02  0.000E+00  4.179E+02 -2.730E+02
  5.053E+01  1.082E+01  2.930E+02  0.000E+00  4.179E+02 -2.730E+02
  5.063E+01  1.082E+01  2.930E+02  0.000E+00  4.179E+02 -2.730E+02
  5.073E+01  1.082E+01  2.930E+02  0.000E+00  4.179E+02 -2.730E+02
  5.083E+01  1.082E+01  2.930E+02  0.000E+00  4.179E+02 -2.730E+02
  5.093E+01  1.082E+01  2.930E+02  0.000E+00  4.179E+02 -2.730E+02
  5.103E+01  1.081E+01  2.930E+02  0.000E+00  4.179E+02 -2.730E+02
  5.113E+01  1.081E+01  2.930E+02  0.000E+00  4.179E+02 -2.730E+02
  5.123E+01  1.081E+01  2.930E+02  0.000E+00  4.179E+02 -2.730E+02
  5.133E+01  1.081E+01  2.930E+02  0.000E+00  4.179E+02 -2.730E+02
  5.143E+01  1.081E+01  2.930E+02  0.000E+00  4.179E+02 -2.730E+02
  5.153E+01  1.080E+01  2.930E+02  0.000E+00  4.179E+02 -2.730E+02
  5.163E+01  1.080E+01  2.930E+02  0.000E+00  4.179E+02 -2.730E+02
  5.173E+01  1.080E+01  2.930E+02  0.000E+00  4.179E+02 -2.730E+02
  5.183E+01  1.080E+01  2.930E+02  0.000E+00  4.179E+02 -2.730E+02
  5.193E+01  1.080E+01  2.930E+02  0.000E+00  4.179E+02 -2.730E+02
  5.203E+01  1.080E+01  2.930E+02  0.000E+00  4.179E+02 -2.730E+02
  5.213E+01  1.079E+01  2.930E+02  0.000E+00  4.179E+02 -2.730E+02
  5.223E+01  1.079E+01  2.930E+02  0.000E+00  4.179E+02 -2.730E+02
  5.233E+01  1.079E+01  2.930E+02  0.000E+00  4.179E+02 -2.730E+02
  5.243E+01  1.079E+01  2.930E+02  0.000E+00  4.179E+02 -2.730E+02
  5.253E+01  1.079E+01  2.930E+02  0.000E+00  4.179E+02 -2.730E+02
  5.263E+01  1.079E+01  2.930E+02  0.000E+00  4.179E+02 -2.730E+02
  5.273E+01  1.078E+01  2.930E+02  0.000E+00  4.179E+02 -2.730E+02
  5.283E+01  1.078E+01  2.930E+02  0.000E+00  4.179E+02 -2.730E+02
  5.293E+01  1.078E+01  2.930E+02  0.000E+00  4.179E+02 -2.730E+02
  5.303E+01  1.078E+01  2.930E+02  0.000E+00  4.179E+02 -2.730E+02
  5.313E+01  1.078E+01  2.930E+02  0.000E+00  4.179E+02 -2.730E+02
  5.323E+01  1.078E+01  2.930E+02  0.000E+00  4.179E+02 -2.730E+02
  5.333E+01  1.078E+01  2.930E+02  0.000E+00  4.179E+02 -2.730E+02
  5.343E+01  1.077E+01  2.930E+02  0.000E+00  4.179E+02 -2.730E+02
  5.353E+01  1.077E+01  2.930E+02  0.000E+00  4.179E+02 -2.730E+02
  5.363E+01  1.077E+01  2.930E+02  0.000E+00  4.179E+02 -2.730E+02
  5.373E+01  1.077E+01  2.930E+02  0.000E+00  4.179E+02 -2.730E+02
  5.383E+01  1.077E+01  2.930E+02  0.000E+00  4.179E+02 -2.730E+02
  5.393E+01  1.077E+01  2.930E+02  0.000E+00  4.179E+02 -2.730E+02
  5.403E+01  1.077E+01  2.930E+02  0.000E+00  4.179E+02 -2.730E+02
  5.413E+01  1.076E+01  2.930E+02  0.000E+00  4.179E+02 -2.730E+02
  5.423E+01  1.076E+01  2.930E+02  0.000E+00  4.179E+02 -2.730E+02
  5.433E+01  1.076E+01  2.930E+02  0.000E+00  4.179E+02 -2.730E+02
  5.443E+01  1.076E+01  2.930E+02  0.000E+00  4.179E+02 -2.730E+02
  5.453E+01  1.076E+01  2.930E+02  0.000E+00  4.179E+02 -2.730E+02
  5.463E+01  1.076E+01  2.930E+02  0.000E+00  4.179E+02 -2.730E+02
  5.473E+01  1.076E+01  2.930E+02  0.000E+00  4.179E+02 -2.730E+02
  5.483E+01  1.076E+01  2.930E+02  0.000E+00  4.179E+02 -2.730E+02
  5.493E+01  1.076E+01  2.930E+02  0.000E+00  4.179E+02 -2.730E+02
  5.503E+01  1.075E+01  2.930E+02  0.000E+00  4.179E+02 -2.730E+02
  5.513E+01  1.075E+01  2.930E+02  0.000E+00  4.179E+02 -2.730E+02
  5.523E+01  1.075E+01  2.930E+02  0.000E+00  4.179E+02 -2.730E+02
  5.533E+01  1.075E+01  2.930E+02  0.000E+00  4.179E+02 -2.730E+02
  5.543E+01  1.075E+01  2.930E+02  0.000E+00  4.179E+02 -2.730E+02
  5.553E+01  1.075E+01  2.930E+02  0.000E+00  4.179E+02 -2.730E+02
  5.563E+01  1.075E+01  2.930E+02  0.000E+00  4.179E+02 -2.730E+02
  5.573E+01  1.075E+01  2.930E+02  0.000E+00  4.179E+02 -2.730E+02
  5.583E+01  1.075E+01  2.930E+02  0.000E+00  4.179E+02 -2.730E+02
  5.593E+01  1.075E+01  2.930E+02  0.000E+00  4.179E+02 -2.730E+02
  5.603E+01  1.075E+01  2.930E+02  0.000E+00  4.179E+02 -2.730E+02
  5.613E+01  1.074E+01  2.930E+02  0.000E+00  4.179E+02 -2.730E+02
  5.623E+01  1.074E+01  2.930E+02  0.000E+00  4.179E+02 -2.730E+02
  5.633E+01  1.074E+01  2.930E+02  0.000E+00  4.179E+02 -2.730E+02
  5.643E+01  1.074E+01  2.930E+02  0.000E+00  4.179E+02 -2.730E+02
  5.653E+01  1.074E+01  2.930E+02  0.000E+00  4.179E+02 -2.730E+02
  5.663E+01  1.074E+01  2.930E+02  0.000E+00  4.179E+02 -2.730E+02
  5.673E+01  1.074E+01  2.930E+02  0.000E+00  4.179E+02 -2.730E+02
  5.683E+01  1.074E+01  2.930E+02  0.000E+00  4.179E+02 -2.730E+02
  5.693E+01  1.074E+01  2.930E+02  0.000E+00  4.179E+02 -2.730E+02
  5.703E+01  1.074E+01  2.930E+02  0.000E+00  4.179E+02 -2.730E+02
  5.713E+01  1.074E+01  2.930E+02  0.000E+00  4.179E+02 -2.730E+02
  5.723E+01  1.073E+01  2.930E+02  0.000E+00  4.179E+02 -2.730E+02
  5.733E+01  1.073E+01  2.930E+02  0.000E+00  4.179E+02 -2.730E+02
  5.743E+01  1.073E+01  2.930E+02  0.000E+00  4.179E+02 -2.730E+02
  5.753E+01  1.073E+01  2.930E+02  0.000E+00  4.179E+02 -2.730E+02
  5.763E+01  1.073E+01  2.930E+02  0.000E+00  4.179E+02 -2.730E+02
  5.773E+01  1.073E+01  2.930E+02  0.000E+00  4.179E+02 -2.730E+02
  5.783E+01  1.073E+01  2.930E+02  0.000E+00  4.179E+02 -2.730E+02
  5.793E+01  1.073E+01  2.930E+02  0.000E+00  4.179E+02 -2.730E+02
  5.803E+01  1.073E+01  2.930E+02  0.000E+00  4.179E+02 -2.730E+02
  5.813E+01  1.073E+01  2.930E+02  0.000E+00  4.179E+02 -2.730E+02
  5.823E+01  1.073E+01  2.930E+02  0.000E+00  4.179E+02 -2.730E+02
  5.833E+01  1.073E+01  2.930E+02  0.000E+00  4.179E+02 -2.730E+02
  5.843E+01  1.073E+01  2.930E+02  0.000E+00  4.179E+02 -2.730E+02
  5.853E+01  1.073E+01  2.930E+02  0.000E+00  4.179E+02 -2.730E+02
  5.863E+01  1.072E+01  2.930E+02  0.000E+00  4.179E+02 -2.730E+02
  5.873E+01  1.072E+01  2.930E+02  0.000E+00  4.179E+02 -2.730E+02
  5.883E+01  1.072E+01  2.930E+02  0.000E+00  4.179E+02 -2.730E+02
  5.893E+01  1.072E+01  2.930E+02  0.000E+00  4.179E+02 -2.730E+02
  5.903E+01  1.072E+01  2.930E+02  0.000E+00  4.179E+02 -2.730E+02
  5.913E+01  1.072E+01  2.930E+02  0.000E+00  4.179E+02 -2.730E+02
  5.923E+01  1.072E+01  2.930E+02  0.000E+00  4.179E+02 -2.730E+02
  5.933E+01  1.072E+01  2.930E+02  0.000E+00  4.179E+02 -2.730E+02
  5.943E+01  1.072E+01  2.930E+02  0.000E+00  4.179E+02 -2.730E+02
  5.953E+01  1.072E+01  2.930E+02  0.000E+00  4.179E+02 -2.730E+02
  5.963E+01  1.072E+01  2.930E+02  0.000E+00  4.179E+02 -2.730E+02
  5.973E+01  1.072E+01  2.930E+02  0.000E+00  4.179E+02 -2.730E+02
  5.983E+01  1.072E+01  2.930E+02  0.000E+00  4.179E+02 -2.730E+02
  5.993E+01  1.072E+01  2.930E+02  0.000E+00  4.179E+02 -2.730E+02
  6.003E+01  1.071E+01  2.930E+02  0.000E+00  4.179E+02 -2.730E+02
