 X( 13)=-1.0461E+02     Y( 17)=-8.4573E+01     Z( 14)= 4.8577E+01

       TIME  Velocity   Temperatur CH4        Max radiat Solid Temp
  1.000E-03  1.924E+01  2.930E+02  0.000E+00  4.179E+02 -2.730E+02
  2.100E-03  1.923E+01  2.930E+02  0.000E+00  4.179E+02 -2.730E+02
  3.100E-03  1.922E+01  2.930E+02  0.000E+00  4.179E+02 -2.730E+02
  4.200E-03  1.920E+01  2.930E+02  0.000E+00  4.179E+02 -2.730E+02
  5.410E-03  1.920E+01  2.930E+02  0.000E+00  4.179E+02 -2.730E+02
  6.741E-03  1.918E+01  2.930E+02  0.000E+00  4.179E+02 -2.730E+02
  8.205E-03  1.916E+01  2.930E+02  0.000E+00  4.179E+02 -2.730E+02
  9.816E-03  1.916E+01  2.930E+02  0.000E+00  4.179E+02 -2.730E+02
  1.159E-02  1.917E+01  2.930E+02  0.000E+00  4.179E+02 -2.730E+02
  1.354E-02  1.917E+01  2.930E+02  0.000E+00  4.179E+02 -2.730E+02
  1.567E-02  1.918E+01  2.930E+02  0.000E+00  4.179E+02 -2.730E+02
  1.801E-02  1.918E+01  2.930E+02  0.000E+00  4.179E+02 -2.730E+02
  2.057E-02  1.918E+01  2.930E+02  0.000E+00  4.179E+02 -2.730E+02
  2.338E-02  1.918E+01  2.930E+02  0.000E+00  4.179E+02 -2.730E+02
  2.645E-02  1.918E+01  2.930E+02  0.000E+00  4.179E+02 -2.730E+02
  2.982E-02  1.917E+01  2.930E+02  0.000E+00  4.179E+02 -2.730E+02
  3.351E-02  1.917E+01  2.930E+02  0.000E+00  4.179E+02 -2.730E+02
  3.757E-02  1.917E+01  2.930E+02  0.000E+00  4.179E+02 -2.730E+02
  4.204E-02  1.917E+01  2.930E+02  0.000E+00  4.179E+02 -2.730E+02
  4.695E-02  1.917E+01  2.930E+02  0.000E+00  4.179E+02 -2.730E+02
  5.235E-02  1.917E+01  2.930E+02  0.000E+00  4.179E+02 -2.730E+02
  5.829E-02  1.917E+01  2.930E+02  0.000E+00  4.179E+02 -2.730E+02
  6.483E-02  1.917E+01  2.930E+02  0.000E+00  4.179E+02 -2.730E+02
  7.202E-02  1.917E+01  2.930E+02  0.000E+00  4.179E+02 -2.730E+02
  7.990E-02  1.917E+01  2.930E+02  0.000E+00  4.179E+02 -2.730E+02
  8.857E-02  1.917E+01  2.930E+02  0.000E+00  4.179E+02 -2.730E+02
  9.811E-02  1.917E+01  2.930E+02  0.000E+00  4.179E+02 -2.730E+02
  1.086E-01  1.917E+01  2.930E+02  0.000E+00  4.179E+02 -2.730E+02
  1.201E-01  1.917E+01  2.930E+02  0.000E+00  4.179E+02 -2.730E+02
  1.328E-01  1.917E+01  2.930E+02  0.000E+00  4.179E+02 -2.730E+02
  1.468E-01  1.917E+01  2.930E+02  0.000E+00  4.179E+02 -2.730E+02
  1.622E-01  1.917E+01  2.930E+02  0.000E+00  4.179E+02 -2.730E+02
  1.791E-01  1.917E+01  2.930E+02  0.000E+00  4.179E+02 -2.730E+02
  1.976E-01  1.917E+01  2.930E+02  0.000E+00  4.179E+02 -2.730E+02
  2.181E-01  1.917E+01  2.930E+02  0.000E+00  4.179E+02 -2.730E+02
  2.406E-01  1.917E+01  2.930E+02  0.000E+00  4.179E+02 -2.730E+02
  2.653E-01  1.917E+01  2.930E+02  0.000E+00  4.179E+02 -2.730E+02
  2.925E-01  1.917E+01  2.930E+02  0.000E+00  4.179E+02 -2.730E+02
  3.224E-01  1.917E+01  2.930E+02  0.000E+00  4.179E+02 -2.730E+02
  3.554E-01  1.917E+01  2.930E+02  0.000E+00  4.179E+02 -2.730E+02
  3.916E-01  1.917E+01  2.930E+02  0.000E+00  4.179E+02 -2.730E+02
  4.314E-01  1.917E+01  2.930E+02  0.000E+00  4.179E+02 -2.730E+02
  4.753E-01  1.917E+01  2.930E+02  0.000E+00  4.179E+02 -2.730E+02
  5.197E-01  1.917E+01  2.930E+02  0.000E+00  4.179E+02 -2.730E+02
  5.685E-01  1.917E+01  2.930E+02  0.000E+00  4.179E+02 -2.730E+02
  6.178E-01  1.917E+01  2.930E+02  0.000E+00  4.179E+02 -2.730E+02
  6.721E-01  1.917E+01  2.930E+02  0.000E+00  4.179E+02 -2.730E+02
  7.317E-01  1.917E+01  2.930E+02  0.000E+00  4.179E+02 -2.730E+02
  7.974E-01  1.917E+01  2.930E+02  0.000E+00  4.179E+02 -2.730E+02
  8.696E-01  1.917E+01  2.930E+02  0.000E+00  4.179E+02 -2.730E+02
  9.490E-01  1.917E+01  2.930E+02  0.000E+00  4.179E+02 -2.730E+02
  1.036E+00  1.917E+01  2.930E+02  0.000E+00  4.179E+02 -2.730E+02
  1.132E+00  1.917E+01  2.930E+02  0.000E+00  4.179E+02 -2.730E+02
  1.232E+00  1.917E+01  2.930E+02  0.000E+00  4.179E+02 -2.730E+02
  1.332E+00  1.917E+01  2.930E+02  0.000E+00  4.179E+02 -2.730E+02
  1.432E+00  1.917E+01  2.930E+02  0.000E+00  4.179E+02 -2.730E+02
  1.532E+00  1.917E+01  2.930E+02  0.000E+00  4.179E+02 -2.730E+02
  1.632E+00  1.917E+01  2.930E+02  0.000E+00  4.179E+02 -2.730E+02
  1.732E+00  1.917E+01  2.930E+02  0.000E+00  4.179E+02 -2.730E+02
  1.832E+00  1.917E+01  2.930E+02  0.000E+00  4.179E+02 -2.730E+02
  1.932E+00  1.917E+01  2.930E+02  0.000E+00  4.179E+02 -2.730E+02
  2.032E+00  1.917E+01  2.930E+02  0.000E+00  4.179E+02 -2.730E+02
  2.132E+00  1.917E+01  2.930E+02  0.000E+00  4.179E+02 -2.730E+02
  2.232E+00  1.918E+01  2.930E+02  0.000E+00  4.179E+02 -2.730E+02
  2.332E+00  1.918E+01  2.930E+02  0.000E+00  4.179E+02 -2.730E+02
  2.432E+00  1.918E+01  2.930E+02  0.000E+00  4.179E+02 -2.730E+02
  2.532E+00  1.918E+01  2.930E+02  0.000E+00  4.179E+02 -2.730E+02
  2.632E+00  1.918E+01  2.930E+02  0.000E+00  4.179E+02 -2.730E+02
  2.732E+00  1.918E+01  2.930E+02  0.000E+00  4.179E+02 -2.730E+02
  2.832E+00  1.918E+01  2.930E+02  0.000E+00  4.179E+02 -2.730E+02
  2.932E+00  1.918E+01  2.930E+02  0.000E+00  4.179E+02 -2.730E+02
  3.032E+00  1.919E+01  2.930E+02  0.000E+00  4.179E+02 -2.730E+02
  3.132E+00  1.919E+01  2.930E+02  0.000E+00  4.179E+02 -2.730E+02
  3.232E+00  1.919E+01  2.930E+02  0.000E+00  4.179E+02 -2.730E+02
  3.332E+00  1.919E+01  2.930E+02  0.000E+00  4.179E+02 -2.730E+02
  3.432E+00  1.919E+01  2.930E+02  0.000E+00  4.179E+02 -2.730E+02
  3.532E+00  1.919E+01  2.930E+02  0.000E+00  4.179E+02 -2.730E+02
  3.632E+00  1.920E+01  2.930E+02  0.000E+00  4.179E+02 -2.730E+02
  3.732E+00  1.920E+01  2.930E+02  0.000E+00  4.179E+02 -2.730E+02
  3.832E+00  1.920E+01  2.930E+02  0.000E+00  4.179E+02 -2.730E+02
  3.932E+00  1.920E+01  2.930E+02  0.000E+00  4.179E+02 -2.730E+02
  4.032E+00  1.920E+01  2.930E+02  0.000E+00  4.179E+02 -2.730E+02
  4.132E+00  1.921E+01  2.930E+02  0.000E+00  4.179E+02 -2.730E+02
  4.232E+00  1.921E+01  2.930E+02  0.000E+00  4.179E+02 -2.730E+02
  4.332E+00  1.921E+01  2.930E+02  0.000E+00  4.179E+02 -2.730E+02
  4.432E+00  1.921E+01  2.930E+02  0.000E+00  4.179E+02 -2.730E+02
  4.532E+00  1.922E+01  2.930E+02  0.000E+00  4.179E+02 -2.730E+02
  4.632E+00  1.922E+01  2.930E+02  0.000E+00  4.179E+02 -2.730E+02
  4.732E+00  1.922E+01  2.930E+02  0.000E+00  4.179E+02 -2.730E+02
  4.832E+00  1.922E+01  2.930E+02  0.000E+00  4.179E+02 -2.730E+02
  4.932E+00  1.923E+01  2.930E+02  0.000E+00  4.179E+02 -2.730E+02
  5.032E+00  1.923E+01  2.930E+02  0.000E+00  4.179E+02 -2.730E+02
  5.132E+00  1.923E+01  2.930E+02  0.000E+00  4.179E+02 -2.730E+02
  5.232E+00  1.924E+01  2.930E+02  0.000E+00  4.179E+02 -2.730E+02
  5.332E+00  1.924E+01  2.930E+02  0.000E+00  4.179E+02 -2.730E+02
  5.432E+00  1.924E+01  2.930E+02  0.000E+00  4.179E+02 -2.730E+02
  5.532E+00  1.925E+01  2.930E+02  0.000E+00  4.179E+02 -2.730E+02
  5.632E+00  1.925E+01  2.930E+02  0.000E+00  4.179E+02 -2.730E+02
  5.732E+00  1.925E+01  2.930E+02  0.000E+00  4.179E+02 -2.730E+02
  5.832E+00  1.926E+01  2.930E+02  0.000E+00  4.179E+02 -2.730E+02
  5.932E+00  1.926E+01  2.930E+02  0.000E+00  4.179E+02 -2.730E+02
  6.032E+00  1.926E+01  2.930E+02  0.000E+00  4.179E+02 -2.730E+02
  6.132E+00  1.927E+01  2.930E+02  0.000E+00  4.179E+02 -2.730E+02
  6.232E+00  1.927E+01  2.930E+02  0.000E+00  4.179E+02 -2.730E+02
  6.332E+00  1.927E+01  2.930E+02  0.000E+00  4.179E+02 -2.730E+02
  6.432E+00  1.928E+01  2.930E+02  0.000E+00  4.179E+02 -2.730E+02
  6.532E+00  1.928E+01  2.930E+02  0.000E+00  4.179E+02 -2.730E+02
  6.632E+00  1.929E+01  2.930E+02  0.000E+00  4.179E+02 -2.730E+02
  6.732E+00  1.929E+01  2.930E+02  0.000E+00  4.179E+02 -2.730E+02
  6.832E+00  1.929E+01  2.930E+02  0.000E+00  4.179E+02 -2.730E+02
  6.932E+00  1.930E+01  2.930E+02  0.000E+00  4.179E+02 -2.730E+02
  7.032E+00  1.930E+01  2.930E+02  0.000E+00  4.179E+02 -2.730E+02
  7.132E+00  1.931E+01  2.930E+02  0.000E+00  4.179E+02 -2.730E+02
  7.232E+00  1.931E+01  2.930E+02  0.000E+00  4.179E+02 -2.730E+02
  7.332E+00  1.931E+01  2.930E+02  0.000E+00  4.179E+02 -2.730E+02
  7.432E+00  1.932E+01  2.930E+02  0.000E+00  4.179E+02 -2.730E+02
  7.532E+00  1.932E+01  2.930E+02  0.000E+00  4.179E+02 -2.730E+02
  7.632E+00  1.933E+01  2.930E+02  0.000E+00  4.179E+02 -2.730E+02
  7.732E+00  1.933E+01  2.930E+02  0.000E+00  4.179E+02 -2.730E+02
  7.832E+00  1.934E+01  2.930E+02  0.000E+00  4.179E+02 -2.730E+02
  7.932E+00  1.934E+01  2.930E+02  0.000E+00  4.179E+02 -2.730E+02
  8.032E+00  1.934E+01  2.930E+02  0.000E+00  4.179E+02 -2.730E+02
  8.132E+00  1.935E+01  2.930E+02  0.000E+00  4.179E+02 -2.730E+02
  8.232E+00  1.935E+01  2.930E+02  0.000E+00  4.179E+02 -2.730E+02
  8.332E+00  1.936E+01  2.930E+02  0.000E+00  4.179E+02 -2.730E+02
  8.432E+00  1.936E+01  2.930E+02  0.000E+00  4.179E+02 -2.730E+02
  8.532E+00  1.937E+01  2.930E+02  0.000E+00  4.179E+02 -2.730E+02
  8.632E+00  1.937E+01  2.930E+02  0.000E+00  4.179E+02 -2.730E+02
  8.732E+00  1.938E+01  2.930E+02  0.000E+00  4.179E+02 -2.730E+02
  8.832E+00  1.938E+01  2.930E+02  0.000E+00  4.179E+02 -2.730E+02
  8.932E+00  1.939E+01  2.930E+02  0.000E+00  4.179E+02 -2.730E+02
  9.032E+00  1.939E+01  2.930E+02  0.000E+00  4.179E+02 -2.730E+02
  9.132E+00  1.939E+01  2.930E+02  0.000E+00  4.179E+02 -2.730E+02
  9.232E+00  1.940E+01  2.930E+02  0.000E+00  4.179E+02 -2.730E+02
  9.332E+00  1.940E+01  2.930E+02  0.000E+00  4.179E+02 -2.730E+02
  9.432E+00  1.941E+01  2.930E+02  0.000E+00  4.179E+02 -2.730E+02
  9.532E+00  1.941E+01  2.930E+02  0.000E+00  4.179E+02 -2.730E+02
  9.632E+00  1.942E+01  2.930E+02  0.000E+00  4.179E+02 -2.730E+02
  9.732E+00  1.942E+01  2.930E+02  0.000E+00  4.179E+02 -2.730E+02
  9.832E+00  1.943E+01  2.930E+02  0.000E+00  4.179E+02 -2.730E+02
  9.932E+00  1.943E+01  2.930E+02  0.000E+00  4.179E+02 -2.730E+02
  1.003E+01  1.944E+01  2.930E+02  0.000E+00  4.179E+02 -2.730E+02
  1.013E+01  1.944E+01  2.930E+02  0.000E+00  4.179E+02 -2.730E+02
  1.023E+01  1.945E+01  2.930E+02  0.000E+00  4.179E+02 -2.730E+02
  1.033E+01  1.945E+01  2.930E+02  0.000E+00  4.179E+02 -2.730E+02
  1.043E+01  1.945E+01  2.930E+02  0.000E+00  4.179E+02 -2.730E+02
  1.053E+01  1.946E+01  2.930E+02  0.000E+00  4.179E+02 -2.730E+02
  1.063E+01  1.946E+01  2.930E+02  0.000E+00  4.179E+02 -2.730E+02
  1.073E+01  1.947E+01  2.930E+02  0.000E+00  4.179E+02 -2.730E+02
  1.083E+01  1.947E+01  2.930E+02  0.000E+00  4.179E+02 -2.730E+02
  1.093E+01  1.948E+01  2.930E+02  0.000E+00  4.179E+02 -2.730E+02
  1.103E+01  1.948E+01  2.930E+02  0.000E+00  4.179E+02 -2.730E+02
  1.113E+01  1.949E+01  2.930E+02  0.000E+00  4.179E+02 -2.730E+02
  1.123E+01  1.949E+01  2.930E+02  0.000E+00  4.179E+02 -2.730E+02
  1.133E+01  1.949E+01  2.930E+02  0.000E+00  4.179E+02 -2.730E+02
  1.143E+01  1.950E+01  2.930E+02  0.000E+00  4.179E+02 -2.730E+02
  1.153E+01  1.950E+01  2.930E+02  0.000E+00  4.179E+02 -2.730E+02
  1.163E+01  1.951E+01  2.930E+02  0.000E+00  4.179E+02 -2.730E+02
  1.173E+01  1.951E+01  2.930E+02  0.000E+00  4.179E+02 -2.730E+02
  1.183E+01  1.951E+01  2.930E+02  0.000E+00  4.179E+02 -2.730E+02
  1.193E+01  1.952E+01  2.930E+02  0.000E+00  4.179E+02 -2.730E+02
  1.203E+01  1.952E+01  2.930E+02  0.000E+00  4.179E+02 -2.730E+02
  1.213E+01  1.953E+01  2.930E+02  0.000E+00  4.179E+02 -2.730E+02
  1.223E+01  1.953E+01  2.930E+02  0.000E+00  4.179E+02 -2.730E+02
  1.233E+01  1.953E+01  2.930E+02  0.000E+00  4.179E+02 -2.730E+02
  1.243E+01  1.954E+01  2.930E+02  0.000E+00  4.179E+02 -2.730E+02
  1.253E+01  1.954E+01  2.930E+02  0.000E+00  4.179E+02 -2.730E+02
  1.263E+01  1.954E+01  2.930E+02  0.000E+00  4.179E+02 -2.730E+02
  1.273E+01  1.955E+01  2.930E+02  0.000E+00  4.179E+02 -2.730E+02
  1.283E+01  1.955E+01  2.930E+02  0.000E+00  4.179E+02 -2.730E+02
  1.293E+01  1.955E+01  2.930E+02  0.000E+00  4.179E+02 -2.730E+02
  1.303E+01  1.955E+01  2.930E+02  0.000E+00  4.179E+02 -2.730E+02
  1.313E+01  1.956E+01  2.930E+02  0.000E+00  4.179E+02 -2.730E+02
  1.323E+01  1.956E+01  2.930E+02  0.000E+00  4.179E+02 -2.730E+02
  1.333E+01  1.956E+01  2.930E+02  0.000E+00  4.179E+02 -2.730E+02
  1.343E+01  1.956E+01  2.930E+02  0.000E+00  4.179E+02 -2.730E+02
  1.353E+01  1.956E+01  2.930E+02  0.000E+00  4.179E+02 -2.730E+02
  1.363E+01  1.956E+01  2.930E+02  0.000E+00  4.179E+02 -2.730E+02
  1.373E+01  1.957E+01  2.930E+02  0.000E+00  4.179E+02 -2.730E+02
  1.383E+01  1.957E+01  2.930E+02  0.000E+00  4.179E+02 -2.730E+02
  1.393E+01  1.957E+01  2.930E+02  0.000E+00  4.179E+02 -2.730E+02
  1.403E+01  1.957E+01  2.930E+02  0.000E+00  4.179E+02 -2.730E+02
  1.413E+01  1.957E+01  2.930E+02  0.000E+00  4.179E+02 -2.730E+02
  1.423E+01  1.957E+01  2.930E+02  0.000E+00  4.179E+02 -2.730E+02
  1.433E+01  1.957E+01  2.930E+02  0.000E+00  4.179E+02 -2.730E+02
  1.443E+01  1.957E+01  2.930E+02  0.000E+00  4.179E+02 -2.730E+02
  1.453E+01  1.957E+01  2.930E+02  0.000E+00  4.179E+02 -2.730E+02
  1.463E+01  1.957E+01  2.930E+02  0.000E+00  4.179E+02 -2.730E+02
  1.473E+01  1.957E+01  2.930E+02  0.000E+00  4.179E+02 -2.730E+02
  1.483E+01  1.957E+01  2.930E+02  0.000E+00  4.179E+02 -2.730E+02
  1.493E+01  1.957E+01  2.930E+02  0.000E+00  4.179E+02 -2.730E+02
  1.503E+01  1.956E+01  2.930E+02  0.000E+00  4.179E+02 -2.730E+02
  1.513E+01  1.956E+01  2.930E+02  0.000E+00  4.179E+02 -2.730E+02
  1.523E+01  1.956E+01  2.930E+02  0.000E+00  4.179E+02 -2.730E+02
  1.533E+01  1.956E+01  2.930E+02  0.000E+00  4.179E+02 -2.730E+02
  1.543E+01  1.956E+01  2.930E+02  0.000E+00  4.179E+02 -2.730E+02
  1.553E+01  1.955E+01  2.930E+02  0.000E+00  4.179E+02 -2.730E+02
  1.563E+01  1.955E+01  2.930E+02  0.000E+00  4.179E+02 -2.730E+02
  1.573E+01  1.955E+01  2.930E+02  0.000E+00  4.179E+02 -2.730E+02
  1.583E+01  1.954E+01  2.930E+02  0.000E+00  4.179E+02 -2.730E+02
  1.593E+01  1.954E+01  2.930E+02  0.000E+00  4.179E+02 -2.730E+02
  1.603E+01  1.954E+01  2.930E+02  0.000E+00  4.179E+02 -2.730E+02
  1.613E+01  1.953E+01  2.930E+02  0.000E+00  4.179E+02 -2.730E+02
  1.623E+01  1.953E+01  2.930E+02  0.000E+00  4.179E+02 -2.730E+02
  1.633E+01  1.953E+01  2.930E+02  0.000E+00  4.179E+02 -2.730E+02
  1.643E+01  1.952E+01  2.930E+02  0.000E+00  4.179E+02 -2.730E+02
  1.653E+01  1.952E+01  2.930E+02  0.000E+00  4.179E+02 -2.730E+02
  1.663E+01  1.951E+01  2.930E+02  0.000E+00  4.179E+02 -2.730E+02
  1.673E+01  1.951E+01  2.930E+02  0.000E+00  4.179E+02 -2.730E+02
  1.683E+01  1.950E+01  2.930E+02  0.000E+00  4.179E+02 -2.730E+02
  1.693E+01  1.950E+01  2.930E+02  0.000E+00  4.179E+02 -2.730E+02
  1.703E+01  1.949E+01  2.930E+02  0.000E+00  4.179E+02 -2.730E+02
  1.713E+01  1.949E+01  2.930E+02  0.000E+00  4.179E+02 -2.730E+02
  1.723E+01  1.948E+01  2.930E+02  0.000E+00  4.179E+02 -2.730E+02
  1.733E+01  1.948E+01  2.930E+02  0.000E+00  4.179E+02 -2.730E+02
  1.743E+01  1.947E+01  2.930E+02  0.000E+00  4.179E+02 -2.730E+02
  1.753E+01  1.946E+01  2.930E+02  0.000E+00  4.179E+02 -2.730E+02
  1.763E+01  1.946E+01  2.930E+02  0.000E+00  4.179E+02 -2.730E+02
  1.773E+01  1.945E+01  2.930E+02  0.000E+00  4.179E+02 -2.730E+02
  1.783E+01  1.945E+01  2.930E+02  0.000E+00  4.179E+02 -2.730E+02
  1.793E+01  1.944E+01  2.930E+02  0.000E+00  4.179E+02 -2.730E+02
  1.803E+01  1.943E+01  2.930E+02  0.000E+00  4.179E+02 -2.730E+02
  1.813E+01  1.943E+01  2.930E+02  0.000E+00  4.179E+02 -2.730E+02
  1.823E+01  1.942E+01  2.930E+02  0.000E+00  4.179E+02 -2.730E+02
  1.833E+01  1.942E+01  2.930E+02  0.000E+00  4.179E+02 -2.730E+02
  1.843E+01  1.941E+01  2.930E+02  0.000E+00  4.179E+02 -2.730E+02
  1.853E+01  1.940E+01  2.930E+02  0.000E+00  4.179E+02 -2.730E+02
  1.863E+01  1.940E+01  2.930E+02  0.000E+00  4.179E+02 -2.730E+02
  1.873E+01  1.939E+01  2.930E+02  0.000E+00  4.179E+02 -2.730E+02
  1.883E+01  1.938E+01  2.930E+02  0.000E+00  4.179E+02 -2.730E+02
  1.893E+01  1.938E+01  2.930E+02  0.000E+00  4.179E+02 -2.730E+02
  1.903E+01  1.937E+01  2.930E+02  0.000E+00  4.179E+02 -2.730E+02
  1.913E+01  1.936E+01  2.930E+02  0.000E+00  4.179E+02 -2.730E+02
  1.923E+01  1.936E+01  2.930E+02  0.000E+00  4.179E+02 -2.730E+02
  1.933E+01  1.935E+01  2.930E+02  0.000E+00  4.179E+02 -2.730E+02
  1.943E+01  1.935E+01  2.930E+02  0.000E+00  4.179E+02 -2.730E+02
  1.953E+01  1.934E+01  2.930E+02  0.000E+00  4.179E+02 -2.730E+02
  1.963E+01  1.933E+01  2.930E+02  0.000E+00  4.179E+02 -2.730E+02
  1.973E+01  1.933E+01  2.930E+02  0.000E+00  4.179E+02 -2.730E+02
  1.983E+01  1.932E+01  2.930E+02  0.000E+00  4.179E+02 -2.730E+02
  1.993E+01  1.932E+01  2.930E+02  0.000E+00  4.179E+02 -2.730E+02
  2.003E+01  1.931E+01  2.930E+02  0.000E+00  4.179E+02 -2.730E+02
  2.013E+01  1.930E+01  2.930E+02  0.000E+00  4.179E+02 -2.730E+02
  2.023E+01  1.930E+01  2.930E+02  0.000E+00  4.179E+02 -2.730E+02
  2.033E+01  1.929E+01  2.930E+02  0.000E+00  4.179E+02 -2.730E+02
  2.043E+01  1.929E+01  2.930E+02  0.000E+00  4.179E+02 -2.730E+02
  2.053E+01  1.928E+01  2.930E+02  0.000E+00  4.179E+02 -2.730E+02
  2.063E+01  1.928E+01  2.930E+02  0.000E+00  4.179E+02 -2.730E+02
  2.073E+01  1.928E+01  2.930E+02  0.000E+00  4.179E+02 -2.730E+02
  2.083E+01  1.927E+01  2.930E+02  0.000E+00  4.179E+02 -2.730E+02
  2.093E+01  1.927E+01  2.930E+02  0.000E+00  4.179E+02 -2.730E+02
  2.103E+01  1.926E+01  2.930E+02  0.000E+00  4.179E+02 -2.730E+02
  2.113E+01  1.926E+01  2.930E+02  0.000E+00  4.179E+02 -2.730E+02
  2.123E+01  1.926E+01  2.930E+02  0.000E+00  4.179E+02 -2.730E+02
  2.133E+01  1.925E+01  2.930E+02  0.000E+00  4.179E+02 -2.730E+02
  2.143E+01  1.925E+01  2.930E+02  0.000E+00  4.179E+02 -2.730E+02
  2.153E+01  1.925E+01  2.930E+02  0.000E+00  4.179E+02 -2.730E+02
  2.163E+01  1.925E+01  2.930E+02  0.000E+00  4.179E+02 -2.730E+02
  2.173E+01  1.924E+01  2.930E+02  0.000E+00  4.179E+02 -2.730E+02
  2.183E+01  1.924E+01  2.930E+02  0.000E+00  4.179E+02 -2.730E+02
  2.193E+01  1.924E+01  2.930E+02  0.000E+00  4.179E+02 -2.730E+02
  2.203E+01  1.924E+01  2.930E+02  0.000E+00  4.179E+02 -2.730E+02
  2.213E+01  1.924E+01  2.930E+02  0.000E+00  4.179E+02 -2.730E+02
  2.223E+01  1.923E+01  2.930E+02  0.000E+00  4.179E+02 -2.730E+02
  2.233E+01  1.923E+01  2.930E+02  0.000E+00  4.179E+02 -2.730E+02
  2.243E+01  1.923E+01  2.930E+02  0.000E+00  4.179E+02 -2.730E+02
  2.253E+01  1.923E+01  2.930E+02  0.000E+00  4.179E+02 -2.730E+02
  2.263E+01  1.923E+01  2.930E+02  0.000E+00  4.179E+02 -2.730E+02
  2.273E+01  1.923E+01  2.930E+02  0.000E+00  4.179E+02 -2.730E+02
  2.283E+01  1.923E+01  2.930E+02  0.000E+00  4.179E+02 -2.730E+02
  2.293E+01  1.923E+01  2.930E+02  0.000E+00  4.179E+02 -2.730E+02
  2.303E+01  1.923E+01  2.930E+02  0.000E+00  4.179E+02 -2.730E+02
  2.313E+01  1.923E+01  2.930E+02  0.000E+00  4.179E+02 -2.730E+02
  2.323E+01  1.923E+01  2.930E+02  0.000E+00  4.179E+02 -2.730E+02
  2.333E+01  1.923E+01  2.930E+02  0.000E+00  4.179E+02 -2.730E+02
  2.343E+01  1.923E+01  2.930E+02  0.000E+00  4.179E+02 -2.730E+02
  2.353E+01  1.923E+01  2.930E+02  0.000E+00  4.179E+02 -2.730E+02
  2.363E+01  1.923E+01  2.930E+02  0.000E+00  4.179E+02 -2.730E+02
  2.373E+01  1.923E+01  2.930E+02  0.000E+00  4.179E+02 -2.730E+02
  2.383E+01  1.923E+01  2.930E+02  0.000E+00  4.179E+02 -2.730E+02
  2.393E+01  1.923E+01  2.930E+02  0.000E+00  4.179E+02 -2.730E+02
  2.403E+01  1.924E+01  2.930E+02  0.000E+00  4.179E+02 -2.730E+02
  2.413E+01  1.924E+01  2.930E+02  0.000E+00  4.179E+02 -2.730E+02
  2.423E+01  1.924E+01  2.930E+02  0.000E+00  4.179E+02 -2.730E+02
  2.433E+01  1.924E+01  2.930E+02  0.000E+00  4.179E+02 -2.730E+02
  2.443E+01  1.924E+01  2.930E+02  0.000E+00  4.179E+02 -2.730E+02
  2.453E+01  1.925E+01  2.930E+02  0.000E+00  4.179E+02 -2.730E+02
  2.463E+01  1.925E+01  2.930E+02  0.000E+00  4.179E+02 -2.730E+02
  2.473E+01  1.925E+01  2.930E+02  0.000E+00  4.179E+02 -2.730E+02
  2.483E+01  1.925E+01  2.930E+02  0.000E+00  4.179E+02 -2.730E+02
  2.493E+01  1.925E+01  2.930E+02  0.000E+00  4.179E+02 -2.730E+02
  2.503E+01  1.926E+01  2.930E+02  0.000E+00  4.179E+02 -2.730E+02
  2.513E+01  1.926E+01  2.930E+02  0.000E+00  4.179E+02 -2.730E+02
  2.523E+01  1.926E+01  2.930E+02  0.000E+00  4.179E+02 -2.730E+02
  2.533E+01  1.927E+01  2.930E+02  0.000E+00  4.179E+02 -2.730E+02
  2.543E+01  1.927E+01  2.930E+02  0.000E+00  4.179E+02 -2.730E+02
  2.553E+01  1.927E+01  2.930E+02  0.000E+00  4.179E+02 -2.730E+02
  2.563E+01  1.927E+01  2.930E+02  0.000E+00  4.179E+02 -2.730E+02
  2.573E+01  1.928E+01  2.930E+02  0.000E+00  4.179E+02 -2.730E+02
  2.583E+01  1.928E+01  2.930E+02  0.000E+00  4.179E+02 -2.730E+02
  2.593E+01  1.928E+01  2.930E+02  0.000E+00  4.179E+02 -2.730E+02
  2.603E+01  1.929E+01  2.930E+02  0.000E+00  4.179E+02 -2.730E+02
  2.613E+01  1.929E+01  2.930E+02  0.000E+00  4.179E+02 -2.730E+02
  2.623E+01  1.929E+01  2.930E+02  0.000E+00  4.179E+02 -2.730E+02
  2.633E+01  1.930E+01  2.930E+02  0.000E+00  4.179E+02 -2.730E+02
  2.643E+01  1.930E+01  2.930E+02  0.000E+00  4.179E+02 -2.730E+02
  2.653E+01  1.930E+01  2.930E+02  0.000E+00  4.179E+02 -2.730E+02
  2.663E+01  1.931E+01  2.930E+02  0.000E+00  4.179E+02 -2.730E+02
  2.673E+01  1.931E+01  2.930E+02  0.000E+00  4.179E+02 -2.730E+02
  2.683E+01  1.931E+01  2.930E+02  0.000E+00  4.179E+02 -2.730E+02
  2.693E+01  1.932E+01  2.930E+02  0.000E+00  4.179E+02 -2.730E+02
  2.703E+01  1.932E+01  2.930E+02  0.000E+00  4.179E+02 -2.730E+02
  2.713E+01  1.932E+01  2.930E+02  0.000E+00  4.179E+02 -2.730E+02
  2.723E+01  1.933E+01  2.930E+02  0.000E+00  4.179E+02 -2.730E+02
  2.733E+01  1.933E+01  2.930E+02  0.000E+00  4.179E+02 -2.730E+02
  2.743E+01  1.934E+01  2.930E+02  0.000E+00  4.179E+02 -2.730E+02
  2.753E+01  1.934E+01  2.930E+02  0.000E+00  4.179E+02 -2.730E+02
  2.763E+01  1.934E+01  2.930E+02  0.000E+00  4.179E+02 -2.730E+02
  2.773E+01  1.935E+01  2.930E+02  0.000E+00  4.179E+02 -2.730E+02
  2.783E+01  1.935E+01  2.930E+02  0.000E+00  4.179E+02 -2.730E+02
  2.793E+01  1.935E+01  2.930E+02  0.000E+00  4.179E+02 -2.730E+02
  2.803E+01  1.936E+01  2.930E+02  0.000E+00  4.179E+02 -2.730E+02
  2.813E+01  1.936E+01  2.930E+02  0.000E+00  4.179E+02 -2.730E+02
  2.823E+01  1.936E+01  2.930E+02  0.000E+00  4.179E+02 -2.730E+02
  2.833E+01  1.937E+01  2.930E+02  0.000E+00  4.179E+02 -2.730E+02
  2.843E+01  1.937E+01  2.930E+02  0.000E+00  4.179E+02 -2.730E+02
  2.853E+01  1.937E+01  2.930E+02  0.000E+00  4.179E+02 -2.730E+02
  2.863E+01  1.938E+01  2.930E+02  0.000E+00  4.179E+02 -2.730E+02
  2.873E+01  1.938E+01  2.930E+02  0.000E+00  4.179E+02 -2.730E+02
  2.883E+01  1.938E+01  2.930E+02  0.000E+00  4.179E+02 -2.730E+02
  2.893E+01  1.939E+01  2.930E+02  0.000E+00  4.179E+02 -2.730E+02
  2.903E+01  1.939E+01  2.930E+02  0.000E+00  4.179E+02 -2.730E+02
  2.913E+01  1.939E+01  2.930E+02  0.000E+00  4.179E+02 -2.730E+02
  2.923E+01  1.940E+01  2.930E+02  0.000E+00  4.179E+02 -2.730E+02
  2.933E+01  1.940E+01  2.930E+02  0.000E+00  4.179E+02 -2.730E+02
  2.943E+01  1.940E+01  2.930E+02  0.000E+00  4.179E+02 -2.730E+02
  2.953E+01  1.941E+01  2.930E+02  0.000E+00  4.179E+02 -2.730E+02
  2.963E+01  1.941E+01  2.930E+02  0.000E+00  4.179E+02 -2.730E+02
  2.973E+01  1.941E+01  2.930E+02  0.000E+00  4.179E+02 -2.730E+02
  2.983E+01  1.942E+01  2.930E+02  0.000E+00  4.179E+02 -2.730E+02
  2.993E+01  1.942E+01  2.930E+02  0.000E+00  4.179E+02 -2.730E+02
  3.003E+01  1.942E+01  2.930E+02  0.000E+00  4.179E+02 -2.730E+02
  3.013E+01  1.942E+01  2.930E+02  0.000E+00  4.179E+02 -2.730E+02
  3.023E+01  1.943E+01  2.930E+02  0.000E+00  4.179E+02 -2.730E+02
  3.033E+01  1.943E+01  2.930E+02  0.000E+00  4.179E+02 -2.730E+02
  3.043E+01  1.943E+01  2.930E+02  0.000E+00  4.179E+02 -2.730E+02
  3.053E+01  1.943E+01  2.930E+02  0.000E+00  4.179E+02 -2.730E+02
  3.063E+01  1.943E+01  2.930E+02  0.000E+00  4.179E+02 -2.730E+02
  3.073E+01  1.944E+01  2.930E+02  0.000E+00  4.179E+02 -2.730E+02
  3.083E+01  1.944E+01  2.930E+02  0.000E+00  4.179E+02 -2.730E+02
  3.093E+01  1.944E+01  2.930E+02  0.000E+00  4.179E+02 -2.730E+02
  3.103E+01  1.944E+01  2.930E+02  0.000E+00  4.179E+02 -2.730E+02
  3.113E+01  1.944E+01  2.930E+02  0.000E+00  4.179E+02 -2.730E+02
  3.123E+01  1.945E+01  2.930E+02  0.000E+00  4.179E+02 -2.730E+02
  3.133E+01  1.945E+01  2.930E+02  0.000E+00  4.179E+02 -2.730E+02
  3.143E+01  1.945E+01  2.930E+02  0.000E+00  4.179E+02 -2.730E+02
  3.153E+01  1.945E+01  2.930E+02  0.000E+00  4.179E+02 -2.730E+02
  3.163E+01  1.945E+01  2.930E+02  0.000E+00  4.179E+02 -2.730E+02
  3.173E+01  1.945E+01  2.930E+02  0.000E+00  4.179E+02 -2.730E+02
  3.183E+01  1.945E+01  2.930E+02  0.000E+00  4.179E+02 -2.730E+02
  3.193E+01  1.945E+01  2.930E+02  0.000E+00  4.179E+02 -2.730E+02
  3.203E+01  1.946E+01  2.930E+02  0.000E+00  4.179E+02 -2.730E+02
  3.213E+01  1.946E+01  2.930E+02  0.000E+00  4.179E+02 -2.730E+02
  3.223E+01  1.946E+01  2.930E+02  0.000E+00  4.179E+02 -2.730E+02
  3.233E+01  1.946E+01  2.930E+02  0.000E+00  4.179E+02 -2.730E+02
  3.243E+01  1.946E+01  2.930E+02  0.000E+00  4.179E+02 -2.730E+02
  3.253E+01  1.946E+01  2.930E+02  0.000E+00  4.179E+02 -2.730E+02
  3.263E+01  1.946E+01  2.930E+02  0.000E+00  4.179E+02 -2.730E+02
  3.273E+01  1.946E+01  2.930E+02  0.000E+00  4.179E+02 -2.730E+02
  3.283E+01  1.946E+01  2.930E+02  0.000E+00  4.179E+02 -2.730E+02
  3.293E+01  1.946E+01  2.930E+02  0.000E+00  4.179E+02 -2.730E+02
  3.303E+01  1.946E+01  2.930E+02  0.000E+00  4.179E+02 -2.730E+02
  3.313E+01  1.946E+01  2.930E+02  0.000E+00  4.179E+02 -2.730E+02
  3.323E+01  1.946E+01  2.930E+02  0.000E+00  4.179E+02 -2.730E+02
  3.333E+01  1.946E+01  2.930E+02  0.000E+00  4.179E+02 -2.730E+02
  3.343E+01  1.946E+01  2.930E+02  0.000E+00  4.179E+02 -2.730E+02
  3.353E+01  1.946E+01  2.930E+02  0.000E+00  4.179E+02 -2.730E+02
  3.363E+01  1.946E+01  2.930E+02  0.000E+00  4.179E+02 -2.730E+02
  3.373E+01  1.946E+01  2.930E+02  0.000E+00  4.179E+02 -2.730E+02
  3.383E+01  1.946E+01  2.930E+02  0.000E+00  4.179E+02 -2.730E+02
  3.393E+01  1.946E+01  2.930E+02  0.000E+00  4.179E+02 -2.730E+02
  3.403E+01  1.946E+01  2.930E+02  0.000E+00  4.179E+02 -2.730E+02
  3.413E+01  1.946E+01  2.930E+02  0.000E+00  4.179E+02 -2.730E+02
  3.423E+01  1.946E+01  2.930E+02  0.000E+00  4.179E+02 -2.730E+02
  3.433E+01  1.946E+01  2.930E+02  0.000E+00  4.179E+02 -2.730E+02
  3.443E+01  1.946E+01  2.930E+02  0.000E+00  4.179E+02 -2.730E+02
  3.453E+01  1.946E+01  2.930E+02  0.000E+00  4.179E+02 -2.730E+02
  3.463E+01  1.946E+01  2.930E+02  0.000E+00  4.179E+02 -2.730E+02
  3.473E+01  1.946E+01  2.930E+02  0.000E+00  4.179E+02 -2.730E+02
  3.483E+01  1.946E+01  2.930E+02  0.000E+00  4.179E+02 -2.730E+02
  3.493E+01  1.946E+01  2.930E+02  0.000E+00  4.179E+02 -2.730E+02
  3.503E+01  1.946E+01  2.930E+02  0.000E+00  4.179E+02 -2.730E+02
  3.513E+01  1.946E+01  2.930E+02  0.000E+00  4.179E+02 -2.730E+02
  3.523E+01  1.946E+01  2.930E+02  0.000E+00  4.179E+02 -2.730E+02
  3.533E+01  1.946E+01  2.930E+02  0.000E+00  4.179E+02 -2.730E+02
  3.543E+01  1.946E+01  2.930E+02  0.000E+00  4.179E+02 -2.730E+02
  3.553E+01  1.946E+01  2.930E+02  0.000E+00  4.179E+02 -2.730E+02
  3.563E+01  1.946E+01  2.930E+02  0.000E+00  4.179E+02 -2.730E+02
  3.573E+01  1.946E+01  2.930E+02  0.000E+00  4.179E+02 -2.730E+02
  3.583E+01  1.946E+01  2.930E+02  0.000E+00  4.179E+02 -2.730E+02
  3.593E+01  1.946E+01  2.930E+02  0.000E+00  4.179E+02 -2.730E+02
  3.603E+01  1.946E+01  2.930E+02  0.000E+00  4.179E+02 -2.730E+02
  3.613E+01  1.946E+01  2.930E+02  0.000E+00  4.179E+02 -2.730E+02
  3.623E+01  1.946E+01  2.930E+02  0.000E+00  4.179E+02 -2.730E+02
  3.633E+01  1.946E+01  2.930E+02  0.000E+00  4.179E+02 -2.730E+02
  3.643E+01  1.946E+01  2.930E+02  0.000E+00  4.179E+02 -2.730E+02
  3.653E+01  1.946E+01  2.930E+02  0.000E+00  4.179E+02 -2.730E+02
  3.663E+01  1.946E+01  2.930E+02  0.000E+00  4.179E+02 -2.730E+02
  3.673E+01  1.946E+01  2.930E+02  0.000E+00  4.179E+02 -2.730E+02
  3.683E+01  1.946E+01  2.930E+02  0.000E+00  4.179E+02 -2.730E+02
  3.693E+01  1.946E+01  2.930E+02  0.000E+00  4.179E+02 -2.730E+02
  3.703E+01  1.946E+01  2.930E+02  0.000E+00  4.179E+02 -2.730E+02
  3.713E+01  1.946E+01  2.930E+02  0.000E+00  4.179E+02 -2.730E+02
  3.723E+01  1.946E+01  2.930E+02  0.000E+00  4.179E+02 -2.730E+02
  3.733E+01  1.946E+01  2.930E+02  0.000E+00  4.179E+02 -2.730E+02
  3.743E+01  1.946E+01  2.930E+02  0.000E+00  4.179E+02 -2.730E+02
  3.753E+01  1.946E+01  2.930E+02  0.000E+00  4.179E+02 -2.730E+02
  3.763E+01  1.946E+01  2.930E+02  0.000E+00  4.179E+02 -2.730E+02
  3.773E+01  1.946E+01  2.930E+02  0.000E+00  4.179E+02 -2.730E+02
  3.783E+01  1.946E+01  2.930E+02  0.000E+00  4.179E+02 -2.730E+02
  3.793E+01  1.946E+01  2.930E+02  0.000E+00  4.179E+02 -2.730E+02
  3.803E+01  1.946E+01  2.930E+02  0.000E+00  4.179E+02 -2.730E+02
  3.813E+01  1.946E+01  2.930E+02  0.000E+00  4.179E+02 -2.730E+02
  3.823E+01  1.946E+01  2.930E+02  0.000E+00  4.179E+02 -2.730E+02
  3.833E+01  1.946E+01  2.930E+02  0.000E+00  4.179E+02 -2.730E+02
  3.843E+01  1.946E+01  2.930E+02  0.000E+00  4.179E+02 -2.730E+02
  3.853E+01  1.946E+01  2.930E+02  0.000E+00  4.179E+02 -2.730E+02
  3.863E+01  1.947E+01  2.930E+02  0.000E+00  4.179E+02 -2.730E+02
  3.873E+01  1.947E+01  2.930E+02  0.000E+00  4.179E+02 -2.730E+02
  3.883E+01  1.947E+01  2.930E+02  0.000E+00  4.179E+02 -2.730E+02
  3.893E+01  1.947E+01  2.930E+02  0.000E+00  4.179E+02 -2.730E+02
  3.903E+01  1.947E+01  2.930E+02  0.000E+00  4.179E+02 -2.730E+02
  3.913E+01  1.947E+01  2.930E+02  0.000E+00  4.179E+02 -2.730E+02
  3.923E+01  1.947E+01  2.930E+02  0.000E+00  4.179E+02 -2.730E+02
  3.933E+01  1.947E+01  2.930E+02  0.000E+00  4.179E+02 -2.730E+02
  3.943E+01  1.947E+01  2.930E+02  0.000E+00  4.179E+02 -2.730E+02
  3.953E+01  1.947E+01  2.930E+02  0.000E+00  4.179E+02 -2.730E+02
  3.963E+01  1.947E+01  2.930E+02  0.000E+00  4.179E+02 -2.730E+02
  3.973E+01  1.948E+01  2.930E+02  0.000E+00  4.179E+02 -2.730E+02
  3.983E+01  1.948E+01  2.930E+02  0.000E+00  4.179E+02 -2.730E+02
  3.993E+01  1.948E+01  2.930E+02  0.000E+00  4.179E+02 -2.730E+02
  4.003E+01  1.948E+01  2.930E+02  0.000E+00  4.179E+02 -2.730E+02
  4.013E+01  1.948E+01  2.930E+02  0.000E+00  4.179E+02 -2.730E+02
  4.023E+01  1.948E+01  2.930E+02  0.000E+00  4.179E+02 -2.730E+02
  4.033E+01  1.948E+01  2.930E+02  0.000E+00  4.179E+02 -2.730E+02
  4.043E+01  1.948E+01  2.930E+02  0.000E+00  4.179E+02 -2.730E+02
  4.053E+01  1.948E+01  2.930E+02  0.000E+00  4.179E+02 -2.730E+02
  4.063E+01  1.949E+01  2.930E+02  0.000E+00  4.179E+02 -2.730E+02
  4.073E+01  1.949E+01  2.930E+02  0.000E+00  4.179E+02 -2.730E+02
  4.083E+01  1.949E+01  2.930E+02  0.000E+00  4.179E+02 -2.730E+02
  4.093E+01  1.949E+01  2.930E+02  0.000E+00  4.179E+02 -2.730E+02
  4.103E+01  1.949E+01  2.930E+02  0.000E+00  4.179E+02 -2.730E+02
  4.113E+01  1.949E+01  2.930E+02  0.000E+00  4.179E+02 -2.730E+02
  4.123E+01  1.949E+01  2.930E+02  0.000E+00  4.179E+02 -2.730E+02
  4.133E+01  1.950E+01  2.930E+02  0.000E+00  4.179E+02 -2.730E+02
  4.143E+01  1.950E+01  2.930E+02  0.000E+00  4.179E+02 -2.730E+02
  4.153E+01  1.950E+01  2.930E+02  0.000E+00  4.179E+02 -2.730E+02
  4.163E+01  1.950E+01  2.930E+02  0.000E+00  4.179E+02 -2.730E+02
  4.173E+01  1.950E+01  2.930E+02  0.000E+00  4.179E+02 -2.730E+02
  4.183E+01  1.950E+01  2.930E+02  0.000E+00  4.179E+02 -2.730E+02
  4.193E+01  1.950E+01  2.930E+02  0.000E+00  4.179E+02 -2.730E+02
  4.203E+01  1.951E+01  2.930E+02  0.000E+00  4.179E+02 -2.730E+02
  4.213E+01  1.951E+01  2.930E+02  0.000E+00  4.179E+02 -2.730E+02
  4.223E+01  1.951E+01  2.930E+02  0.000E+00  4.179E+02 -2.730E+02
  4.233E+01  1.951E+01  2.930E+02  0.000E+00  4.179E+02 -2.730E+02
  4.243E+01  1.951E+01  2.930E+02  0.000E+00  4.179E+02 -2.730E+02
  4.253E+01  1.951E+01  2.930E+02  0.000E+00  4.179E+02 -2.730E+02
  4.263E+01  1.951E+01  2.930E+02  0.000E+00  4.179E+02 -2.730E+02
  4.273E+01  1.951E+01  2.930E+02  0.000E+00  4.179E+02 -2.730E+02
  4.283E+01  1.952E+01  2.930E+02  0.000E+00  4.179E+02 -2.730E+02
  4.293E+01  1.952E+01  2.930E+02  0.000E+00  4.179E+02 -2.730E+02
  4.303E+01  1.952E+01  2.930E+02  0.000E+00  4.179E+02 -2.730E+02
  4.313E+01  1.952E+01  2.930E+02  0.000E+00  4.179E+02 -2.730E+02
  4.323E+01  1.952E+01  2.930E+02  0.000E+00  4.179E+02 -2.730E+02
  4.333E+01  1.952E+01  2.930E+02  0.000E+00  4.179E+02 -2.730E+02
  4.343E+01  1.952E+01  2.930E+02  0.000E+00  4.179E+02 -2.730E+02
  4.353E+01  1.952E+01  2.930E+02  0.000E+00  4.179E+02 -2.730E+02
  4.363E+01  1.953E+01  2.930E+02  0.000E+00  4.179E+02 -2.730E+02
  4.373E+01  1.953E+01  2.930E+02  0.000E+00  4.179E+02 -2.730E+02
  4.383E+01  1.953E+01  2.930E+02  0.000E+00  4.179E+02 -2.730E+02
  4.393E+01  1.953E+01  2.930E+02  0.000E+00  4.179E+02 -2.730E+02
  4.403E+01  1.953E+01  2.930E+02  0.000E+00  4.179E+02 -2.730E+02
  4.413E+01  1.953E+01  2.930E+02  0.000E+00  4.179E+02 -2.730E+02
  4.423E+01  1.953E+01  2.930E+02  0.000E+00  4.179E+02 -2.730E+02
  4.433E+01  1.953E+01  2.930E+02  0.000E+00  4.179E+02 -2.730E+02
  4.443E+01  1.953E+01  2.930E+02  0.000E+00  4.179E+02 -2.730E+02
  4.453E+01  1.953E+01  2.930E+02  0.000E+00  4.179E+02 -2.730E+02
  4.463E+01  1.953E+01  2.930E+02  0.000E+00  4.179E+02 -2.730E+02
  4.473E+01  1.954E+01  2.930E+02  0.000E+00  4.179E+02 -2.730E+02
  4.483E+01  1.954E+01  2.930E+02  0.000E+00  4.179E+02 -2.730E+02
  4.493E+01  1.954E+01  2.930E+02  0.000E+00  4.179E+02 -2.730E+02
  4.503E+01  1.954E+01  2.930E+02  0.000E+00  4.179E+02 -2.730E+02
  4.513E+01  1.954E+01  2.930E+02  0.000E+00  4.179E+02 -2.730E+02
  4.523E+01  1.954E+01  2.930E+02  0.000E+00  4.179E+02 -2.730E+02
  4.533E+01  1.954E+01  2.930E+02  0.000E+00  4.179E+02 -2.730E+02
  4.543E+01  1.954E+01  2.930E+02  0.000E+00  4.179E+02 -2.730E+02
  4.553E+01  1.954E+01  2.930E+02  0.000E+00  4.179E+02 -2.730E+02
  4.563E+01  1.954E+01  2.930E+02  0.000E+00  4.179E+02 -2.730E+02
  4.573E+01  1.954E+01  2.930E+02  0.000E+00  4.179E+02 -2.730E+02
  4.583E+01  1.954E+01  2.930E+02  0.000E+00  4.179E+02 -2.730E+02
  4.593E+01  1.954E+01  2.930E+02  0.000E+00  4.179E+02 -2.730E+02
  4.603E+01  1.954E+01  2.930E+02  0.000E+00  4.179E+02 -2.730E+02
  4.613E+01  1.954E+01  2.930E+02  0.000E+00  4.179E+02 -2.730E+02
  4.623E+01  1.954E+01  2.930E+02  0.000E+00  4.179E+02 -2.730E+02
  4.633E+01  1.954E+01  2.930E+02  0.000E+00  4.179E+02 -2.730E+02
  4.643E+01  1.954E+01  2.930E+02  0.000E+00  4.179E+02 -2.730E+02
  4.653E+01  1.954E+01  2.930E+02  0.000E+00  4.179E+02 -2.730E+02
  4.663E+01  1.954E+01  2.930E+02  0.000E+00  4.179E+02 -2.730E+02
  4.673E+01  1.954E+01  2.930E+02  0.000E+00  4.179E+02 -2.730E+02
  4.683E+01  1.954E+01  2.930E+02  0.000E+00  4.179E+02 -2.730E+02
  4.693E+01  1.954E+01  2.930E+02  0.000E+00  4.179E+02 -2.730E+02
  4.703E+01  1.954E+01  2.930E+02  0.000E+00  4.179E+02 -2.730E+02
  4.713E+01  1.954E+01  2.930E+02  0.000E+00  4.179E+02 -2.730E+02
  4.723E+01  1.954E+01  2.930E+02  0.000E+00  4.179E+02 -2.730E+02
  4.733E+01  1.954E+01  2.930E+02  0.000E+00  4.179E+02 -2.730E+02
  4.743E+01  1.954E+01  2.930E+02  0.000E+00  4.179E+02 -2.730E+02
  4.753E+01  1.954E+01  2.930E+02  0.000E+00  4.179E+02 -2.730E+02
  4.763E+01  1.954E+01  2.930E+02  0.000E+00  4.179E+02 -2.730E+02
  4.773E+01  1.954E+01  2.930E+02  0.000E+00  4.179E+02 -2.730E+02
  4.783E+01  1.954E+01  2.930E+02  0.000E+00  4.179E+02 -2.730E+02
  4.793E+01  1.954E+01  2.930E+02  0.000E+00  4.179E+02 -2.730E+02
  4.803E+01  1.954E+01  2.930E+02  0.000E+00  4.179E+02 -2.730E+02
  4.813E+01  1.954E+01  2.930E+02  0.000E+00  4.179E+02 -2.730E+02
  4.823E+01  1.953E+01  2.930E+02  0.000E+00  4.179E+02 -2.730E+02
  4.833E+01  1.953E+01  2.930E+02  0.000E+00  4.179E+02 -2.730E+02
  4.843E+01  1.953E+01  2.930E+02  0.000E+00  4.179E+02 -2.730E+02
  4.853E+01  1.953E+01  2.930E+02  0.000E+00  4.179E+02 -2.730E+02
  4.863E+01  1.953E+01  2.930E+02  0.000E+00  4.179E+02 -2.730E+02
  4.873E+01  1.953E+01  2.930E+02  0.000E+00  4.179E+02 -2.730E+02
  4.883E+01  1.953E+01  2.930E+02  0.000E+00  4.179E+02 -2.730E+02
  4.893E+01  1.953E+01  2.930E+02  0.000E+00  4.179E+02 -2.730E+02
  4.903E+01  1.953E+01  2.930E+02  0.000E+00  4.179E+02 -2.730E+02
  4.913E+01  1.953E+01  2.930E+02  0.000E+00  4.179E+02 -2.730E+02
  4.923E+01  1.953E+01  2.930E+02  0.000E+00  4.179E+02 -2.730E+02
  4.933E+01  1.953E+01  2.930E+02  0.000E+00  4.179E+02 -2.730E+02
  4.943E+01  1.953E+01  2.930E+02  0.000E+00  4.179E+02 -2.730E+02
  4.953E+01  1.953E+01  2.930E+02  0.000E+00  4.179E+02 -2.730E+02
  4.963E+01  1.953E+01  2.930E+02  0.000E+00  4.179E+02 -2.730E+02
  4.973E+01  1.953E+01  2.930E+02  0.000E+00  4.179E+02 -2.730E+02
  4.983E+01  1.953E+01  2.930E+02  0.000E+00  4.179E+02 -2.730E+02
  4.993E+01  1.953E+01  2.930E+02  0.000E+00  4.179E+02 -2.730E+02
  5.003E+01  1.952E+01  2.930E+02  0.000E+00  4.179E+02 -2.730E+02
  5.013E+01  1.952E+01  2.930E+02  0.000E+00  4.179E+02 -2.730E+02
  5.023E+01  1.952E+01  2.930E+02  0.000E+00  4.179E+02 -2.730E+02
  5.033E+01  1.952E+01  2.930E+02  0.000E+00  4.179E+02 -2.730E+02
  5.043E+01  1.952E+01  2.930E+02  0.000E+00  4.179E+02 -2.730E+02
  5.053E+01  1.952E+01  2.930E+02  0.000E+00  4.179E+02 -2.730E+02
  5.063E+01  1.952E+01  2.930E+02  0.000E+00  4.179E+02 -2.730E+02
  5.073E+01  1.952E+01  2.930E+02  0.000E+00  4.179E+02 -2.730E+02
  5.083E+01  1.952E+01  2.930E+02  0.000E+00  4.179E+02 -2.730E+02
  5.093E+01  1.952E+01  2.930E+02  0.000E+00  4.179E+02 -2.730E+02
  5.103E+01  1.952E+01  2.930E+02  0.000E+00  4.179E+02 -2.730E+02
  5.113E+01  1.952E+01  2.930E+02  0.000E+00  4.179E+02 -2.730E+02
  5.123E+01  1.952E+01  2.930E+02  0.000E+00  4.179E+02 -2.730E+02
  5.133E+01  1.952E+01  2.930E+02  0.000E+00  4.179E+02 -2.730E+02
  5.143E+01  1.952E+01  2.930E+02  0.000E+00  4.179E+02 -2.730E+02
  5.153E+01  1.952E+01  2.930E+02  0.000E+00  4.179E+02 -2.730E+02
  5.163E+01  1.952E+01  2.930E+02  0.000E+00  4.179E+02 -2.730E+02
  5.173E+01  1.952E+01  2.930E+02  0.000E+00  4.179E+02 -2.730E+02
  5.183E+01  1.952E+01  2.930E+02  0.000E+00  4.179E+02 -2.730E+02
  5.193E+01  1.952E+01  2.930E+02  0.000E+00  4.179E+02 -2.730E+02
  5.203E+01  1.952E+01  2.930E+02  0.000E+00  4.179E+02 -2.730E+02
  5.213E+01  1.952E+01  2.930E+02  0.000E+00  4.179E+02 -2.730E+02
  5.223E+01  1.952E+01  2.930E+02  0.000E+00  4.179E+02 -2.730E+02
  5.233E+01  1.952E+01  2.930E+02  0.000E+00  4.179E+02 -2.730E+02
  5.243E+01  1.952E+01  2.930E+02  0.000E+00  4.179E+02 -2.730E+02
  5.253E+01  1.952E+01  2.930E+02  0.000E+00  4.179E+02 -2.730E+02
  5.263E+01  1.952E+01  2.930E+02  0.000E+00  4.179E+02 -2.730E+02
  5.273E+01  1.952E+01  2.930E+02  0.000E+00  4.179E+02 -2.730E+02
  5.283E+01  1.952E+01  2.930E+02  0.000E+00  4.179E+02 -2.730E+02
  5.293E+01  1.952E+01  2.930E+02  0.000E+00  4.179E+02 -2.730E+02
  5.303E+01  1.952E+01  2.930E+02  0.000E+00  4.179E+02 -2.730E+02
  5.313E+01  1.952E+01  2.930E+02  0.000E+00  4.179E+02 -2.730E+02
  5.323E+01  1.952E+01  2.930E+02  0.000E+00  4.179E+02 -2.730E+02
  5.333E+01  1.952E+01  2.930E+02  0.000E+00  4.179E+02 -2.730E+02
  5.343E+01  1.952E+01  2.930E+02  0.000E+00  4.179E+02 -2.730E+02
  5.353E+01  1.952E+01  2.930E+02  0.000E+00  4.179E+02 -2.730E+02
  5.363E+01  1.952E+01  2.930E+02  0.000E+00  4.179E+02 -2.730E+02
  5.373E+01  1.952E+01  2.930E+02  0.000E+00  4.179E+02 -2.730E+02
  5.383E+01  1.952E+01  2.930E+02  0.000E+00  4.179E+02 -2.730E+02
  5.393E+01  1.952E+01  2.930E+02  0.000E+00  4.179E+02 -2.730E+02
  5.403E+01  1.952E+01  2.930E+02  0.000E+00  4.179E+02 -2.730E+02
  5.413E+01  1.952E+01  2.930E+02  0.000E+00  4.179E+02 -2.730E+02
  5.423E+01  1.952E+01  2.930E+02  0.000E+00  4.179E+02 -2.730E+02
  5.433E+01  1.952E+01  2.930E+02  0.000E+00  4.179E+02 -2.730E+02
  5.443E+01  1.952E+01  2.930E+02  0.000E+00  4.179E+02 -2.730E+02
  5.453E+01  1.952E+01  2.930E+02  0.000E+00  4.179E+02 -2.730E+02
  5.463E+01  1.952E+01  2.930E+02  0.000E+00  4.179E+02 -2.730E+02
  5.473E+01  1.952E+01  2.930E+02  0.000E+00  4.179E+02 -2.730E+02
  5.483E+01  1.952E+01  2.930E+02  0.000E+00  4.179E+02 -2.730E+02
  5.493E+01  1.953E+01  2.930E+02  0.000E+00  4.179E+02 -2.730E+02
  5.503E+01  1.953E+01  2.930E+02  0.000E+00  4.179E+02 -2.730E+02
  5.513E+01  1.953E+01  2.930E+02  0.000E+00  4.179E+02 -2.730E+02
  5.523E+01  1.953E+01  2.930E+02  0.000E+00  4.179E+02 -2.730E+02
  5.533E+01  1.953E+01  2.930E+02  0.000E+00  4.179E+02 -2.730E+02
  5.543E+01  1.953E+01  2.930E+02  0.000E+00  4.179E+02 -2.730E+02
  5.553E+01  1.953E+01  2.930E+02  0.000E+00  4.179E+02 -2.730E+02
  5.563E+01  1.953E+01  2.930E+02  0.000E+00  4.179E+02 -2.730E+02
  5.573E+01  1.953E+01  2.930E+02  0.000E+00  4.179E+02 -2.730E+02
  5.583E+01  1.953E+01  2.930E+02  0.000E+00  4.179E+02 -2.730E+02
  5.593E+01  1.953E+01  2.930E+02  0.000E+00  4.179E+02 -2.730E+02
  5.603E+01  1.953E+01  2.930E+02  0.000E+00  4.179E+02 -2.730E+02
  5.613E+01  1.953E+01  2.930E+02  0.000E+00  4.179E+02 -2.730E+02
  5.623E+01  1.953E+01  2.930E+02  0.000E+00  4.179E+02 -2.730E+02
  5.633E+01  1.954E+01  2.930E+02  0.000E+00  4.179E+02 -2.730E+02
  5.643E+01  1.954E+01  2.930E+02  0.000E+00  4.179E+02 -2.730E+02
  5.653E+01  1.954E+01  2.930E+02  0.000E+00  4.179E+02 -2.730E+02
  5.663E+01  1.954E+01  2.930E+02  0.000E+00  4.179E+02 -2.730E+02
  5.673E+01  1.954E+01  2.930E+02  0.000E+00  4.179E+02 -2.730E+02
  5.683E+01  1.954E+01  2.930E+02  0.000E+00  4.179E+02 -2.730E+02
  5.693E+01  1.954E+01  2.930E+02  0.000E+00  4.179E+02 -2.730E+02
  5.703E+01  1.954E+01  2.930E+02  0.000E+00  4.179E+02 -2.730E+02
  5.713E+01  1.954E+01  2.930E+02  0.000E+00  4.179E+02 -2.730E+02
  5.723E+01  1.954E+01  2.930E+02  0.000E+00  4.179E+02 -2.730E+02
  5.733E+01  1.954E+01  2.930E+02  0.000E+00  4.179E+02 -2.730E+02
  5.743E+01  1.954E+01  2.930E+02  0.000E+00  4.179E+02 -2.730E+02
  5.753E+01  1.954E+01  2.930E+02  0.000E+00  4.179E+02 -2.730E+02
  5.763E+01  1.954E+01  2.930E+02  0.000E+00  4.179E+02 -2.730E+02
  5.773E+01  1.955E+01  2.930E+02  0.000E+00  4.179E+02 -2.730E+02
  5.783E+01  1.955E+01  2.930E+02  0.000E+00  4.179E+02 -2.730E+02
  5.793E+01  1.955E+01  2.930E+02  0.000E+00  4.179E+02 -2.730E+02
  5.803E+01  1.955E+01  2.930E+02  0.000E+00  4.179E+02 -2.730E+02
  5.813E+01  1.955E+01  2.930E+02  0.000E+00  4.179E+02 -2.730E+02
  5.823E+01  1.955E+01  2.930E+02  0.000E+00  4.179E+02 -2.730E+02
  5.833E+01  1.955E+01  2.930E+02  0.000E+00  4.179E+02 -2.730E+02
  5.843E+01  1.955E+01  2.930E+02  0.000E+00  4.179E+02 -2.730E+02
  5.853E+01  1.955E+01  2.930E+02  0.000E+00  4.179E+02 -2.730E+02
  5.863E+01  1.955E+01  2.930E+02  0.000E+00  4.179E+02 -2.730E+02
  5.873E+01  1.955E+01  2.930E+02  0.000E+00  4.179E+02 -2.730E+02
  5.883E+01  1.955E+01  2.930E+02  0.000E+00  4.179E+02 -2.730E+02
  5.893E+01  1.955E+01  2.930E+02  0.000E+00  4.179E+02 -2.730E+02
  5.903E+01  1.955E+01  2.930E+02  0.000E+00  4.179E+02 -2.730E+02
  5.913E+01  1.955E+01  2.930E+02  0.000E+00  4.179E+02 -2.730E+02
  5.923E+01  1.955E+01  2.930E+02  0.000E+00  4.179E+02 -2.730E+02
  5.933E+01  1.955E+01  2.930E+02  0.000E+00  4.179E+02 -2.730E+02
  5.943E+01  1.955E+01  2.930E+02  0.000E+00  4.179E+02 -2.730E+02
  5.953E+01  1.955E+01  2.930E+02  0.000E+00  4.179E+02 -2.730E+02
  5.963E+01  1.955E+01  2.930E+02  0.000E+00  4.179E+02 -2.730E+02
  5.973E+01  1.955E+01  2.930E+02  0.000E+00  4.179E+02 -2.730E+02
  5.983E+01  1.956E+01  2.930E+02  0.000E+00  4.179E+02 -2.730E+02
  5.993E+01  1.956E+01  2.930E+02  0.000E+00  4.179E+02 -2.730E+02
  6.003E+01  1.956E+01  2.930E+02  0.000E+00  4.179E+02 -2.730E+02
