 X( 21)=-4.6481E+01     Y(  9)=-1.9679E+02     Z( 14)= 4.8577E+01

       TIME  Velocity   Temperatur CH4        Max radiat Solid Temp
  1.000E-03  1.924E+01  2.930E+02  0.000E+00  4.179E+02 -2.730E+02
  2.100E-03  1.924E+01  2.930E+02  0.000E+00  4.179E+02 -2.730E+02
  3.100E-03  1.924E+01  2.930E+02  0.000E+00  4.179E+02 -2.730E+02
  4.158E-03  1.924E+01  2.930E+02  0.000E+00  4.179E+02 -2.730E+02
  5.320E-03  1.921E+01  2.930E+02  0.000E+00  4.179E+02 -2.730E+02
  6.598E-03  1.914E+01  2.930E+02  0.000E+00  4.179E+02 -2.730E+02
  8.004E-03  1.914E+01  2.930E+02  0.000E+00  4.179E+02 -2.730E+02
  9.550E-03  1.915E+01  2.930E+02  0.000E+00  4.179E+02 -2.730E+02
  1.125E-02  1.916E+01  2.930E+02  0.000E+00  4.179E+02 -2.730E+02
  1.312E-02  1.915E+01  2.930E+02  0.000E+00  4.179E+02 -2.730E+02
  1.518E-02  1.915E+01  2.930E+02  0.000E+00  4.179E+02 -2.730E+02
  1.744E-02  1.915E+01  2.930E+02  0.000E+00  4.179E+02 -2.730E+02
  1.993E-02  1.915E+01  2.930E+02  0.000E+00  4.179E+02 -2.730E+02
  2.267E-02  1.915E+01  2.930E+02  0.000E+00  4.179E+02 -2.730E+02
  2.569E-02  1.916E+01  2.930E+02  0.000E+00  4.179E+02 -2.730E+02
  2.900E-02  1.916E+01  2.930E+02  0.000E+00  4.179E+02 -2.730E+02
  3.265E-02  1.916E+01  2.930E+02  0.000E+00  4.179E+02 -2.730E+02
  3.666E-02  1.916E+01  2.930E+02  0.000E+00  4.179E+02 -2.730E+02
  4.107E-02  1.916E+01  2.930E+02  0.000E+00  4.179E+02 -2.730E+02
  4.592E-02  1.916E+01  2.930E+02  0.000E+00  4.179E+02 -2.730E+02
  5.126E-02  1.915E+01  2.930E+02  0.000E+00  4.179E+02 -2.730E+02
  5.713E-02  1.915E+01  2.930E+02  0.000E+00  4.179E+02 -2.730E+02
  6.359E-02  1.915E+01  2.930E+02  0.000E+00  4.179E+02 -2.730E+02
  7.070E-02  1.915E+01  2.930E+02  0.000E+00  4.179E+02 -2.730E+02
  7.851E-02  1.914E+01  2.930E+02  0.000E+00  4.179E+02 -2.730E+02
  8.711E-02  1.914E+01  2.930E+02  0.000E+00  4.179E+02 -2.730E+02
  9.656E-02  1.914E+01  2.930E+02  0.000E+00  4.179E+02 -2.730E+02
  1.070E-01  1.914E+01  2.930E+02  0.000E+00  4.179E+02 -2.730E+02
  1.184E-01  1.914E+01  2.930E+02  0.000E+00  4.179E+02 -2.730E+02
  1.310E-01  1.914E+01  2.930E+02  0.000E+00  4.179E+02 -2.730E+02
  1.448E-01  1.914E+01  2.930E+02  0.000E+00  4.179E+02 -2.730E+02
  1.601E-01  1.913E+01  2.930E+02  0.000E+00  4.179E+02 -2.730E+02
  1.768E-01  1.913E+01  2.930E+02  0.000E+00  4.179E+02 -2.730E+02
  1.952E-01  1.913E+01  2.930E+02  0.000E+00  4.179E+02 -2.730E+02
  2.155E-01  1.913E+01  2.930E+02  0.000E+00  4.179E+02 -2.730E+02
  2.378E-01  1.913E+01  2.930E+02  0.000E+00  4.179E+02 -2.730E+02
  2.623E-01  1.913E+01  2.930E+02  0.000E+00  4.179E+02 -2.730E+02
  2.893E-01  1.913E+01  2.930E+02  0.000E+00  4.179E+02 -2.730E+02
  3.189E-01  1.913E+01  2.930E+02  0.000E+00  4.179E+02 -2.730E+02
  3.515E-01  1.913E+01  2.930E+02  0.000E+00  4.179E+02 -2.730E+02
  3.874E-01  1.912E+01  2.930E+02  0.000E+00  4.179E+02 -2.730E+02
  4.268E-01  1.912E+01  2.930E+02  0.000E+00  4.179E+02 -2.730E+02
  4.702E-01  1.912E+01  2.930E+02  0.000E+00  4.179E+02 -2.730E+02
  5.179E-01  1.912E+01  2.930E+02  0.000E+00  4.179E+02 -2.730E+02
  5.704E-01  1.911E+01  2.930E+02  0.000E+00  4.179E+02 -2.730E+02
  6.282E-01  1.911E+01  2.930E+02  0.000E+00  4.179E+02 -2.730E+02
  6.917E-01  1.910E+01  2.930E+02  0.000E+00  4.179E+02 -2.730E+02
  7.616E-01  1.910E+01  2.930E+02  0.000E+00  4.179E+02 -2.730E+02
  8.384E-01  1.910E+01  2.930E+02  0.000E+00  4.179E+02 -2.730E+02
  9.230E-01  1.910E+01  2.930E+02  0.000E+00  4.179E+02 -2.730E+02
  1.016E+00  1.909E+01  2.930E+02  0.000E+00  4.179E+02 -2.730E+02
  1.116E+00  1.909E+01  2.930E+02  0.000E+00  4.179E+02 -2.730E+02
  1.216E+00  1.909E+01  2.930E+02  0.000E+00  4.179E+02 -2.730E+02
  1.316E+00  1.909E+01  2.930E+02  0.000E+00  4.179E+02 -2.730E+02
  1.416E+00  1.908E+01  2.930E+02  0.000E+00  4.179E+02 -2.730E+02
  1.516E+00  1.908E+01  2.930E+02  0.000E+00  4.179E+02 -2.730E+02
  1.616E+00  1.908E+01  2.930E+02  0.000E+00  4.179E+02 -2.730E+02
  1.716E+00  1.907E+01  2.930E+02  0.000E+00  4.179E+02 -2.730E+02
  1.816E+00  1.907E+01  2.930E+02  0.000E+00  4.179E+02 -2.730E+02
  1.916E+00  1.907E+01  2.930E+02  0.000E+00  4.179E+02 -2.730E+02
  2.016E+00  1.907E+01  2.930E+02  0.000E+00  4.179E+02 -2.730E+02
  2.116E+00  1.906E+01  2.930E+02  0.000E+00  4.179E+02 -2.730E+02
  2.216E+00  1.906E+01  2.930E+02  0.000E+00  4.179E+02 -2.730E+02
  2.316E+00  1.906E+01  2.930E+02  0.000E+00  4.179E+02 -2.730E+02
  2.416E+00  1.906E+01  2.930E+02  0.000E+00  4.179E+02 -2.730E+02
  2.516E+00  1.906E+01  2.930E+02  0.000E+00  4.179E+02 -2.730E+02
  2.616E+00  1.905E+01  2.930E+02  0.000E+00  4.179E+02 -2.730E+02
  2.716E+00  1.905E+01  2.930E+02  0.000E+00  4.179E+02 -2.730E+02
  2.816E+00  1.905E+01  2.930E+02  0.000E+00  4.179E+02 -2.730E+02
  2.916E+00  1.905E+01  2.930E+02  0.000E+00  4.179E+02 -2.730E+02
  3.016E+00  1.905E+01  2.930E+02  0.000E+00  4.179E+02 -2.730E+02
  3.116E+00  1.905E+01  2.930E+02  0.000E+00  4.179E+02 -2.730E+02
  3.216E+00  1.905E+01  2.930E+02  0.000E+00  4.179E+02 -2.730E+02
  3.316E+00  1.904E+01  2.930E+02  0.000E+00  4.179E+02 -2.730E+02
  3.416E+00  1.904E+01  2.930E+02  0.000E+00  4.179E+02 -2.730E+02
  3.516E+00  1.904E+01  2.930E+02  0.000E+00  4.179E+02 -2.730E+02
  3.616E+00  1.904E+01  2.930E+02  0.000E+00  4.179E+02 -2.730E+02
  3.716E+00  1.904E+01  2.930E+02  0.000E+00  4.179E+02 -2.730E+02
  3.816E+00  1.904E+01  2.930E+02  0.000E+00  4.179E+02 -2.730E+02
  3.916E+00  1.904E+01  2.930E+02  0.000E+00  4.179E+02 -2.730E+02
  4.016E+00  1.903E+01  2.930E+02  0.000E+00  4.179E+02 -2.730E+02
  4.116E+00  1.903E+01  2.930E+02  0.000E+00  4.179E+02 -2.730E+02
  4.216E+00  1.903E+01  2.930E+02  0.000E+00  4.179E+02 -2.730E+02
  4.316E+00  1.903E+01  2.930E+02  0.000E+00  4.179E+02 -2.730E+02
  4.416E+00  1.903E+01  2.930E+02  0.000E+00  4.179E+02 -2.730E+02
  4.516E+00  1.903E+01  2.930E+02  0.000E+00  4.179E+02 -2.730E+02
  4.616E+00  1.903E+01  2.930E+02  0.000E+00  4.179E+02 -2.730E+02
  4.716E+00  1.903E+01  2.930E+02  0.000E+00  4.179E+02 -2.730E+02
  4.816E+00  1.903E+01  2.930E+02  0.000E+00  4.179E+02 -2.730E+02
  4.916E+00  1.903E+01  2.930E+02  0.000E+00  4.179E+02 -2.730E+02
  5.016E+00  1.903E+01  2.930E+02  0.000E+00  4.179E+02 -2.730E+02
  5.116E+00  1.902E+01  2.930E+02  0.000E+00  4.179E+02 -2.730E+02
  5.216E+00  1.902E+01  2.930E+02  0.000E+00  4.179E+02 -2.730E+02
  5.316E+00  1.902E+01  2.930E+02  0.000E+00  4.179E+02 -2.730E+02
  5.416E+00  1.902E+01  2.930E+02  0.000E+00  4.179E+02 -2.730E+02
  5.516E+00  1.902E+01  2.930E+02  0.000E+00  4.179E+02 -2.730E+02
  5.616E+00  1.902E+01  2.930E+02  0.000E+00  4.179E+02 -2.730E+02
  5.716E+00  1.902E+01  2.930E+02  0.000E+00  4.179E+02 -2.730E+02
  5.816E+00  1.902E+01  2.930E+02  0.000E+00  4.179E+02 -2.730E+02
  5.916E+00  1.902E+01  2.930E+02  0.000E+00  4.179E+02 -2.730E+02
  6.016E+00  1.902E+01  2.930E+02  0.000E+00  4.179E+02 -2.730E+02
  6.116E+00  1.902E+01  2.930E+02  0.000E+00  4.179E+02 -2.730E+02
  6.216E+00  1.902E+01  2.930E+02  0.000E+00  4.179E+02 -2.730E+02
  6.316E+00  1.902E+01  2.930E+02  0.000E+00  4.179E+02 -2.730E+02
  6.416E+00  1.902E+01  2.930E+02  0.000E+00  4.179E+02 -2.730E+02
  6.516E+00  1.902E+01  2.930E+02  0.000E+00  4.179E+02 -2.730E+02
  6.616E+00  1.902E+01  2.930E+02  0.000E+00  4.179E+02 -2.730E+02
  6.716E+00  1.901E+01  2.930E+02  0.000E+00  4.179E+02 -2.730E+02
  6.816E+00  1.901E+01  2.930E+02  0.000E+00  4.179E+02 -2.730E+02
  6.916E+00  1.901E+01  2.930E+02  0.000E+00  4.179E+02 -2.730E+02
  7.016E+00  1.901E+01  2.930E+02  0.000E+00  4.179E+02 -2.730E+02
  7.116E+00  1.901E+01  2.930E+02  0.000E+00  4.179E+02 -2.730E+02
  7.216E+00  1.901E+01  2.930E+02  0.000E+00  4.179E+02 -2.730E+02
  7.316E+00  1.901E+01  2.930E+02  0.000E+00  4.179E+02 -2.730E+02
  7.416E+00  1.901E+01  2.930E+02  0.000E+00  4.179E+02 -2.730E+02
  7.516E+00  1.901E+01  2.930E+02  0.000E+00  4.179E+02 -2.730E+02
  7.616E+00  1.901E+01  2.930E+02  0.000E+00  4.179E+02 -2.730E+02
  7.716E+00  1.901E+01  2.930E+02  0.000E+00  4.179E+02 -2.730E+02
  7.816E+00  1.901E+01  2.930E+02  0.000E+00  4.179E+02 -2.730E+02
  7.916E+00  1.901E+01  2.930E+02  0.000E+00  4.179E+02 -2.730E+02
  8.016E+00  1.901E+01  2.930E+02  0.000E+00  4.179E+02 -2.730E+02
  8.116E+00  1.901E+01  2.930E+02  0.000E+00  4.179E+02 -2.730E+02
  8.216E+00  1.901E+01  2.930E+02  0.000E+00  4.179E+02 -2.730E+02
  8.316E+00  1.901E+01  2.930E+02  0.000E+00  4.179E+02 -2.730E+02
  8.416E+00  1.901E+01  2.930E+02  0.000E+00  4.179E+02 -2.730E+02
  8.516E+00  1.901E+01  2.930E+02  0.000E+00  4.179E+02 -2.730E+02
  8.616E+00  1.901E+01  2.930E+02  0.000E+00  4.179E+02 -2.730E+02
  8.716E+00  1.901E+01  2.930E+02  0.000E+00  4.179E+02 -2.730E+02
  8.816E+00  1.901E+01  2.930E+02  0.000E+00  4.179E+02 -2.730E+02
  8.916E+00  1.901E+01  2.930E+02  0.000E+00  4.179E+02 -2.730E+02
  9.016E+00  1.901E+01  2.930E+02  0.000E+00  4.179E+02 -2.730E+02
  9.116E+00  1.901E+01  2.930E+02  0.000E+00  4.179E+02 -2.730E+02
  9.216E+00  1.901E+01  2.930E+02  0.000E+00  4.179E+02 -2.730E+02
  9.316E+00  1.901E+01  2.930E+02  0.000E+00  4.179E+02 -2.730E+02
  9.416E+00  1.901E+01  2.930E+02  0.000E+00  4.179E+02 -2.730E+02
  9.516E+00  1.901E+01  2.930E+02  0.000E+00  4.179E+02 -2.730E+02
  9.616E+00  1.901E+01  2.930E+02  0.000E+00  4.179E+02 -2.730E+02
  9.716E+00  1.901E+01  2.930E+02  0.000E+00  4.179E+02 -2.730E+02
  9.816E+00  1.901E+01  2.930E+02  0.000E+00  4.179E+02 -2.730E+02
  9.916E+00  1.901E+01  2.930E+02  0.000E+00  4.179E+02 -2.730E+02
  1.002E+01  1.901E+01  2.930E+02  0.000E+00  4.179E+02 -2.730E+02
  1.012E+01  1.900E+01  2.930E+02  0.000E+00  4.179E+02 -2.730E+02
  1.022E+01  1.900E+01  2.930E+02  0.000E+00  4.179E+02 -2.730E+02
  1.032E+01  1.900E+01  2.930E+02  0.000E+00  4.179E+02 -2.730E+02
  1.042E+01  1.900E+01  2.930E+02  0.000E+00  4.179E+02 -2.730E+02
  1.052E+01  1.900E+01  2.930E+02  0.000E+00  4.179E+02 -2.730E+02
  1.062E+01  1.900E+01  2.930E+02  0.000E+00  4.179E+02 -2.730E+02
  1.072E+01  1.900E+01  2.930E+02  0.000E+00  4.179E+02 -2.730E+02
  1.082E+01  1.900E+01  2.930E+02  0.000E+00  4.179E+02 -2.730E+02
  1.092E+01  1.900E+01  2.930E+02  0.000E+00  4.179E+02 -2.730E+02
  1.102E+01  1.900E+01  2.930E+02  0.000E+00  4.179E+02 -2.730E+02
  1.112E+01  1.900E+01  2.930E+02  0.000E+00  4.179E+02 -2.730E+02
  1.122E+01  1.900E+01  2.930E+02  0.000E+00  4.179E+02 -2.730E+02
  1.132E+01  1.900E+01  2.930E+02  0.000E+00  4.179E+02 -2.730E+02
  1.142E+01  1.900E+01  2.930E+02  0.000E+00  4.179E+02 -2.730E+02
  1.152E+01  1.900E+01  2.930E+02  0.000E+00  4.179E+02 -2.730E+02
  1.162E+01  1.900E+01  2.930E+02  0.000E+00  4.179E+02 -2.730E+02
  1.172E+01  1.900E+01  2.930E+02  0.000E+00  4.179E+02 -2.730E+02
  1.182E+01  1.900E+01  2.930E+02  0.000E+00  4.179E+02 -2.730E+02
  1.192E+01  1.900E+01  2.930E+02  0.000E+00  4.179E+02 -2.730E+02
  1.202E+01  1.900E+01  2.930E+02  0.000E+00  4.179E+02 -2.730E+02
  1.212E+01  1.900E+01  2.930E+02  0.000E+00  4.179E+02 -2.730E+02
  1.222E+01  1.900E+01  2.930E+02  0.000E+00  4.179E+02 -2.730E+02
  1.232E+01  1.900E+01  2.930E+02  0.000E+00  4.179E+02 -2.730E+02
  1.242E+01  1.900E+01  2.930E+02  0.000E+00  4.179E+02 -2.730E+02
  1.252E+01  1.900E+01  2.930E+02  0.000E+00  4.179E+02 -2.730E+02
  1.262E+01  1.900E+01  2.930E+02  0.000E+00  4.179E+02 -2.730E+02
  1.272E+01  1.900E+01  2.930E+02  0.000E+00  4.179E+02 -2.730E+02
  1.282E+01  1.900E+01  2.930E+02  0.000E+00  4.179E+02 -2.730E+02
  1.292E+01  1.900E+01  2.930E+02  0.000E+00  4.179E+02 -2.730E+02
  1.302E+01  1.900E+01  2.930E+02  0.000E+00  4.179E+02 -2.730E+02
  1.312E+01  1.900E+01  2.930E+02  0.000E+00  4.179E+02 -2.730E+02
  1.322E+01  1.900E+01  2.930E+02  0.000E+00  4.179E+02 -2.730E+02
  1.332E+01  1.900E+01  2.930E+02  0.000E+00  4.179E+02 -2.730E+02
  1.342E+01  1.900E+01  2.930E+02  0.000E+00  4.179E+02 -2.730E+02
  1.352E+01  1.900E+01  2.930E+02  0.000E+00  4.179E+02 -2.730E+02
  1.362E+01  1.900E+01  2.930E+02  0.000E+00  4.179E+02 -2.730E+02
  1.372E+01  1.900E+01  2.930E+02  0.000E+00  4.179E+02 -2.730E+02
  1.382E+01  1.900E+01  2.930E+02  0.000E+00  4.179E+02 -2.730E+02
  1.392E+01  1.900E+01  2.930E+02  0.000E+00  4.179E+02 -2.730E+02
  1.402E+01  1.900E+01  2.930E+02  0.000E+00  4.179E+02 -2.730E+02
  1.412E+01  1.900E+01  2.930E+02  0.000E+00  4.179E+02 -2.730E+02
  1.422E+01  1.900E+01  2.930E+02  0.000E+00  4.179E+02 -2.730E+02
  1.432E+01  1.900E+01  2.930E+02  0.000E+00  4.179E+02 -2.730E+02
  1.442E+01  1.900E+01  2.930E+02  0.000E+00  4.179E+02 -2.730E+02
  1.452E+01  1.900E+01  2.930E+02  0.000E+00  4.179E+02 -2.730E+02
  1.462E+01  1.900E+01  2.930E+02  0.000E+00  4.179E+02 -2.730E+02
  1.472E+01  1.900E+01  2.930E+02  0.000E+00  4.179E+02 -2.730E+02
  1.482E+01  1.900E+01  2.930E+02  0.000E+00  4.179E+02 -2.730E+02
  1.492E+01  1.900E+01  2.930E+02  0.000E+00  4.179E+02 -2.730E+02
  1.502E+01  1.900E+01  2.930E+02  0.000E+00  4.179E+02 -2.730E+02
  1.512E+01  1.900E+01  2.930E+02  0.000E+00  4.179E+02 -2.730E+02
  1.522E+01  1.900E+01  2.930E+02  0.000E+00  4.179E+02 -2.730E+02
  1.532E+01  1.900E+01  2.930E+02  0.000E+00  4.179E+02 -2.730E+02
  1.542E+01  1.900E+01  2.930E+02  0.000E+00  4.179E+02 -2.730E+02
  1.552E+01  1.900E+01  2.930E+02  0.000E+00  4.179E+02 -2.730E+02
  1.562E+01  1.900E+01  2.930E+02  0.000E+00  4.179E+02 -2.730E+02
  1.572E+01  1.900E+01  2.930E+02  0.000E+00  4.179E+02 -2.730E+02
  1.582E+01  1.900E+01  2.930E+02  0.000E+00  4.179E+02 -2.730E+02
  1.592E+01  1.900E+01  2.930E+02  0.000E+00  4.179E+02 -2.730E+02
  1.602E+01  1.900E+01  2.930E+02  0.000E+00  4.179E+02 -2.730E+02
  1.612E+01  1.900E+01  2.930E+02  0.000E+00  4.179E+02 -2.730E+02
  1.622E+01  1.900E+01  2.930E+02  0.000E+00  4.179E+02 -2.730E+02
  1.632E+01  1.900E+01  2.930E+02  0.000E+00  4.179E+02 -2.730E+02
  1.642E+01  1.900E+01  2.930E+02  0.000E+00  4.179E+02 -2.730E+02
  1.652E+01  1.900E+01  2.930E+02  0.000E+00  4.179E+02 -2.730E+02
  1.662E+01  1.900E+01  2.930E+02  0.000E+00  4.179E+02 -2.730E+02
  1.672E+01  1.900E+01  2.930E+02  0.000E+00  4.179E+02 -2.730E+02
  1.682E+01  1.900E+01  2.930E+02  0.000E+00  4.179E+02 -2.730E+02
  1.692E+01  1.900E+01  2.930E+02  0.000E+00  4.179E+02 -2.730E+02
  1.702E+01  1.900E+01  2.930E+02  0.000E+00  4.179E+02 -2.730E+02
  1.712E+01  1.900E+01  2.930E+02  0.000E+00  4.179E+02 -2.730E+02
  1.722E+01  1.900E+01  2.930E+02  0.000E+00  4.179E+02 -2.730E+02
  1.732E+01  1.900E+01  2.930E+02  0.000E+00  4.179E+02 -2.730E+02
  1.742E+01  1.900E+01  2.930E+02  0.000E+00  4.179E+02 -2.730E+02
  1.752E+01  1.900E+01  2.930E+02  0.000E+00  4.179E+02 -2.730E+02
  1.762E+01  1.900E+01  2.930E+02  0.000E+00  4.179E+02 -2.730E+02
  1.772E+01  1.900E+01  2.930E+02  0.000E+00  4.179E+02 -2.730E+02
  1.782E+01  1.900E+01  2.930E+02  0.000E+00  4.179E+02 -2.730E+02
  1.792E+01  1.900E+01  2.930E+02  0.000E+00  4.179E+02 -2.730E+02
  1.802E+01  1.900E+01  2.930E+02  0.000E+00  4.179E+02 -2.730E+02
  1.812E+01  1.900E+01  2.930E+02  0.000E+00  4.179E+02 -2.730E+02
  1.822E+01  1.900E+01  2.930E+02  0.000E+00  4.179E+02 -2.730E+02
  1.832E+01  1.900E+01  2.930E+02  0.000E+00  4.179E+02 -2.730E+02
  1.842E+01  1.900E+01  2.930E+02  0.000E+00  4.179E+02 -2.730E+02
  1.852E+01  1.900E+01  2.930E+02  0.000E+00  4.179E+02 -2.730E+02
  1.862E+01  1.900E+01  2.930E+02  0.000E+00  4.179E+02 -2.730E+02
  1.872E+01  1.900E+01  2.930E+02  0.000E+00  4.179E+02 -2.730E+02
  1.882E+01  1.900E+01  2.930E+02  0.000E+00  4.179E+02 -2.730E+02
  1.892E+01  1.900E+01  2.930E+02  0.000E+00  4.179E+02 -2.730E+02
  1.902E+01  1.900E+01  2.930E+02  0.000E+00  4.179E+02 -2.730E+02
  1.912E+01  1.900E+01  2.930E+02  0.000E+00  4.179E+02 -2.730E+02
  1.922E+01  1.900E+01  2.930E+02  0.000E+00  4.179E+02 -2.730E+02
  1.932E+01  1.900E+01  2.930E+02  0.000E+00  4.179E+02 -2.730E+02
  1.942E+01  1.900E+01  2.930E+02  0.000E+00  4.179E+02 -2.730E+02
  1.952E+01  1.900E+01  2.930E+02  0.000E+00  4.179E+02 -2.730E+02
  1.962E+01  1.900E+01  2.930E+02  0.000E+00  4.179E+02 -2.730E+02
  1.972E+01  1.900E+01  2.930E+02  0.000E+00  4.179E+02 -2.730E+02
  1.982E+01  1.900E+01  2.930E+02  0.000E+00  4.179E+02 -2.730E+02
  1.992E+01  1.900E+01  2.930E+02  0.000E+00  4.179E+02 -2.730E+02
  2.002E+01  1.900E+01  2.930E+02  0.000E+00  4.179E+02 -2.730E+02
  2.012E+01  1.900E+01  2.930E+02  0.000E+00  4.179E+02 -2.730E+02
  2.022E+01  1.900E+01  2.930E+02  0.000E+00  4.179E+02 -2.730E+02
  2.032E+01  1.900E+01  2.930E+02  0.000E+00  4.179E+02 -2.730E+02
  2.042E+01  1.900E+01  2.930E+02  0.000E+00  4.179E+02 -2.730E+02
  2.052E+01  1.900E+01  2.930E+02  0.000E+00  4.179E+02 -2.730E+02
  2.062E+01  1.900E+01  2.930E+02  0.000E+00  4.179E+02 -2.730E+02
  2.072E+01  1.900E+01  2.930E+02  0.000E+00  4.179E+02 -2.730E+02
  2.082E+01  1.900E+01  2.930E+02  0.000E+00  4.179E+02 -2.730E+02
  2.092E+01  1.899E+01  2.930E+02  0.000E+00  4.179E+02 -2.730E+02
  2.102E+01  1.899E+01  2.930E+02  0.000E+00  4.179E+02 -2.730E+02
  2.112E+01  1.899E+01  2.930E+02  0.000E+00  4.179E+02 -2.730E+02
  2.122E+01  1.899E+01  2.930E+02  0.000E+00  4.179E+02 -2.730E+02
  2.132E+01  1.899E+01  2.930E+02  0.000E+00  4.179E+02 -2.730E+02
  2.142E+01  1.899E+01  2.930E+02  0.000E+00  4.179E+02 -2.730E+02
  2.152E+01  1.899E+01  2.930E+02  0.000E+00  4.179E+02 -2.730E+02
  2.162E+01  1.899E+01  2.930E+02  0.000E+00  4.179E+02 -2.730E+02
  2.172E+01  1.899E+01  2.930E+02  0.000E+00  4.179E+02 -2.730E+02
  2.182E+01  1.899E+01  2.930E+02  0.000E+00  4.179E+02 -2.730E+02
  2.192E+01  1.899E+01  2.930E+02  0.000E+00  4.179E+02 -2.730E+02
  2.202E+01  1.899E+01  2.930E+02  0.000E+00  4.179E+02 -2.730E+02
  2.212E+01  1.899E+01  2.930E+02  0.000E+00  4.179E+02 -2.730E+02
  2.222E+01  1.899E+01  2.930E+02  0.000E+00  4.179E+02 -2.730E+02
  2.232E+01  1.899E+01  2.930E+02  0.000E+00  4.179E+02 -2.730E+02
  2.242E+01  1.899E+01  2.930E+02  0.000E+00  4.179E+02 -2.730E+02
  2.252E+01  1.899E+01  2.930E+02  0.000E+00  4.179E+02 -2.730E+02
  2.262E+01  1.899E+01  2.930E+02  0.000E+00  4.179E+02 -2.730E+02
  2.272E+01  1.899E+01  2.930E+02  0.000E+00  4.179E+02 -2.730E+02
  2.282E+01  1.899E+01  2.930E+02  0.000E+00  4.179E+02 -2.730E+02
  2.292E+01  1.899E+01  2.930E+02  0.000E+00  4.179E+02 -2.730E+02
  2.302E+01  1.899E+01  2.930E+02  0.000E+00  4.179E+02 -2.730E+02
  2.312E+01  1.899E+01  2.930E+02  0.000E+00  4.179E+02 -2.730E+02
  2.322E+01  1.899E+01  2.930E+02  0.000E+00  4.179E+02 -2.730E+02
  2.332E+01  1.899E+01  2.930E+02  0.000E+00  4.179E+02 -2.730E+02
  2.342E+01  1.899E+01  2.930E+02  0.000E+00  4.179E+02 -2.730E+02
  2.352E+01  1.899E+01  2.930E+02  0.000E+00  4.179E+02 -2.730E+02
  2.362E+01  1.899E+01  2.930E+02  0.000E+00  4.179E+02 -2.730E+02
  2.372E+01  1.899E+01  2.930E+02  0.000E+00  4.179E+02 -2.730E+02
  2.382E+01  1.899E+01  2.930E+02  0.000E+00  4.179E+02 -2.730E+02
  2.392E+01  1.899E+01  2.930E+02  0.000E+00  4.179E+02 -2.730E+02
  2.402E+01  1.899E+01  2.930E+02  0.000E+00  4.179E+02 -2.730E+02
  2.412E+01  1.899E+01  2.930E+02  0.000E+00  4.179E+02 -2.730E+02
  2.422E+01  1.899E+01  2.930E+02  0.000E+00  4.179E+02 -2.730E+02
  2.432E+01  1.899E+01  2.930E+02  0.000E+00  4.179E+02 -2.730E+02
  2.442E+01  1.899E+01  2.930E+02  0.000E+00  4.179E+02 -2.730E+02
  2.452E+01  1.899E+01  2.930E+02  0.000E+00  4.179E+02 -2.730E+02
  2.462E+01  1.899E+01  2.930E+02  0.000E+00  4.179E+02 -2.730E+02
  2.472E+01  1.899E+01  2.930E+02  0.000E+00  4.179E+02 -2.730E+02
  2.482E+01  1.899E+01  2.930E+02  0.000E+00  4.179E+02 -2.730E+02
  2.492E+01  1.899E+01  2.930E+02  0.000E+00  4.179E+02 -2.730E+02
  2.502E+01  1.899E+01  2.930E+02  0.000E+00  4.179E+02 -2.730E+02
  2.512E+01  1.899E+01  2.930E+02  0.000E+00  4.179E+02 -2.730E+02
  2.522E+01  1.899E+01  2.930E+02  0.000E+00  4.179E+02 -2.730E+02
  2.532E+01  1.899E+01  2.930E+02  0.000E+00  4.179E+02 -2.730E+02
  2.542E+01  1.899E+01  2.930E+02  0.000E+00  4.179E+02 -2.730E+02
  2.552E+01  1.899E+01  2.930E+02  0.000E+00  4.179E+02 -2.730E+02
  2.562E+01  1.899E+01  2.930E+02  0.000E+00  4.179E+02 -2.730E+02
  2.572E+01  1.899E+01  2.930E+02  0.000E+00  4.179E+02 -2.730E+02
  2.582E+01  1.899E+01  2.930E+02  0.000E+00  4.179E+02 -2.730E+02
  2.592E+01  1.899E+01  2.930E+02  0.000E+00  4.179E+02 -2.730E+02
  2.602E+01  1.899E+01  2.930E+02  0.000E+00  4.179E+02 -2.730E+02
  2.612E+01  1.899E+01  2.930E+02  0.000E+00  4.179E+02 -2.730E+02
  2.622E+01  1.899E+01  2.930E+02  0.000E+00  4.179E+02 -2.730E+02
  2.632E+01  1.899E+01  2.930E+02  0.000E+00  4.179E+02 -2.730E+02
  2.642E+01  1.899E+01  2.930E+02  0.000E+00  4.179E+02 -2.730E+02
  2.652E+01  1.899E+01  2.930E+02  0.000E+00  4.179E+02 -2.730E+02
  2.662E+01  1.899E+01  2.930E+02  0.000E+00  4.179E+02 -2.730E+02
  2.672E+01  1.899E+01  2.930E+02  0.000E+00  4.179E+02 -2.730E+02
  2.682E+01  1.899E+01  2.930E+02  0.000E+00  4.179E+02 -2.730E+02
  2.692E+01  1.899E+01  2.930E+02  0.000E+00  4.179E+02 -2.730E+02
  2.702E+01  1.899E+01  2.930E+02  0.000E+00  4.179E+02 -2.730E+02
  2.712E+01  1.899E+01  2.930E+02  0.000E+00  4.179E+02 -2.730E+02
  2.722E+01  1.899E+01  2.930E+02  0.000E+00  4.179E+02 -2.730E+02
  2.732E+01  1.899E+01  2.930E+02  0.000E+00  4.179E+02 -2.730E+02
  2.742E+01  1.899E+01  2.930E+02  0.000E+00  4.179E+02 -2.730E+02
  2.752E+01  1.899E+01  2.930E+02  0.000E+00  4.179E+02 -2.730E+02
  2.762E+01  1.899E+01  2.930E+02  0.000E+00  4.179E+02 -2.730E+02
  2.772E+01  1.899E+01  2.930E+02  0.000E+00  4.179E+02 -2.730E+02
  2.782E+01  1.899E+01  2.930E+02  0.000E+00  4.179E+02 -2.730E+02
  2.792E+01  1.899E+01  2.930E+02  0.000E+00  4.179E+02 -2.730E+02
  2.802E+01  1.899E+01  2.930E+02  0.000E+00  4.179E+02 -2.730E+02
  2.812E+01  1.899E+01  2.930E+02  0.000E+00  4.179E+02 -2.730E+02
  2.822E+01  1.899E+01  2.930E+02  0.000E+00  4.179E+02 -2.730E+02
  2.832E+01  1.899E+01  2.930E+02  0.000E+00  4.179E+02 -2.730E+02
  2.842E+01  1.899E+01  2.930E+02  0.000E+00  4.179E+02 -2.730E+02
  2.852E+01  1.899E+01  2.930E+02  0.000E+00  4.179E+02 -2.730E+02
  2.862E+01  1.899E+01  2.930E+02  0.000E+00  4.179E+02 -2.730E+02
  2.872E+01  1.899E+01  2.930E+02  0.000E+00  4.179E+02 -2.730E+02
  2.882E+01  1.899E+01  2.930E+02  0.000E+00  4.179E+02 -2.730E+02
  2.892E+01  1.899E+01  2.930E+02  0.000E+00  4.179E+02 -2.730E+02
  2.902E+01  1.899E+01  2.930E+02  0.000E+00  4.179E+02 -2.730E+02
  2.912E+01  1.899E+01  2.930E+02  0.000E+00  4.179E+02 -2.730E+02
  2.922E+01  1.899E+01  2.930E+02  0.000E+00  4.179E+02 -2.730E+02
  2.932E+01  1.899E+01  2.930E+02  0.000E+00  4.179E+02 -2.730E+02
  2.942E+01  1.899E+01  2.930E+02  0.000E+00  4.179E+02 -2.730E+02
  2.952E+01  1.899E+01  2.930E+02  0.000E+00  4.179E+02 -2.730E+02
  2.962E+01  1.899E+01  2.930E+02  0.000E+00  4.179E+02 -2.730E+02
  2.972E+01  1.899E+01  2.930E+02  0.000E+00  4.179E+02 -2.730E+02
  2.982E+01  1.899E+01  2.930E+02  0.000E+00  4.179E+02 -2.730E+02
  2.992E+01  1.899E+01  2.930E+02  0.000E+00  4.179E+02 -2.730E+02
  3.002E+01  1.899E+01  2.930E+02  0.000E+00  4.179E+02 -2.730E+02
  3.012E+01  1.899E+01  2.930E+02  0.000E+00  4.179E+02 -2.730E+02
  3.022E+01  1.899E+01  2.930E+02  0.000E+00  4.179E+02 -2.730E+02
  3.032E+01  1.899E+01  2.930E+02  0.000E+00  4.179E+02 -2.730E+02
  3.042E+01  1.899E+01  2.930E+02  0.000E+00  4.179E+02 -2.730E+02
  3.052E+01  1.899E+01  2.930E+02  0.000E+00  4.179E+02 -2.730E+02
  3.062E+01  1.899E+01  2.930E+02  0.000E+00  4.179E+02 -2.730E+02
  3.072E+01  1.899E+01  2.930E+02  0.000E+00  4.179E+02 -2.730E+02
  3.082E+01  1.899E+01  2.930E+02  0.000E+00  4.179E+02 -2.730E+02
  3.092E+01  1.899E+01  2.930E+02  0.000E+00  4.179E+02 -2.730E+02
  3.102E+01  1.899E+01  2.930E+02  0.000E+00  4.179E+02 -2.730E+02
  3.112E+01  1.899E+01  2.930E+02  0.000E+00  4.179E+02 -2.730E+02
  3.122E+01  1.899E+01  2.930E+02  0.000E+00  4.179E+02 -2.730E+02
  3.132E+01  1.899E+01  2.930E+02  0.000E+00  4.179E+02 -2.730E+02
  3.142E+01  1.898E+01  2.930E+02  0.000E+00  4.179E+02 -2.730E+02
  3.152E+01  1.898E+01  2.930E+02  0.000E+00  4.179E+02 -2.730E+02
  3.162E+01  1.898E+01  2.930E+02  0.000E+00  4.179E+02 -2.730E+02
  3.172E+01  1.898E+01  2.930E+02  0.000E+00  4.179E+02 -2.730E+02
  3.182E+01  1.898E+01  2.930E+02  0.000E+00  4.179E+02 -2.730E+02
  3.192E+01  1.898E+01  2.930E+02  0.000E+00  4.179E+02 -2.730E+02
  3.202E+01  1.898E+01  2.930E+02  0.000E+00  4.179E+02 -2.730E+02
  3.212E+01  1.898E+01  2.930E+02  0.000E+00  4.179E+02 -2.730E+02
  3.222E+01  1.898E+01  2.930E+02  0.000E+00  4.179E+02 -2.730E+02
  3.232E+01  1.898E+01  2.930E+02  0.000E+00  4.179E+02 -2.730E+02
  3.242E+01  1.898E+01  2.930E+02  0.000E+00  4.179E+02 -2.730E+02
  3.252E+01  1.898E+01  2.930E+02  0.000E+00  4.179E+02 -2.730E+02
  3.262E+01  1.898E+01  2.930E+02  0.000E+00  4.179E+02 -2.730E+02
  3.272E+01  1.898E+01  2.930E+02  0.000E+00  4.179E+02 -2.730E+02
  3.282E+01  1.898E+01  2.930E+02  0.000E+00  4.179E+02 -2.730E+02
  3.292E+01  1.898E+01  2.930E+02  0.000E+00  4.179E+02 -2.730E+02
  3.302E+01  1.898E+01  2.930E+02  0.000E+00  4.179E+02 -2.730E+02
  3.312E+01  1.898E+01  2.930E+02  0.000E+00  4.179E+02 -2.730E+02
  3.322E+01  1.898E+01  2.930E+02  0.000E+00  4.179E+02 -2.730E+02
  3.332E+01  1.898E+01  2.930E+02  0.000E+00  4.179E+02 -2.730E+02
  3.342E+01  1.898E+01  2.930E+02  0.000E+00  4.179E+02 -2.730E+02
  3.352E+01  1.898E+01  2.930E+02  0.000E+00  4.179E+02 -2.730E+02
  3.362E+01  1.898E+01  2.930E+02  0.000E+00  4.179E+02 -2.730E+02
  3.372E+01  1.898E+01  2.930E+02  0.000E+00  4.179E+02 -2.730E+02
  3.382E+01  1.898E+01  2.930E+02  0.000E+00  4.179E+02 -2.730E+02
  3.392E+01  1.898E+01  2.930E+02  0.000E+00  4.179E+02 -2.730E+02
  3.402E+01  1.898E+01  2.930E+02  0.000E+00  4.179E+02 -2.730E+02
  3.412E+01  1.898E+01  2.930E+02  0.000E+00  4.179E+02 -2.730E+02
  3.422E+01  1.898E+01  2.930E+02  0.000E+00  4.179E+02 -2.730E+02
  3.432E+01  1.898E+01  2.930E+02  0.000E+00  4.179E+02 -2.730E+02
  3.442E+01  1.898E+01  2.930E+02  0.000E+00  4.179E+02 -2.730E+02
  3.452E+01  1.898E+01  2.930E+02  0.000E+00  4.179E+02 -2.730E+02
  3.462E+01  1.898E+01  2.930E+02  0.000E+00  4.179E+02 -2.730E+02
  3.472E+01  1.898E+01  2.930E+02  0.000E+00  4.179E+02 -2.730E+02
  3.482E+01  1.898E+01  2.930E+02  0.000E+00  4.179E+02 -2.730E+02
  3.492E+01  1.898E+01  2.930E+02  0.000E+00  4.179E+02 -2.730E+02
  3.502E+01  1.898E+01  2.930E+02  0.000E+00  4.179E+02 -2.730E+02
  3.512E+01  1.898E+01  2.930E+02  0.000E+00  4.179E+02 -2.730E+02
  3.522E+01  1.898E+01  2.930E+02  0.000E+00  4.179E+02 -2.730E+02
  3.532E+01  1.898E+01  2.930E+02  0.000E+00  4.179E+02 -2.730E+02
  3.542E+01  1.898E+01  2.930E+02  0.000E+00  4.179E+02 -2.730E+02
  3.552E+01  1.898E+01  2.930E+02  0.000E+00  4.179E+02 -2.730E+02
  3.562E+01  1.898E+01  2.930E+02  0.000E+00  4.179E+02 -2.730E+02
  3.572E+01  1.898E+01  2.930E+02  0.000E+00  4.179E+02 -2.730E+02
  3.582E+01  1.898E+01  2.930E+02  0.000E+00  4.179E+02 -2.730E+02
  3.592E+01  1.898E+01  2.930E+02  0.000E+00  4.179E+02 -2.730E+02
  3.602E+01  1.898E+01  2.930E+02  0.000E+00  4.179E+02 -2.730E+02
  3.612E+01  1.898E+01  2.930E+02  0.000E+00  4.179E+02 -2.730E+02
  3.622E+01  1.898E+01  2.930E+02  0.000E+00  4.179E+02 -2.730E+02
  3.632E+01  1.898E+01  2.930E+02  0.000E+00  4.179E+02 -2.730E+02
  3.642E+01  1.898E+01  2.930E+02  0.000E+00  4.179E+02 -2.730E+02
  3.652E+01  1.898E+01  2.930E+02  0.000E+00  4.179E+02 -2.730E+02
  3.662E+01  1.898E+01  2.930E+02  0.000E+00  4.179E+02 -2.730E+02
  3.672E+01  1.898E+01  2.930E+02  0.000E+00  4.179E+02 -2.730E+02
  3.682E+01  1.898E+01  2.930E+02  0.000E+00  4.179E+02 -2.730E+02
  3.692E+01  1.898E+01  2.930E+02  0.000E+00  4.179E+02 -2.730E+02
  3.702E+01  1.898E+01  2.930E+02  0.000E+00  4.179E+02 -2.730E+02
  3.712E+01  1.898E+01  2.930E+02  0.000E+00  4.179E+02 -2.730E+02
  3.722E+01  1.898E+01  2.930E+02  0.000E+00  4.179E+02 -2.730E+02
  3.732E+01  1.898E+01  2.930E+02  0.000E+00  4.179E+02 -2.730E+02
  3.742E+01  1.898E+01  2.930E+02  0.000E+00  4.179E+02 -2.730E+02
  3.752E+01  1.898E+01  2.930E+02  0.000E+00  4.179E+02 -2.730E+02
  3.762E+01  1.898E+01  2.930E+02  0.000E+00  4.179E+02 -2.730E+02
  3.772E+01  1.898E+01  2.930E+02  0.000E+00  4.179E+02 -2.730E+02
  3.782E+01  1.898E+01  2.930E+02  0.000E+00  4.179E+02 -2.730E+02
  3.792E+01  1.898E+01  2.930E+02  0.000E+00  4.179E+02 -2.730E+02
  3.802E+01  1.898E+01  2.930E+02  0.000E+00  4.179E+02 -2.730E+02
  3.812E+01  1.898E+01  2.930E+02  0.000E+00  4.179E+02 -2.730E+02
  3.822E+01  1.898E+01  2.930E+02  0.000E+00  4.179E+02 -2.730E+02
  3.832E+01  1.898E+01  2.930E+02  0.000E+00  4.179E+02 -2.730E+02
  3.842E+01  1.898E+01  2.930E+02  0.000E+00  4.179E+02 -2.730E+02
  3.852E+01  1.898E+01  2.930E+02  0.000E+00  4.179E+02 -2.730E+02
  3.862E+01  1.898E+01  2.930E+02  0.000E+00  4.179E+02 -2.730E+02
  3.872E+01  1.898E+01  2.930E+02  0.000E+00  4.179E+02 -2.730E+02
  3.882E+01  1.898E+01  2.930E+02  0.000E+00  4.179E+02 -2.730E+02
  3.892E+01  1.898E+01  2.930E+02  0.000E+00  4.179E+02 -2.730E+02
  3.902E+01  1.898E+01  2.930E+02  0.000E+00  4.179E+02 -2.730E+02
  3.912E+01  1.898E+01  2.930E+02  0.000E+00  4.179E+02 -2.730E+02
  3.922E+01  1.898E+01  2.930E+02  0.000E+00  4.179E+02 -2.730E+02
  3.932E+01  1.898E+01  2.930E+02  0.000E+00  4.179E+02 -2.730E+02
  3.942E+01  1.898E+01  2.930E+02  0.000E+00  4.179E+02 -2.730E+02
  3.952E+01  1.898E+01  2.930E+02  0.000E+00  4.179E+02 -2.730E+02
  3.962E+01  1.898E+01  2.930E+02  0.000E+00  4.179E+02 -2.730E+02
  3.972E+01  1.898E+01  2.930E+02  0.000E+00  4.179E+02 -2.730E+02
  3.982E+01  1.898E+01  2.930E+02  0.000E+00  4.179E+02 -2.730E+02
  3.992E+01  1.898E+01  2.930E+02  0.000E+00  4.179E+02 -2.730E+02
  4.002E+01  1.898E+01  2.930E+02  0.000E+00  4.179E+02 -2.730E+02
  4.012E+01  1.898E+01  2.930E+02  0.000E+00  4.179E+02 -2.730E+02
  4.022E+01  1.898E+01  2.930E+02  0.000E+00  4.179E+02 -2.730E+02
  4.032E+01  1.898E+01  2.930E+02  0.000E+00  4.179E+02 -2.730E+02
  4.042E+01  1.898E+01  2.930E+02  0.000E+00  4.179E+02 -2.730E+02
  4.052E+01  1.898E+01  2.930E+02  0.000E+00  4.179E+02 -2.730E+02
  4.062E+01  1.898E+01  2.930E+02  0.000E+00  4.179E+02 -2.730E+02
  4.072E+01  1.898E+01  2.930E+02  0.000E+00  4.179E+02 -2.730E+02
  4.082E+01  1.898E+01  2.930E+02  0.000E+00  4.179E+02 -2.730E+02
  4.092E+01  1.898E+01  2.930E+02  0.000E+00  4.179E+02 -2.730E+02
  4.102E+01  1.898E+01  2.930E+02  0.000E+00  4.179E+02 -2.730E+02
  4.112E+01  1.898E+01  2.930E+02  0.000E+00  4.179E+02 -2.730E+02
  4.122E+01  1.898E+01  2.930E+02  0.000E+00  4.179E+02 -2.730E+02
  4.132E+01  1.898E+01  2.930E+02  0.000E+00  4.179E+02 -2.730E+02
  4.142E+01  1.898E+01  2.930E+02  0.000E+00  4.179E+02 -2.730E+02
  4.152E+01  1.898E+01  2.930E+02  0.000E+00  4.179E+02 -2.730E+02
  4.162E+01  1.898E+01  2.930E+02  0.000E+00  4.179E+02 -2.730E+02
  4.172E+01  1.898E+01  2.930E+02  0.000E+00  4.179E+02 -2.730E+02
  4.182E+01  1.898E+01  2.930E+02  0.000E+00  4.179E+02 -2.730E+02
  4.192E+01  1.898E+01  2.930E+02  0.000E+00  4.179E+02 -2.730E+02
  4.202E+01  1.898E+01  2.930E+02  0.000E+00  4.179E+02 -2.730E+02
  4.212E+01  1.898E+01  2.930E+02  0.000E+00  4.179E+02 -2.730E+02
  4.222E+01  1.898E+01  2.930E+02  0.000E+00  4.179E+02 -2.730E+02
  4.232E+01  1.898E+01  2.930E+02  0.000E+00  4.179E+02 -2.730E+02
  4.242E+01  1.898E+01  2.930E+02  0.000E+00  4.179E+02 -2.730E+02
  4.252E+01  1.898E+01  2.930E+02  0.000E+00  4.179E+02 -2.730E+02
  4.262E+01  1.898E+01  2.930E+02  0.000E+00  4.179E+02 -2.730E+02
  4.272E+01  1.898E+01  2.930E+02  0.000E+00  4.179E+02 -2.730E+02
  4.282E+01  1.898E+01  2.930E+02  0.000E+00  4.179E+02 -2.730E+02
  4.292E+01  1.898E+01  2.930E+02  0.000E+00  4.179E+02 -2.730E+02
  4.302E+01  1.898E+01  2.930E+02  0.000E+00  4.179E+02 -2.730E+02
  4.312E+01  1.898E+01  2.930E+02  0.000E+00  4.179E+02 -2.730E+02
  4.322E+01  1.898E+01  2.930E+02  0.000E+00  4.179E+02 -2.730E+02
  4.332E+01  1.898E+01  2.930E+02  0.000E+00  4.179E+02 -2.730E+02
  4.342E+01  1.898E+01  2.930E+02  0.000E+00  4.179E+02 -2.730E+02
  4.352E+01  1.898E+01  2.930E+02  0.000E+00  4.179E+02 -2.730E+02
  4.362E+01  1.898E+01  2.930E+02  0.000E+00  4.179E+02 -2.730E+02
  4.372E+01  1.898E+01  2.930E+02  0.000E+00  4.179E+02 -2.730E+02
  4.382E+01  1.898E+01  2.930E+02  0.000E+00  4.179E+02 -2.730E+02
  4.392E+01  1.898E+01  2.930E+02  0.000E+00  4.179E+02 -2.730E+02
  4.402E+01  1.898E+01  2.930E+02  0.000E+00  4.179E+02 -2.730E+02
  4.412E+01  1.898E+01  2.930E+02  0.000E+00  4.179E+02 -2.730E+02
  4.422E+01  1.897E+01  2.930E+02  0.000E+00  4.179E+02 -2.730E+02
  4.432E+01  1.897E+01  2.930E+02  0.000E+00  4.179E+02 -2.730E+02
  4.442E+01  1.897E+01  2.930E+02  0.000E+00  4.179E+02 -2.730E+02
  4.452E+01  1.897E+01  2.930E+02  0.000E+00  4.179E+02 -2.730E+02
  4.462E+01  1.897E+01  2.930E+02  0.000E+00  4.179E+02 -2.730E+02
  4.472E+01  1.897E+01  2.930E+02  0.000E+00  4.179E+02 -2.730E+02
  4.482E+01  1.897E+01  2.930E+02  0.000E+00  4.179E+02 -2.730E+02
  4.492E+01  1.897E+01  2.930E+02  0.000E+00  4.179E+02 -2.730E+02
  4.502E+01  1.897E+01  2.930E+02  0.000E+00  4.179E+02 -2.730E+02
  4.512E+01  1.897E+01  2.930E+02  0.000E+00  4.179E+02 -2.730E+02
  4.522E+01  1.897E+01  2.930E+02  0.000E+00  4.179E+02 -2.730E+02
  4.532E+01  1.897E+01  2.930E+02  0.000E+00  4.179E+02 -2.730E+02
  4.542E+01  1.897E+01  2.930E+02  0.000E+00  4.179E+02 -2.730E+02
  4.552E+01  1.897E+01  2.930E+02  0.000E+00  4.179E+02 -2.730E+02
  4.562E+01  1.897E+01  2.930E+02  0.000E+00  4.179E+02 -2.730E+02
  4.572E+01  1.897E+01  2.930E+02  0.000E+00  4.179E+02 -2.730E+02
  4.582E+01  1.897E+01  2.930E+02  0.000E+00  4.179E+02 -2.730E+02
  4.592E+01  1.897E+01  2.930E+02  0.000E+00  4.179E+02 -2.730E+02
  4.602E+01  1.897E+01  2.930E+02  0.000E+00  4.179E+02 -2.730E+02
  4.612E+01  1.897E+01  2.930E+02  0.000E+00  4.179E+02 -2.730E+02
  4.622E+01  1.897E+01  2.930E+02  0.000E+00  4.179E+02 -2.730E+02
  4.632E+01  1.897E+01  2.930E+02  0.000E+00  4.179E+02 -2.730E+02
  4.642E+01  1.897E+01  2.930E+02  0.000E+00  4.179E+02 -2.730E+02
  4.652E+01  1.897E+01  2.930E+02  0.000E+00  4.179E+02 -2.730E+02
  4.662E+01  1.897E+01  2.930E+02  0.000E+00  4.179E+02 -2.730E+02
  4.672E+01  1.897E+01  2.930E+02  0.000E+00  4.179E+02 -2.730E+02
  4.682E+01  1.897E+01  2.930E+02  0.000E+00  4.179E+02 -2.730E+02
  4.692E+01  1.897E+01  2.930E+02  0.000E+00  4.179E+02 -2.730E+02
  4.702E+01  1.897E+01  2.930E+02  0.000E+00  4.179E+02 -2.730E+02
  4.712E+01  1.897E+01  2.930E+02  0.000E+00  4.179E+02 -2.730E+02
  4.722E+01  1.897E+01  2.930E+02  0.000E+00  4.179E+02 -2.730E+02
  4.732E+01  1.897E+01  2.930E+02  0.000E+00  4.179E+02 -2.730E+02
  4.742E+01  1.897E+01  2.930E+02  0.000E+00  4.179E+02 -2.730E+02
  4.752E+01  1.897E+01  2.930E+02  0.000E+00  4.179E+02 -2.730E+02
  4.762E+01  1.897E+01  2.930E+02  0.000E+00  4.179E+02 -2.730E+02
  4.772E+01  1.897E+01  2.930E+02  0.000E+00  4.179E+02 -2.730E+02
  4.782E+01  1.897E+01  2.930E+02  0.000E+00  4.179E+02 -2.730E+02
  4.792E+01  1.897E+01  2.930E+02  0.000E+00  4.179E+02 -2.730E+02
  4.802E+01  1.897E+01  2.930E+02  0.000E+00  4.179E+02 -2.730E+02
  4.812E+01  1.897E+01  2.930E+02  0.000E+00  4.179E+02 -2.730E+02
  4.822E+01  1.897E+01  2.930E+02  0.000E+00  4.179E+02 -2.730E+02
  4.832E+01  1.897E+01  2.930E+02  0.000E+00  4.179E+02 -2.730E+02
  4.842E+01  1.897E+01  2.930E+02  0.000E+00  4.179E+02 -2.730E+02
  4.852E+01  1.897E+01  2.930E+02  0.000E+00  4.179E+02 -2.730E+02
  4.862E+01  1.897E+01  2.930E+02  0.000E+00  4.179E+02 -2.730E+02
  4.872E+01  1.897E+01  2.930E+02  0.000E+00  4.179E+02 -2.730E+02
  4.882E+01  1.897E+01  2.930E+02  0.000E+00  4.179E+02 -2.730E+02
  4.892E+01  1.897E+01  2.930E+02  0.000E+00  4.179E+02 -2.730E+02
  4.902E+01  1.897E+01  2.930E+02  0.000E+00  4.179E+02 -2.730E+02
  4.912E+01  1.897E+01  2.930E+02  0.000E+00  4.179E+02 -2.730E+02
  4.922E+01  1.897E+01  2.930E+02  0.000E+00  4.179E+02 -2.730E+02
  4.932E+01  1.897E+01  2.930E+02  0.000E+00  4.179E+02 -2.730E+02
  4.942E+01  1.897E+01  2.930E+02  0.000E+00  4.179E+02 -2.730E+02
  4.952E+01  1.897E+01  2.930E+02  0.000E+00  4.179E+02 -2.730E+02
  4.962E+01  1.897E+01  2.930E+02  0.000E+00  4.179E+02 -2.730E+02
  4.972E+01  1.897E+01  2.930E+02  0.000E+00  4.179E+02 -2.730E+02
  4.982E+01  1.897E+01  2.930E+02  0.000E+00  4.179E+02 -2.730E+02
  4.992E+01  1.897E+01  2.930E+02  0.000E+00  4.179E+02 -2.730E+02
  5.002E+01  1.897E+01  2.930E+02  0.000E+00  4.179E+02 -2.730E+02
  5.012E+01  1.897E+01  2.930E+02  0.000E+00  4.179E+02 -2.730E+02
  5.022E+01  1.897E+01  2.930E+02  0.000E+00  4.179E+02 -2.730E+02
  5.032E+01  1.897E+01  2.930E+02  0.000E+00  4.179E+02 -2.730E+02
  5.042E+01  1.897E+01  2.930E+02  0.000E+00  4.179E+02 -2.730E+02
  5.052E+01  1.897E+01  2.930E+02  0.000E+00  4.179E+02 -2.730E+02
  5.062E+01  1.897E+01  2.930E+02  0.000E+00  4.179E+02 -2.730E+02
  5.072E+01  1.897E+01  2.930E+02  0.000E+00  4.179E+02 -2.730E+02
  5.082E+01  1.897E+01  2.930E+02  0.000E+00  4.179E+02 -2.730E+02
  5.092E+01  1.897E+01  2.930E+02  0.000E+00  4.179E+02 -2.730E+02
  5.102E+01  1.897E+01  2.930E+02  0.000E+00  4.179E+02 -2.730E+02
  5.112E+01  1.897E+01  2.930E+02  0.000E+00  4.179E+02 -2.730E+02
  5.122E+01  1.897E+01  2.930E+02  0.000E+00  4.179E+02 -2.730E+02
  5.132E+01  1.897E+01  2.930E+02  0.000E+00  4.179E+02 -2.730E+02
  5.142E+01  1.897E+01  2.930E+02  0.000E+00  4.179E+02 -2.730E+02
  5.152E+01  1.897E+01  2.930E+02  0.000E+00  4.179E+02 -2.730E+02
  5.162E+01  1.897E+01  2.930E+02  0.000E+00  4.179E+02 -2.730E+02
  5.172E+01  1.897E+01  2.930E+02  0.000E+00  4.179E+02 -2.730E+02
  5.182E+01  1.897E+01  2.930E+02  0.000E+00  4.179E+02 -2.730E+02
  5.192E+01  1.897E+01  2.930E+02  0.000E+00  4.179E+02 -2.730E+02
  5.202E+01  1.897E+01  2.930E+02  0.000E+00  4.179E+02 -2.730E+02
  5.212E+01  1.897E+01  2.930E+02  0.000E+00  4.179E+02 -2.730E+02
  5.222E+01  1.897E+01  2.930E+02  0.000E+00  4.179E+02 -2.730E+02
  5.232E+01  1.897E+01  2.930E+02  0.000E+00  4.179E+02 -2.730E+02
  5.242E+01  1.897E+01  2.930E+02  0.000E+00  4.179E+02 -2.730E+02
  5.252E+01  1.897E+01  2.930E+02  0.000E+00  4.179E+02 -2.730E+02
  5.262E+01  1.897E+01  2.930E+02  0.000E+00  4.179E+02 -2.730E+02
  5.272E+01  1.897E+01  2.930E+02  0.000E+00  4.179E+02 -2.730E+02
  5.282E+01  1.897E+01  2.930E+02  0.000E+00  4.179E+02 -2.730E+02
  5.292E+01  1.897E+01  2.930E+02  0.000E+00  4.179E+02 -2.730E+02
  5.302E+01  1.897E+01  2.930E+02  0.000E+00  4.179E+02 -2.730E+02
  5.312E+01  1.897E+01  2.930E+02  0.000E+00  4.179E+02 -2.730E+02
  5.322E+01  1.897E+01  2.930E+02  0.000E+00  4.179E+02 -2.730E+02
  5.332E+01  1.897E+01  2.930E+02  0.000E+00  4.179E+02 -2.730E+02
  5.342E+01  1.897E+01  2.930E+02  0.000E+00  4.179E+02 -2.730E+02
  5.352E+01  1.897E+01  2.930E+02  0.000E+00  4.179E+02 -2.730E+02
  5.362E+01  1.897E+01  2.930E+02  0.000E+00  4.179E+02 -2.730E+02
  5.372E+01  1.897E+01  2.930E+02  0.000E+00  4.179E+02 -2.730E+02
  5.382E+01  1.897E+01  2.930E+02  0.000E+00  4.179E+02 -2.730E+02
  5.392E+01  1.897E+01  2.930E+02  0.000E+00  4.179E+02 -2.730E+02
  5.402E+01  1.897E+01  2.930E+02  0.000E+00  4.179E+02 -2.730E+02
  5.412E+01  1.897E+01  2.930E+02  0.000E+00  4.179E+02 -2.730E+02
  5.422E+01  1.897E+01  2.930E+02  0.000E+00  4.179E+02 -2.730E+02
  5.432E+01  1.897E+01  2.930E+02  0.000E+00  4.179E+02 -2.730E+02
  5.442E+01  1.897E+01  2.930E+02  0.000E+00  4.179E+02 -2.730E+02
  5.452E+01  1.897E+01  2.930E+02  0.000E+00  4.179E+02 -2.730E+02
  5.462E+01  1.897E+01  2.930E+02  0.000E+00  4.179E+02 -2.730E+02
  5.472E+01  1.897E+01  2.930E+02  0.000E+00  4.179E+02 -2.730E+02
  5.482E+01  1.897E+01  2.930E+02  0.000E+00  4.179E+02 -2.730E+02
  5.492E+01  1.897E+01  2.930E+02  0.000E+00  4.179E+02 -2.730E+02
  5.502E+01  1.897E+01  2.930E+02  0.000E+00  4.179E+02 -2.730E+02
  5.512E+01  1.897E+01  2.930E+02  0.000E+00  4.179E+02 -2.730E+02
  5.522E+01  1.897E+01  2.930E+02  0.000E+00  4.179E+02 -2.730E+02
  5.532E+01  1.897E+01  2.930E+02  0.000E+00  4.179E+02 -2.730E+02
  5.542E+01  1.897E+01  2.930E+02  0.000E+00  4.179E+02 -2.730E+02
  5.552E+01  1.897E+01  2.930E+02  0.000E+00  4.179E+02 -2.730E+02
  5.562E+01  1.897E+01  2.930E+02  0.000E+00  4.179E+02 -2.730E+02
  5.572E+01  1.897E+01  2.930E+02  0.000E+00  4.179E+02 -2.730E+02
  5.582E+01  1.897E+01  2.930E+02  0.000E+00  4.179E+02 -2.730E+02
  5.592E+01  1.897E+01  2.930E+02  0.000E+00  4.179E+02 -2.730E+02
  5.602E+01  1.897E+01  2.930E+02  0.000E+00  4.179E+02 -2.730E+02
  5.612E+01  1.897E+01  2.930E+02  0.000E+00  4.179E+02 -2.730E+02
  5.622E+01  1.897E+01  2.930E+02  0.000E+00  4.179E+02 -2.730E+02
  5.632E+01  1.897E+01  2.930E+02  0.000E+00  4.179E+02 -2.730E+02
  5.642E+01  1.897E+01  2.930E+02  0.000E+00  4.179E+02 -2.730E+02
  5.652E+01  1.897E+01  2.930E+02  0.000E+00  4.179E+02 -2.730E+02
  5.662E+01  1.897E+01  2.930E+02  0.000E+00  4.179E+02 -2.730E+02
  5.672E+01  1.897E+01  2.930E+02  0.000E+00  4.179E+02 -2.730E+02
  5.682E+01  1.897E+01  2.930E+02  0.000E+00  4.179E+02 -2.730E+02
  5.692E+01  1.897E+01  2.930E+02  0.000E+00  4.179E+02 -2.730E+02
  5.702E+01  1.897E+01  2.930E+02  0.000E+00  4.179E+02 -2.730E+02
  5.712E+01  1.897E+01  2.930E+02  0.000E+00  4.179E+02 -2.730E+02
  5.722E+01  1.897E+01  2.930E+02  0.000E+00  4.179E+02 -2.730E+02
  5.732E+01  1.897E+01  2.930E+02  0.000E+00  4.179E+02 -2.730E+02
  5.742E+01  1.897E+01  2.930E+02  0.000E+00  4.179E+02 -2.730E+02
  5.752E+01  1.897E+01  2.930E+02  0.000E+00  4.179E+02 -2.730E+02
  5.762E+01  1.897E+01  2.930E+02  0.000E+00  4.179E+02 -2.730E+02
  5.772E+01  1.897E+01  2.930E+02  0.000E+00  4.179E+02 -2.730E+02
  5.782E+01  1.897E+01  2.930E+02  0.000E+00  4.179E+02 -2.730E+02
  5.792E+01  1.897E+01  2.930E+02  0.000E+00  4.179E+02 -2.730E+02
  5.802E+01  1.897E+01  2.930E+02  0.000E+00  4.179E+02 -2.730E+02
  5.812E+01  1.897E+01  2.930E+02  0.000E+00  4.179E+02 -2.730E+02
  5.822E+01  1.897E+01  2.930E+02  0.000E+00  4.179E+02 -2.730E+02
  5.832E+01  1.897E+01  2.930E+02  0.000E+00  4.179E+02 -2.730E+02
  5.842E+01  1.897E+01  2.930E+02  0.000E+00  4.179E+02 -2.730E+02
  5.852E+01  1.897E+01  2.930E+02  0.000E+00  4.179E+02 -2.730E+02
  5.862E+01  1.897E+01  2.930E+02  0.000E+00  4.179E+02 -2.730E+02
  5.872E+01  1.897E+01  2.930E+02  0.000E+00  4.179E+02 -2.730E+02
  5.882E+01  1.897E+01  2.930E+02  0.000E+00  4.179E+02 -2.730E+02
  5.892E+01  1.897E+01  2.930E+02  0.000E+00  4.179E+02 -2.730E+02
  5.902E+01  1.897E+01  2.930E+02  0.000E+00  4.179E+02 -2.730E+02
  5.912E+01  1.897E+01  2.930E+02  0.000E+00  4.179E+02 -2.730E+02
  5.922E+01  1.897E+01  2.930E+02  0.000E+00  4.179E+02 -2.730E+02
  5.932E+01  1.897E+01  2.930E+02  0.000E+00  4.179E+02 -2.730E+02
  5.942E+01  1.897E+01  2.930E+02  0.000E+00  4.179E+02 -2.730E+02
  5.952E+01  1.897E+01  2.930E+02  0.000E+00  4.179E+02 -2.730E+02
  5.962E+01  1.897E+01  2.930E+02  0.000E+00  4.179E+02 -2.730E+02
  5.972E+01  1.897E+01  2.930E+02  0.000E+00  4.179E+02 -2.730E+02
  5.982E+01  1.897E+01  2.930E+02  0.000E+00  4.179E+02 -2.730E+02
  5.992E+01  1.897E+01  2.930E+02  0.000E+00  4.179E+02 -2.730E+02
  6.002E+01  1.897E+01  2.930E+02  0.000E+00  4.179E+02 -2.730E+02
