 X( 21)=-4.6481E+01     Y( 25)=-2.7949E+01     Z( 14)= 4.8577E+01

       TIME  Velocity   Temperatur CH4        Max radiat Solid Temp
  1.000E-03  1.924E+01  2.930E+02  0.000E+00  4.179E+02 -2.730E+02
  2.100E-03  1.898E+01  2.930E+02  0.000E+00  4.179E+02 -2.730E+02
  3.100E-03  1.861E+01  2.930E+02  0.000E+00  4.179E+02 -2.730E+02
  4.144E-03  1.837E+01  2.930E+02  0.000E+00  4.179E+02 -2.730E+02
  5.274E-03  1.823E+01  2.930E+02  0.000E+00  4.179E+02 -2.730E+02
  6.518E-03  1.839E+01  2.930E+02  0.000E+00  4.179E+02 -2.730E+02
  7.885E-03  1.841E+01  2.930E+02  0.000E+00  4.179E+02 -2.730E+02
  9.389E-03  1.839E+01  2.930E+02  0.000E+00  4.179E+02 -2.730E+02
  1.104E-02  1.838E+01  2.930E+02  0.000E+00  4.179E+02 -2.730E+02
  1.286E-02  1.838E+01  2.930E+02  0.000E+00  4.179E+02 -2.730E+02
  1.487E-02  1.839E+01  2.930E+02  0.000E+00  4.179E+02 -2.730E+02
  1.707E-02  1.839E+01  2.930E+02  0.000E+00  4.179E+02 -2.730E+02
  1.949E-02  1.839E+01  2.930E+02  0.000E+00  4.179E+02 -2.730E+02
  2.216E-02  1.839E+01  2.930E+02  0.000E+00  4.179E+02 -2.730E+02
  2.509E-02  1.840E+01  2.930E+02  0.000E+00  4.179E+02 -2.730E+02
  2.831E-02  1.840E+01  2.930E+02  0.000E+00  4.179E+02 -2.730E+02
  3.186E-02  1.839E+01  2.930E+02  0.000E+00  4.179E+02 -2.730E+02
  3.576E-02  1.839E+01  2.930E+02  0.000E+00  4.179E+02 -2.730E+02
  4.005E-02  1.838E+01  2.930E+02  0.000E+00  4.179E+02 -2.730E+02
  4.477E-02  1.837E+01  2.930E+02  0.000E+00  4.179E+02 -2.730E+02
  4.997E-02  1.837E+01  2.930E+02  0.000E+00  4.179E+02 -2.730E+02
  5.568E-02  1.836E+01  2.930E+02  0.000E+00  4.179E+02 -2.730E+02
  6.196E-02  1.835E+01  2.930E+02  0.000E+00  4.179E+02 -2.730E+02
  6.887E-02  1.835E+01  2.930E+02  0.000E+00  4.179E+02 -2.730E+02
  7.648E-02  1.834E+01  2.930E+02  0.000E+00  4.179E+02 -2.730E+02
  8.484E-02  1.834E+01  2.930E+02  0.000E+00  4.179E+02 -2.730E+02
  9.404E-02  1.833E+01  2.930E+02  0.000E+00  4.179E+02 -2.730E+02
  1.042E-01  1.833E+01  2.930E+02  0.000E+00  4.179E+02 -2.730E+02
  1.153E-01  1.832E+01  2.930E+02  0.000E+00  4.179E+02 -2.730E+02
  1.275E-01  1.832E+01  2.930E+02  0.000E+00  4.179E+02 -2.730E+02
  1.410E-01  1.831E+01  2.930E+02  0.000E+00  4.179E+02 -2.730E+02
  1.558E-01  1.831E+01  2.930E+02  0.000E+00  4.179E+02 -2.730E+02
  1.721E-01  1.830E+01  2.930E+02  0.000E+00  4.179E+02 -2.730E+02
  1.900E-01  1.829E+01  2.930E+02  0.000E+00  4.179E+02 -2.730E+02
  2.098E-01  1.829E+01  2.930E+02  0.000E+00  4.179E+02 -2.730E+02
  2.315E-01  1.828E+01  2.930E+02  0.000E+00  4.179E+02 -2.730E+02
  2.553E-01  1.827E+01  2.930E+02  0.000E+00  4.179E+02 -2.730E+02
  2.816E-01  1.826E+01  2.930E+02  0.000E+00  4.179E+02 -2.730E+02
  3.104E-01  1.825E+01  2.930E+02  0.000E+00  4.179E+02 -2.730E+02
  3.422E-01  1.823E+01  2.930E+02  0.000E+00  4.179E+02 -2.730E+02
  3.771E-01  1.822E+01  2.930E+02  0.000E+00  4.179E+02 -2.730E+02
  4.156E-01  1.820E+01  2.930E+02  0.000E+00  4.179E+02 -2.730E+02
  4.578E-01  1.818E+01  2.930E+02  0.000E+00  4.179E+02 -2.730E+02
  5.043E-01  1.816E+01  2.930E+02  0.000E+00  4.179E+02 -2.730E+02
  5.555E-01  1.814E+01  2.930E+02  0.000E+00  4.179E+02 -2.730E+02
  6.118E-01  1.812E+01  2.930E+02  0.000E+00  4.179E+02 -2.730E+02
  6.736E-01  1.810E+01  2.930E+02  0.000E+00  4.179E+02 -2.730E+02
  7.417E-01  1.808E+01  2.930E+02  0.000E+00  4.179E+02 -2.730E+02
  8.166E-01  1.805E+01  2.930E+02  0.000E+00  4.179E+02 -2.730E+02
  8.990E-01  1.803E+01  2.930E+02  0.000E+00  4.179E+02 -2.730E+02
  9.896E-01  1.801E+01  2.930E+02  0.000E+00  4.179E+02 -2.730E+02
  1.089E+00  1.798E+01  2.930E+02  0.000E+00  4.179E+02 -2.730E+02
  1.189E+00  1.796E+01  2.930E+02  0.000E+00  4.179E+02 -2.730E+02
  1.289E+00  1.794E+01  2.930E+02  0.000E+00  4.179E+02 -2.730E+02
  1.389E+00  1.791E+01  2.930E+02  0.000E+00  4.179E+02 -2.730E+02
  1.489E+00  1.789E+01  2.930E+02  0.000E+00  4.179E+02 -2.730E+02
  1.589E+00  1.787E+01  2.930E+02  0.000E+00  4.179E+02 -2.730E+02
  1.689E+00  1.784E+01  2.930E+02  0.000E+00  4.179E+02 -2.730E+02
  1.789E+00  1.782E+01  2.930E+02  0.000E+00  4.179E+02 -2.730E+02
  1.889E+00  1.780E+01  2.930E+02  0.000E+00  4.179E+02 -2.730E+02
  1.989E+00  1.778E+01  2.930E+02  0.000E+00  4.179E+02 -2.730E+02
  2.089E+00  1.775E+01  2.930E+02  0.000E+00  4.179E+02 -2.730E+02
  2.189E+00  1.773E+01  2.930E+02  0.000E+00  4.179E+02 -2.730E+02
  2.289E+00  1.770E+01  2.930E+02  0.000E+00  4.179E+02 -2.730E+02
  2.389E+00  1.767E+01  2.930E+02  0.000E+00  4.179E+02 -2.730E+02
  2.489E+00  1.764E+01  2.930E+02  0.000E+00  4.179E+02 -2.730E+02
  2.589E+00  1.761E+01  2.930E+02  0.000E+00  4.179E+02 -2.730E+02
  2.689E+00  1.758E+01  2.930E+02  0.000E+00  4.179E+02 -2.730E+02
  2.789E+00  1.754E+01  2.930E+02  0.000E+00  4.179E+02 -2.730E+02
  2.889E+00  1.750E+01  2.930E+02  0.000E+00  4.179E+02 -2.730E+02
  2.989E+00  1.745E+01  2.930E+02  0.000E+00  4.179E+02 -2.730E+02
  3.089E+00  1.740E+01  2.930E+02  0.000E+00  4.179E+02 -2.730E+02
  3.189E+00  1.735E+01  2.930E+02  0.000E+00  4.179E+02 -2.730E+02
  3.289E+00  1.729E+01  2.930E+02  0.000E+00  4.179E+02 -2.730E+02
  3.389E+00  1.722E+01  2.930E+02  0.000E+00  4.179E+02 -2.730E+02
  3.489E+00  1.715E+01  2.930E+02  0.000E+00  4.179E+02 -2.730E+02
  3.589E+00  1.708E+01  2.930E+02  0.000E+00  4.179E+02 -2.730E+02
  3.689E+00  1.700E+01  2.930E+02  0.000E+00  4.179E+02 -2.730E+02
  3.789E+00  1.692E+01  2.930E+02  0.000E+00  4.179E+02 -2.730E+02
  3.889E+00  1.683E+01  2.930E+02  0.000E+00  4.179E+02 -2.730E+02
  3.989E+00  1.674E+01  2.930E+02  0.000E+00  4.179E+02 -2.730E+02
  4.089E+00  1.664E+01  2.930E+02  0.000E+00  4.179E+02 -2.730E+02
  4.189E+00  1.655E+01  2.930E+02  0.000E+00  4.179E+02 -2.730E+02
  4.289E+00  1.645E+01  2.930E+02  0.000E+00  4.179E+02 -2.730E+02
  4.389E+00  1.636E+01  2.930E+02  0.000E+00  4.179E+02 -2.730E+02
  4.489E+00  1.627E+01  2.930E+02  0.000E+00  4.179E+02 -2.730E+02
  4.589E+00  1.618E+01  2.930E+02  0.000E+00  4.179E+02 -2.730E+02
  4.689E+00  1.610E+01  2.930E+02  0.000E+00  4.179E+02 -2.730E+02
  4.789E+00  1.603E+01  2.930E+02  0.000E+00  4.179E+02 -2.730E+02
  4.889E+00  1.596E+01  2.930E+02  0.000E+00  4.179E+02 -2.730E+02
  4.989E+00  1.590E+01  2.930E+02  0.000E+00  4.179E+02 -2.730E+02
  5.089E+00  1.585E+01  2.930E+02  0.000E+00  4.179E+02 -2.730E+02
  5.189E+00  1.581E+01  2.930E+02  0.000E+00  4.179E+02 -2.730E+02
  5.289E+00  1.578E+01  2.930E+02  0.000E+00  4.179E+02 -2.730E+02
  5.389E+00  1.576E+01  2.930E+02  0.000E+00  4.179E+02 -2.730E+02
  5.489E+00  1.574E+01  2.930E+02  0.000E+00  4.179E+02 -2.730E+02
  5.589E+00  1.573E+01  2.930E+02  0.000E+00  4.179E+02 -2.730E+02
  5.689E+00  1.573E+01  2.930E+02  0.000E+00  4.179E+02 -2.730E+02
  5.789E+00  1.573E+01  2.930E+02  0.000E+00  4.179E+02 -2.730E+02
  5.889E+00  1.573E+01  2.930E+02  0.000E+00  4.179E+02 -2.730E+02
  5.989E+00  1.574E+01  2.930E+02  0.000E+00  4.179E+02 -2.730E+02
  6.089E+00  1.575E+01  2.930E+02  0.000E+00  4.179E+02 -2.730E+02
  6.189E+00  1.576E+01  2.930E+02  0.000E+00  4.179E+02 -2.730E+02
  6.289E+00  1.576E+01  2.930E+02  0.000E+00  4.179E+02 -2.730E+02
  6.389E+00  1.577E+01  2.930E+02  0.000E+00  4.179E+02 -2.730E+02
  6.489E+00  1.577E+01  2.930E+02  0.000E+00  4.179E+02 -2.730E+02
  6.589E+00  1.576E+01  2.930E+02  0.000E+00  4.179E+02 -2.730E+02
  6.689E+00  1.575E+01  2.930E+02  0.000E+00  4.179E+02 -2.730E+02
  6.789E+00  1.573E+01  2.930E+02  0.000E+00  4.179E+02 -2.730E+02
  6.889E+00  1.570E+01  2.930E+02  0.000E+00  4.179E+02 -2.730E+02
  6.989E+00  1.566E+01  2.930E+02  0.000E+00  4.179E+02 -2.730E+02
  7.089E+00  1.561E+01  2.930E+02  0.000E+00  4.179E+02 -2.730E+02
  7.189E+00  1.556E+01  2.930E+02  0.000E+00  4.179E+02 -2.730E+02
  7.289E+00  1.551E+01  2.930E+02  0.000E+00  4.179E+02 -2.730E+02
  7.389E+00  1.544E+01  2.930E+02  0.000E+00  4.179E+02 -2.730E+02
  7.489E+00  1.537E+01  2.930E+02  0.000E+00  4.179E+02 -2.730E+02
  7.589E+00  1.529E+01  2.930E+02  0.000E+00  4.179E+02 -2.730E+02
  7.689E+00  1.520E+01  2.930E+02  0.000E+00  4.179E+02 -2.730E+02
  7.789E+00  1.511E+01  2.930E+02  0.000E+00  4.179E+02 -2.730E+02
  7.889E+00  1.501E+01  2.930E+02  0.000E+00  4.179E+02 -2.730E+02
  7.989E+00  1.490E+01  2.930E+02  0.000E+00  4.179E+02 -2.730E+02
  8.089E+00  1.479E+01  2.930E+02  0.000E+00  4.179E+02 -2.730E+02
  8.189E+00  1.467E+01  2.930E+02  0.000E+00  4.179E+02 -2.730E+02
  8.289E+00  1.455E+01  2.930E+02  0.000E+00  4.179E+02 -2.730E+02
  8.389E+00  1.442E+01  2.930E+02  0.000E+00  4.179E+02 -2.730E+02
  8.489E+00  1.429E+01  2.930E+02  0.000E+00  4.179E+02 -2.730E+02
  8.589E+00  1.416E+01  2.930E+02  0.000E+00  4.179E+02 -2.730E+02
  8.689E+00  1.402E+01  2.930E+02  0.000E+00  4.179E+02 -2.730E+02
  8.789E+00  1.388E+01  2.930E+02  0.000E+00  4.179E+02 -2.730E+02
  8.889E+00  1.373E+01  2.930E+02  0.000E+00  4.179E+02 -2.730E+02
  8.989E+00  1.358E+01  2.930E+02  0.000E+00  4.179E+02 -2.730E+02
  9.089E+00  1.343E+01  2.930E+02  0.000E+00  4.179E+02 -2.730E+02
  9.189E+00  1.328E+01  2.930E+02  0.000E+00  4.179E+02 -2.730E+02
  9.289E+00  1.312E+01  2.930E+02  0.000E+00  4.179E+02 -2.730E+02
  9.389E+00  1.296E+01  2.930E+02  0.000E+00  4.179E+02 -2.730E+02
  9.489E+00  1.280E+01  2.930E+02  0.000E+00  4.179E+02 -2.730E+02
  9.589E+00  1.264E+01  2.930E+02  0.000E+00  4.179E+02 -2.730E+02
  9.689E+00  1.247E+01  2.930E+02  0.000E+00  4.179E+02 -2.730E+02
  9.789E+00  1.230E+01  2.930E+02  0.000E+00  4.179E+02 -2.730E+02
  9.889E+00  1.212E+01  2.930E+02  0.000E+00  4.179E+02 -2.730E+02
  9.989E+00  1.194E+01  2.930E+02  0.000E+00  4.179E+02 -2.730E+02
  1.009E+01  1.176E+01  2.930E+02  0.000E+00  4.179E+02 -2.730E+02
  1.019E+01  1.157E+01  2.930E+02  0.000E+00  4.179E+02 -2.730E+02
  1.029E+01  1.138E+01  2.930E+02  0.000E+00  4.179E+02 -2.730E+02
  1.039E+01  1.119E+01  2.930E+02  0.000E+00  4.179E+02 -2.730E+02
  1.049E+01  1.099E+01  2.930E+02  0.000E+00  4.179E+02 -2.730E+02
  1.059E+01  1.079E+01  2.930E+02  0.000E+00  4.179E+02 -2.730E+02
  1.069E+01  1.059E+01  2.930E+02  0.000E+00  4.179E+02 -2.730E+02
  1.079E+01  1.039E+01  2.930E+02  0.000E+00  4.179E+02 -2.730E+02
  1.089E+01  1.019E+01  2.930E+02  0.000E+00  4.179E+02 -2.730E+02
  1.099E+01  9.983E+00  2.930E+02  0.000E+00  4.179E+02 -2.730E+02
  1.109E+01  9.777E+00  2.930E+02  0.000E+00  4.179E+02 -2.730E+02
  1.119E+01  9.569E+00  2.930E+02  0.000E+00  4.179E+02 -2.730E+02
  1.129E+01  9.362E+00  2.930E+02  0.000E+00  4.179E+02 -2.730E+02
  1.139E+01  9.156E+00  2.930E+02  0.000E+00  4.179E+02 -2.730E+02
  1.149E+01  8.952E+00  2.930E+02  0.000E+00  4.179E+02 -2.730E+02
  1.159E+01  8.750E+00  2.930E+02  0.000E+00  4.179E+02 -2.730E+02
  1.169E+01  8.553E+00  2.930E+02  0.000E+00  4.179E+02 -2.730E+02
  1.179E+01  8.360E+00  2.930E+02  0.000E+00  4.179E+02 -2.730E+02
  1.189E+01  8.174E+00  2.930E+02  0.000E+00  4.179E+02 -2.730E+02
  1.199E+01  7.994E+00  2.930E+02  0.000E+00  4.179E+02 -2.730E+02
  1.209E+01  7.823E+00  2.930E+02  0.000E+00  4.179E+02 -2.730E+02
  1.219E+01  7.661E+00  2.930E+02  0.000E+00  4.179E+02 -2.730E+02
  1.229E+01  7.507E+00  2.930E+02  0.000E+00  4.179E+02 -2.730E+02
  1.239E+01  7.362E+00  2.930E+02  0.000E+00  4.179E+02 -2.730E+02
  1.249E+01  7.227E+00  2.930E+02  0.000E+00  4.179E+02 -2.730E+02
  1.259E+01  7.102E+00  2.930E+02  0.000E+00  4.179E+02 -2.730E+02
  1.269E+01  6.987E+00  2.930E+02  0.000E+00  4.179E+02 -2.730E+02
  1.279E+01  6.882E+00  2.930E+02  0.000E+00  4.179E+02 -2.730E+02
  1.289E+01  6.787E+00  2.930E+02  0.000E+00  4.179E+02 -2.730E+02
  1.299E+01  6.701E+00  2.930E+02  0.000E+00  4.179E+02 -2.730E+02
  1.309E+01  6.626E+00  2.930E+02  0.000E+00  4.179E+02 -2.730E+02
  1.319E+01  6.561E+00  2.930E+02  0.000E+00  4.179E+02 -2.730E+02
  1.329E+01  6.505E+00  2.930E+02  0.000E+00  4.179E+02 -2.730E+02
  1.339E+01  6.456E+00  2.930E+02  0.000E+00  4.179E+02 -2.730E+02
  1.349E+01  6.417E+00  2.930E+02  0.000E+00  4.179E+02 -2.730E+02
  1.359E+01  6.386E+00  2.930E+02  0.000E+00  4.179E+02 -2.730E+02
  1.369E+01  6.363E+00  2.930E+02  0.000E+00  4.179E+02 -2.730E+02
  1.379E+01  6.347E+00  2.930E+02  0.000E+00  4.179E+02 -2.730E+02
  1.389E+01  6.338E+00  2.930E+02  0.000E+00  4.179E+02 -2.730E+02
  1.399E+01  6.334E+00  2.930E+02  0.000E+00  4.179E+02 -2.730E+02
  1.409E+01  6.337E+00  2.930E+02  0.000E+00  4.179E+02 -2.730E+02
  1.419E+01  6.345E+00  2.930E+02  0.000E+00  4.179E+02 -2.730E+02
  1.429E+01  6.357E+00  2.930E+02  0.000E+00  4.179E+02 -2.730E+02
  1.439E+01  6.373E+00  2.930E+02  0.000E+00  4.179E+02 -2.730E+02
  1.449E+01  6.394E+00  2.930E+02  0.000E+00  4.179E+02 -2.730E+02
  1.459E+01  6.418E+00  2.930E+02  0.000E+00  4.179E+02 -2.730E+02
  1.469E+01  6.445E+00  2.930E+02  0.000E+00  4.179E+02 -2.730E+02
  1.479E+01  6.475E+00  2.930E+02  0.000E+00  4.179E+02 -2.730E+02
  1.489E+01  6.507E+00  2.930E+02  0.000E+00  4.179E+02 -2.730E+02
  1.499E+01  6.542E+00  2.930E+02  0.000E+00  4.179E+02 -2.730E+02
  1.509E+01  6.578E+00  2.930E+02  0.000E+00  4.179E+02 -2.730E+02
  1.519E+01  6.615E+00  2.930E+02  0.000E+00  4.179E+02 -2.730E+02
  1.529E+01  6.654E+00  2.930E+02  0.000E+00  4.179E+02 -2.730E+02
  1.539E+01  6.693E+00  2.930E+02  0.000E+00  4.179E+02 -2.730E+02
  1.549E+01  6.733E+00  2.930E+02  0.000E+00  4.179E+02 -2.730E+02
  1.559E+01  6.773E+00  2.930E+02  0.000E+00  4.179E+02 -2.730E+02
  1.569E+01  6.813E+00  2.930E+02  0.000E+00  4.179E+02 -2.730E+02
  1.579E+01  6.853E+00  2.930E+02  0.000E+00  4.179E+02 -2.730E+02
  1.589E+01  6.892E+00  2.930E+02  0.000E+00  4.179E+02 -2.730E+02
  1.599E+01  6.930E+00  2.930E+02  0.000E+00  4.179E+02 -2.730E+02
  1.609E+01  6.967E+00  2.930E+02  0.000E+00  4.179E+02 -2.730E+02
  1.619E+01  7.003E+00  2.930E+02  0.000E+00  4.179E+02 -2.730E+02
  1.629E+01  7.038E+00  2.930E+02  0.000E+00  4.179E+02 -2.730E+02
  1.639E+01  7.072E+00  2.930E+02  0.000E+00  4.179E+02 -2.730E+02
  1.649E+01  7.104E+00  2.930E+02  0.000E+00  4.179E+02 -2.730E+02
  1.659E+01  7.134E+00  2.930E+02  0.000E+00  4.179E+02 -2.730E+02
  1.669E+01  7.161E+00  2.930E+02  0.000E+00  4.179E+02 -2.730E+02
  1.679E+01  7.186E+00  2.930E+02  0.000E+00  4.179E+02 -2.730E+02
  1.689E+01  7.209E+00  2.930E+02  0.000E+00  4.179E+02 -2.730E+02
  1.699E+01  7.230E+00  2.930E+02  0.000E+00  4.179E+02 -2.730E+02
  1.709E+01  7.249E+00  2.930E+02  0.000E+00  4.179E+02 -2.730E+02
  1.719E+01  7.264E+00  2.930E+02  0.000E+00  4.179E+02 -2.730E+02
  1.729E+01  7.276E+00  2.930E+02  0.000E+00  4.179E+02 -2.730E+02
  1.739E+01  7.284E+00  2.930E+02  0.000E+00  4.179E+02 -2.730E+02
  1.749E+01  7.290E+00  2.930E+02  0.000E+00  4.179E+02 -2.730E+02
  1.759E+01  7.291E+00  2.930E+02  0.000E+00  4.179E+02 -2.730E+02
  1.769E+01  7.289E+00  2.930E+02  0.000E+00  4.179E+02 -2.730E+02
  1.779E+01  7.283E+00  2.930E+02  0.000E+00  4.179E+02 -2.730E+02
  1.789E+01  7.273E+00  2.930E+02  0.000E+00  4.179E+02 -2.730E+02
  1.799E+01  7.259E+00  2.930E+02  0.000E+00  4.179E+02 -2.730E+02
  1.809E+01  7.241E+00  2.930E+02  0.000E+00  4.179E+02 -2.730E+02
  1.819E+01  7.219E+00  2.930E+02  0.000E+00  4.179E+02 -2.730E+02
  1.829E+01  7.192E+00  2.930E+02  0.000E+00  4.179E+02 -2.730E+02
  1.839E+01  7.162E+00  2.930E+02  0.000E+00  4.179E+02 -2.730E+02
  1.849E+01  7.127E+00  2.930E+02  0.000E+00  4.179E+02 -2.730E+02
  1.859E+01  7.089E+00  2.930E+02  0.000E+00  4.179E+02 -2.730E+02
  1.869E+01  7.047E+00  2.930E+02  0.000E+00  4.179E+02 -2.730E+02
  1.879E+01  7.001E+00  2.930E+02  0.000E+00  4.179E+02 -2.730E+02
  1.889E+01  6.953E+00  2.930E+02  0.000E+00  4.179E+02 -2.730E+02
  1.899E+01  6.901E+00  2.930E+02  0.000E+00  4.179E+02 -2.730E+02
  1.909E+01  6.846E+00  2.930E+02  0.000E+00  4.179E+02 -2.730E+02
  1.919E+01  6.789E+00  2.930E+02  0.000E+00  4.179E+02 -2.730E+02
  1.929E+01  6.730E+00  2.930E+02  0.000E+00  4.179E+02 -2.730E+02
  1.939E+01  6.670E+00  2.930E+02  0.000E+00  4.179E+02 -2.730E+02
  1.949E+01  6.609E+00  2.930E+02  0.000E+00  4.179E+02 -2.730E+02
  1.959E+01  6.547E+00  2.930E+02  0.000E+00  4.179E+02 -2.730E+02
  1.969E+01  6.484E+00  2.930E+02  0.000E+00  4.179E+02 -2.730E+02
  1.979E+01  6.421E+00  2.930E+02  0.000E+00  4.179E+02 -2.730E+02
  1.989E+01  6.358E+00  2.930E+02  0.000E+00  4.179E+02 -2.730E+02
  1.999E+01  6.296E+00  2.930E+02  0.000E+00  4.179E+02 -2.730E+02
  2.009E+01  6.233E+00  2.930E+02  0.000E+00  4.179E+02 -2.730E+02
  2.019E+01  6.171E+00  2.930E+02  0.000E+00  4.179E+02 -2.730E+02
  2.029E+01  6.109E+00  2.930E+02  0.000E+00  4.179E+02 -2.730E+02
  2.039E+01  6.048E+00  2.930E+02  0.000E+00  4.179E+02 -2.730E+02
  2.049E+01  5.987E+00  2.930E+02  0.000E+00  4.179E+02 -2.730E+02
  2.059E+01  5.926E+00  2.930E+02  0.000E+00  4.179E+02 -2.730E+02
  2.069E+01  5.866E+00  2.930E+02  0.000E+00  4.179E+02 -2.730E+02
  2.079E+01  5.806E+00  2.930E+02  0.000E+00  4.179E+02 -2.730E+02
  2.089E+01  5.746E+00  2.930E+02  0.000E+00  4.179E+02 -2.730E+02
  2.099E+01  5.686E+00  2.930E+02  0.000E+00  4.179E+02 -2.730E+02
  2.109E+01  5.627E+00  2.930E+02  0.000E+00  4.179E+02 -2.730E+02
  2.119E+01  5.567E+00  2.930E+02  0.000E+00  4.179E+02 -2.730E+02
  2.129E+01  5.508E+00  2.930E+02  0.000E+00  4.179E+02 -2.730E+02
  2.139E+01  5.449E+00  2.930E+02  0.000E+00  4.179E+02 -2.730E+02
  2.149E+01  5.390E+00  2.930E+02  0.000E+00  4.179E+02 -2.730E+02
  2.159E+01  5.331E+00  2.930E+02  0.000E+00  4.179E+02 -2.730E+02
  2.169E+01  5.272E+00  2.930E+02  0.000E+00  4.179E+02 -2.730E+02
  2.179E+01  5.212E+00  2.930E+02  0.000E+00  4.179E+02 -2.730E+02
  2.189E+01  5.152E+00  2.930E+02  0.000E+00  4.179E+02 -2.730E+02
  2.199E+01  5.091E+00  2.930E+02  0.000E+00  4.179E+02 -2.730E+02
  2.209E+01  5.031E+00  2.930E+02  0.000E+00  4.179E+02 -2.730E+02
  2.219E+01  4.970E+00  2.930E+02  0.000E+00  4.179E+02 -2.730E+02
  2.229E+01  4.908E+00  2.930E+02  0.000E+00  4.179E+02 -2.730E+02
  2.239E+01  4.846E+00  2.930E+02  0.000E+00  4.179E+02 -2.730E+02
  2.249E+01  4.784E+00  2.930E+02  0.000E+00  4.179E+02 -2.730E+02
  2.259E+01  4.721E+00  2.930E+02  0.000E+00  4.179E+02 -2.730E+02
  2.269E+01  4.657E+00  2.930E+02  0.000E+00  4.179E+02 -2.730E+02
  2.279E+01  4.593E+00  2.930E+02  0.000E+00  4.179E+02 -2.730E+02
  2.289E+01  4.529E+00  2.930E+02  0.000E+00  4.179E+02 -2.730E+02
  2.299E+01  4.463E+00  2.930E+02  0.000E+00  4.179E+02 -2.730E+02
  2.309E+01  4.397E+00  2.930E+02  0.000E+00  4.179E+02 -2.730E+02
  2.319E+01  4.330E+00  2.930E+02  0.000E+00  4.179E+02 -2.730E+02
  2.329E+01  4.261E+00  2.930E+02  0.000E+00  4.179E+02 -2.730E+02
  2.339E+01  4.192E+00  2.930E+02  0.000E+00  4.179E+02 -2.730E+02
  2.349E+01  4.122E+00  2.930E+02  0.000E+00  4.179E+02 -2.730E+02
  2.359E+01  4.051E+00  2.930E+02  0.000E+00  4.179E+02 -2.730E+02
  2.369E+01  3.980E+00  2.930E+02  0.000E+00  4.179E+02 -2.730E+02
  2.379E+01  3.909E+00  2.930E+02  0.000E+00  4.179E+02 -2.730E+02
  2.389E+01  3.837E+00  2.930E+02  0.000E+00  4.179E+02 -2.730E+02
  2.399E+01  3.766E+00  2.930E+02  0.000E+00  4.179E+02 -2.730E+02
  2.409E+01  3.695E+00  2.930E+02  0.000E+00  4.179E+02 -2.730E+02
  2.419E+01  3.625E+00  2.930E+02  0.000E+00  4.179E+02 -2.730E+02
  2.429E+01  3.555E+00  2.930E+02  0.000E+00  4.179E+02 -2.730E+02
  2.439E+01  3.486E+00  2.930E+02  0.000E+00  4.179E+02 -2.730E+02
  2.449E+01  3.418E+00  2.930E+02  0.000E+00  4.179E+02 -2.730E+02
  2.459E+01  3.352E+00  2.930E+02  0.000E+00  4.179E+02 -2.730E+02
  2.469E+01  3.287E+00  2.930E+02  0.000E+00  4.179E+02 -2.730E+02
  2.479E+01  3.224E+00  2.930E+02  0.000E+00  4.179E+02 -2.730E+02
  2.489E+01  3.164E+00  2.930E+02  0.000E+00  4.179E+02 -2.730E+02
  2.499E+01  3.106E+00  2.930E+02  0.000E+00  4.179E+02 -2.730E+02
  2.509E+01  3.051E+00  2.930E+02  0.000E+00  4.179E+02 -2.730E+02
  2.519E+01  3.000E+00  2.930E+02  0.000E+00  4.179E+02 -2.730E+02
  2.529E+01  2.952E+00  2.930E+02  0.000E+00  4.179E+02 -2.730E+02
  2.539E+01  2.908E+00  2.930E+02  0.000E+00  4.179E+02 -2.730E+02
  2.549E+01  2.868E+00  2.930E+02  0.000E+00  4.179E+02 -2.730E+02
  2.559E+01  2.832E+00  2.930E+02  0.000E+00  4.179E+02 -2.730E+02
  2.569E+01  2.800E+00  2.930E+02  0.000E+00  4.179E+02 -2.730E+02
  2.579E+01  2.772E+00  2.930E+02  0.000E+00  4.179E+02 -2.730E+02
  2.589E+01  2.748E+00  2.930E+02  0.000E+00  4.179E+02 -2.730E+02
  2.599E+01  2.728E+00  2.930E+02  0.000E+00  4.179E+02 -2.730E+02
  2.609E+01  2.712E+00  2.930E+02  0.000E+00  4.179E+02 -2.730E+02
  2.619E+01  2.700E+00  2.930E+02  0.000E+00  4.179E+02 -2.730E+02
  2.629E+01  2.692E+00  2.930E+02  0.000E+00  4.179E+02 -2.730E+02
  2.639E+01  2.687E+00  2.930E+02  0.000E+00  4.179E+02 -2.730E+02
  2.649E+01  2.685E+00  2.930E+02  0.000E+00  4.179E+02 -2.730E+02
  2.659E+01  2.686E+00  2.930E+02  0.000E+00  4.179E+02 -2.730E+02
  2.669E+01  2.689E+00  2.930E+02  0.000E+00  4.179E+02 -2.730E+02
  2.679E+01  2.695E+00  2.930E+02  0.000E+00  4.179E+02 -2.730E+02
  2.689E+01  2.703E+00  2.930E+02  0.000E+00  4.179E+02 -2.730E+02
  2.699E+01  2.712E+00  2.930E+02  0.000E+00  4.179E+02 -2.730E+02
  2.709E+01  2.724E+00  2.930E+02  0.000E+00  4.179E+02 -2.730E+02
  2.719E+01  2.737E+00  2.930E+02  0.000E+00  4.179E+02 -2.730E+02
  2.729E+01  2.750E+00  2.930E+02  0.000E+00  4.179E+02 -2.730E+02
  2.739E+01  2.765E+00  2.930E+02  0.000E+00  4.179E+02 -2.730E+02
  2.749E+01  2.781E+00  2.930E+02  0.000E+00  4.179E+02 -2.730E+02
  2.759E+01  2.798E+00  2.930E+02  0.000E+00  4.179E+02 -2.730E+02
  2.769E+01  2.815E+00  2.930E+02  0.000E+00  4.179E+02 -2.730E+02
  2.779E+01  2.833E+00  2.930E+02  0.000E+00  4.179E+02 -2.730E+02
  2.789E+01  2.852E+00  2.930E+02  0.000E+00  4.179E+02 -2.730E+02
  2.799E+01  2.871E+00  2.930E+02  0.000E+00  4.179E+02 -2.730E+02
  2.809E+01  2.891E+00  2.930E+02  0.000E+00  4.179E+02 -2.730E+02
  2.819E+01  2.911E+00  2.930E+02  0.000E+00  4.179E+02 -2.730E+02
  2.829E+01  2.931E+00  2.930E+02  0.000E+00  4.179E+02 -2.730E+02
  2.839E+01  2.952E+00  2.930E+02  0.000E+00  4.179E+02 -2.730E+02
  2.849E+01  2.974E+00  2.930E+02  0.000E+00  4.179E+02 -2.730E+02
  2.859E+01  2.996E+00  2.930E+02  0.000E+00  4.179E+02 -2.730E+02
  2.869E+01  3.019E+00  2.930E+02  0.000E+00  4.179E+02 -2.730E+02
  2.879E+01  3.042E+00  2.930E+02  0.000E+00  4.179E+02 -2.730E+02
  2.889E+01  3.066E+00  2.930E+02  0.000E+00  4.179E+02 -2.730E+02
  2.899E+01  3.090E+00  2.930E+02  0.000E+00  4.179E+02 -2.730E+02
  2.909E+01  3.114E+00  2.930E+02  0.000E+00  4.179E+02 -2.730E+02
  2.919E+01  3.138E+00  2.930E+02  0.000E+00  4.179E+02 -2.730E+02
  2.929E+01  3.163E+00  2.930E+02  0.000E+00  4.179E+02 -2.730E+02
  2.939E+01  3.188E+00  2.930E+02  0.000E+00  4.179E+02 -2.730E+02
  2.949E+01  3.213E+00  2.930E+02  0.000E+00  4.179E+02 -2.730E+02
  2.959E+01  3.237E+00  2.930E+02  0.000E+00  4.179E+02 -2.730E+02
  2.969E+01  3.262E+00  2.930E+02  0.000E+00  4.179E+02 -2.730E+02
  2.979E+01  3.287E+00  2.930E+02  0.000E+00  4.179E+02 -2.730E+02
  2.989E+01  3.312E+00  2.930E+02  0.000E+00  4.179E+02 -2.730E+02
  2.999E+01  3.336E+00  2.930E+02  0.000E+00  4.179E+02 -2.730E+02
  3.009E+01  3.361E+00  2.930E+02  0.000E+00  4.179E+02 -2.730E+02
  3.019E+01  3.385E+00  2.930E+02  0.000E+00  4.179E+02 -2.730E+02
  3.029E+01  3.409E+00  2.930E+02  0.000E+00  4.179E+02 -2.730E+02
  3.039E+01  3.433E+00  2.930E+02  0.000E+00  4.179E+02 -2.730E+02
  3.049E+01  3.456E+00  2.930E+02  0.000E+00  4.179E+02 -2.730E+02
  3.059E+01  3.480E+00  2.930E+02  0.000E+00  4.179E+02 -2.730E+02
  3.069E+01  3.502E+00  2.930E+02  0.000E+00  4.179E+02 -2.730E+02
  3.079E+01  3.524E+00  2.930E+02  0.000E+00  4.179E+02 -2.730E+02
  3.089E+01  3.546E+00  2.930E+02  0.000E+00  4.179E+02 -2.730E+02
  3.099E+01  3.567E+00  2.930E+02  0.000E+00  4.179E+02 -2.730E+02
  3.109E+01  3.587E+00  2.930E+02  0.000E+00  4.179E+02 -2.730E+02
  3.119E+01  3.606E+00  2.930E+02  0.000E+00  4.179E+02 -2.730E+02
  3.129E+01  3.625E+00  2.930E+02  0.000E+00  4.179E+02 -2.730E+02
  3.139E+01  3.642E+00  2.930E+02  0.000E+00  4.179E+02 -2.730E+02
  3.149E+01  3.659E+00  2.930E+02  0.000E+00  4.179E+02 -2.730E+02
  3.159E+01  3.675E+00  2.930E+02  0.000E+00  4.179E+02 -2.730E+02
  3.169E+01  3.689E+00  2.930E+02  0.000E+00  4.179E+02 -2.730E+02
  3.179E+01  3.703E+00  2.930E+02  0.000E+00  4.179E+02 -2.730E+02
  3.189E+01  3.716E+00  2.930E+02  0.000E+00  4.179E+02 -2.730E+02
  3.199E+01  3.727E+00  2.930E+02  0.000E+00  4.179E+02 -2.730E+02
  3.209E+01  3.738E+00  2.930E+02  0.000E+00  4.179E+02 -2.730E+02
  3.219E+01  3.747E+00  2.930E+02  0.000E+00  4.179E+02 -2.730E+02
  3.229E+01  3.755E+00  2.930E+02  0.000E+00  4.179E+02 -2.730E+02
  3.239E+01  3.762E+00  2.930E+02  0.000E+00  4.179E+02 -2.730E+02
  3.249E+01  3.767E+00  2.930E+02  0.000E+00  4.179E+02 -2.730E+02
  3.259E+01  3.772E+00  2.930E+02  0.000E+00  4.179E+02 -2.730E+02
  3.269E+01  3.775E+00  2.930E+02  0.000E+00  4.179E+02 -2.730E+02
  3.279E+01  3.777E+00  2.930E+02  0.000E+00  4.179E+02 -2.730E+02
  3.289E+01  3.778E+00  2.930E+02  0.000E+00  4.179E+02 -2.730E+02
  3.299E+01  3.778E+00  2.930E+02  0.000E+00  4.179E+02 -2.730E+02
  3.309E+01  3.777E+00  2.930E+02  0.000E+00  4.179E+02 -2.730E+02
  3.319E+01  3.774E+00  2.930E+02  0.000E+00  4.179E+02 -2.730E+02
  3.329E+01  3.771E+00  2.930E+02  0.000E+00  4.179E+02 -2.730E+02
  3.339E+01  3.766E+00  2.930E+02  0.000E+00  4.179E+02 -2.730E+02
  3.349E+01  3.761E+00  2.930E+02  0.000E+00  4.179E+02 -2.730E+02
  3.359E+01  3.754E+00  2.930E+02  0.000E+00  4.179E+02 -2.730E+02
  3.369E+01  3.746E+00  2.930E+02  0.000E+00  4.179E+02 -2.730E+02
  3.379E+01  3.738E+00  2.930E+02  0.000E+00  4.179E+02 -2.730E+02
  3.389E+01  3.728E+00  2.930E+02  0.000E+00  4.179E+02 -2.730E+02
  3.399E+01  3.717E+00  2.930E+02  0.000E+00  4.179E+02 -2.730E+02
  3.409E+01  3.706E+00  2.930E+02  0.000E+00  4.179E+02 -2.730E+02
  3.419E+01  3.693E+00  2.930E+02  0.000E+00  4.179E+02 -2.730E+02
  3.429E+01  3.680E+00  2.930E+02  0.000E+00  4.179E+02 -2.730E+02
  3.439E+01  3.665E+00  2.930E+02  0.000E+00  4.179E+02 -2.730E+02
  3.449E+01  3.650E+00  2.930E+02  0.000E+00  4.179E+02 -2.730E+02
  3.459E+01  3.634E+00  2.930E+02  0.000E+00  4.179E+02 -2.730E+02
  3.469E+01  3.617E+00  2.930E+02  0.000E+00  4.179E+02 -2.730E+02
  3.479E+01  3.600E+00  2.930E+02  0.000E+00  4.179E+02 -2.730E+02
  3.489E+01  3.582E+00  2.930E+02  0.000E+00  4.179E+02 -2.730E+02
  3.499E+01  3.563E+00  2.930E+02  0.000E+00  4.179E+02 -2.730E+02
  3.509E+01  3.543E+00  2.930E+02  0.000E+00  4.179E+02 -2.730E+02
  3.519E+01  3.522E+00  2.930E+02  0.000E+00  4.179E+02 -2.730E+02
  3.529E+01  3.501E+00  2.930E+02  0.000E+00  4.179E+02 -2.730E+02
  3.539E+01  3.479E+00  2.930E+02  0.000E+00  4.179E+02 -2.730E+02
  3.549E+01  3.457E+00  2.930E+02  0.000E+00  4.179E+02 -2.730E+02
  3.559E+01  3.434E+00  2.930E+02  0.000E+00  4.179E+02 -2.730E+02
  3.569E+01  3.410E+00  2.930E+02  0.000E+00  4.179E+02 -2.730E+02
  3.579E+01  3.386E+00  2.930E+02  0.000E+00  4.179E+02 -2.730E+02
  3.589E+01  3.362E+00  2.930E+02  0.000E+00  4.179E+02 -2.730E+02
  3.599E+01  3.337E+00  2.930E+02  0.000E+00  4.179E+02 -2.730E+02
  3.609E+01  3.311E+00  2.930E+02  0.000E+00  4.179E+02 -2.730E+02
  3.619E+01  3.285E+00  2.930E+02  0.000E+00  4.179E+02 -2.730E+02
  3.629E+01  3.259E+00  2.930E+02  0.000E+00  4.179E+02 -2.730E+02
  3.639E+01  3.232E+00  2.930E+02  0.000E+00  4.179E+02 -2.730E+02
  3.649E+01  3.205E+00  2.930E+02  0.000E+00  4.179E+02 -2.730E+02
  3.659E+01  3.178E+00  2.930E+02  0.000E+00  4.179E+02 -2.730E+02
  3.669E+01  3.150E+00  2.930E+02  0.000E+00  4.179E+02 -2.730E+02
  3.679E+01  3.122E+00  2.930E+02  0.000E+00  4.179E+02 -2.730E+02
  3.689E+01  3.094E+00  2.930E+02  0.000E+00  4.179E+02 -2.730E+02
  3.699E+01  3.066E+00  2.930E+02  0.000E+00  4.179E+02 -2.730E+02
  3.709E+01  3.038E+00  2.930E+02  0.000E+00  4.179E+02 -2.730E+02
  3.719E+01  3.009E+00  2.930E+02  0.000E+00  4.179E+02 -2.730E+02
  3.729E+01  2.981E+00  2.930E+02  0.000E+00  4.179E+02 -2.730E+02
  3.739E+01  2.953E+00  2.930E+02  0.000E+00  4.179E+02 -2.730E+02
  3.749E+01  2.924E+00  2.930E+02  0.000E+00  4.179E+02 -2.730E+02
  3.759E+01  2.896E+00  2.930E+02  0.000E+00  4.179E+02 -2.730E+02
  3.769E+01  2.868E+00  2.930E+02  0.000E+00  4.179E+02 -2.730E+02
  3.779E+01  2.840E+00  2.930E+02  0.000E+00  4.179E+02 -2.730E+02
  3.789E+01  2.813E+00  2.930E+02  0.000E+00  4.179E+02 -2.730E+02
  3.799E+01  2.785E+00  2.930E+02  0.000E+00  4.179E+02 -2.730E+02
  3.809E+01  2.759E+00  2.930E+02  0.000E+00  4.179E+02 -2.730E+02
  3.819E+01  2.732E+00  2.930E+02  0.000E+00  4.179E+02 -2.730E+02
  3.829E+01  2.706E+00  2.930E+02  0.000E+00  4.179E+02 -2.730E+02
  3.839E+01  2.681E+00  2.930E+02  0.000E+00  4.179E+02 -2.730E+02
  3.849E+01  2.656E+00  2.930E+02  0.000E+00  4.179E+02 -2.730E+02
  3.859E+01  2.632E+00  2.930E+02  0.000E+00  4.179E+02 -2.730E+02
  3.869E+01  2.608E+00  2.930E+02  0.000E+00  4.179E+02 -2.730E+02
  3.879E+01  2.586E+00  2.930E+02  0.000E+00  4.179E+02 -2.730E+02
  3.889E+01  2.564E+00  2.930E+02  0.000E+00  4.179E+02 -2.730E+02
  3.899E+01  2.543E+00  2.930E+02  0.000E+00  4.179E+02 -2.730E+02
  3.909E+01  2.522E+00  2.930E+02  0.000E+00  4.179E+02 -2.730E+02
  3.919E+01  2.503E+00  2.930E+02  0.000E+00  4.179E+02 -2.730E+02
  3.929E+01  2.484E+00  2.930E+02  0.000E+00  4.179E+02 -2.730E+02
  3.939E+01  2.467E+00  2.930E+02  0.000E+00  4.179E+02 -2.730E+02
  3.949E+01  2.450E+00  2.930E+02  0.000E+00  4.179E+02 -2.730E+02
  3.959E+01  2.434E+00  2.930E+02  0.000E+00  4.179E+02 -2.730E+02
  3.969E+01  2.419E+00  2.930E+02  0.000E+00  4.179E+02 -2.730E+02
  3.979E+01  2.406E+00  2.930E+02  0.000E+00  4.179E+02 -2.730E+02
  3.989E+01  2.393E+00  2.930E+02  0.000E+00  4.179E+02 -2.730E+02
  3.999E+01  2.381E+00  2.930E+02  0.000E+00  4.179E+02 -2.730E+02
  4.009E+01  2.370E+00  2.930E+02  0.000E+00  4.179E+02 -2.730E+02
  4.019E+01  2.360E+00  2.930E+02  0.000E+00  4.179E+02 -2.730E+02
  4.029E+01  2.351E+00  2.930E+02  0.000E+00  4.179E+02 -2.730E+02
  4.039E+01  2.343E+00  2.930E+02  0.000E+00  4.179E+02 -2.730E+02
  4.049E+01  2.336E+00  2.930E+02  0.000E+00  4.179E+02 -2.730E+02
  4.059E+01  2.330E+00  2.930E+02  0.000E+00  4.179E+02 -2.730E+02
  4.069E+01  2.325E+00  2.930E+02  0.000E+00  4.179E+02 -2.730E+02
  4.079E+01  2.320E+00  2.930E+02  0.000E+00  4.179E+02 -2.730E+02
  4.089E+01  2.317E+00  2.930E+02  0.000E+00  4.179E+02 -2.730E+02
  4.099E+01  2.314E+00  2.930E+02  0.000E+00  4.179E+02 -2.730E+02
  4.109E+01  2.312E+00  2.930E+02  0.000E+00  4.179E+02 -2.730E+02
  4.119E+01  2.311E+00  2.930E+02  0.000E+00  4.179E+02 -2.730E+02
  4.129E+01  2.310E+00  2.930E+02  0.000E+00  4.179E+02 -2.730E+02
  4.139E+01  2.310E+00  2.930E+02  0.000E+00  4.179E+02 -2.730E+02
  4.149E+01  2.311E+00  2.930E+02  0.000E+00  4.179E+02 -2.730E+02
  4.159E+01  2.312E+00  2.930E+02  0.000E+00  4.179E+02 -2.730E+02
  4.169E+01  2.314E+00  2.930E+02  0.000E+00  4.179E+02 -2.730E+02
  4.179E+01  2.316E+00  2.930E+02  0.000E+00  4.179E+02 -2.730E+02
  4.189E+01  2.318E+00  2.930E+02  0.000E+00  4.179E+02 -2.730E+02
  4.199E+01  2.321E+00  2.930E+02  0.000E+00  4.179E+02 -2.730E+02
  4.209E+01  2.324E+00  2.930E+02  0.000E+00  4.179E+02 -2.730E+02
  4.219E+01  2.328E+00  2.930E+02  0.000E+00  4.179E+02 -2.730E+02
  4.229E+01  2.331E+00  2.930E+02  0.000E+00  4.179E+02 -2.730E+02
  4.239E+01  2.335E+00  2.930E+02  0.000E+00  4.179E+02 -2.730E+02
  4.249E+01  2.339E+00  2.930E+02  0.000E+00  4.179E+02 -2.730E+02
  4.259E+01  2.344E+00  2.930E+02  0.000E+00  4.179E+02 -2.730E+02
  4.269E+01  2.348E+00  2.930E+02  0.000E+00  4.179E+02 -2.730E+02
  4.279E+01  2.352E+00  2.930E+02  0.000E+00  4.179E+02 -2.730E+02
  4.289E+01  2.357E+00  2.930E+02  0.000E+00  4.179E+02 -2.730E+02
  4.299E+01  2.361E+00  2.930E+02  0.000E+00  4.179E+02 -2.730E+02
  4.309E+01  2.366E+00  2.930E+02  0.000E+00  4.179E+02 -2.730E+02
  4.319E+01  2.370E+00  2.930E+02  0.000E+00  4.179E+02 -2.730E+02
  4.329E+01  2.374E+00  2.930E+02  0.000E+00  4.179E+02 -2.730E+02
  4.339E+01  2.378E+00  2.930E+02  0.000E+00  4.179E+02 -2.730E+02
  4.349E+01  2.382E+00  2.930E+02  0.000E+00  4.179E+02 -2.730E+02
  4.359E+01  2.386E+00  2.930E+02  0.000E+00  4.179E+02 -2.730E+02
  4.369E+01  2.390E+00  2.930E+02  0.000E+00  4.179E+02 -2.730E+02
  4.379E+01  2.393E+00  2.930E+02  0.000E+00  4.179E+02 -2.730E+02
  4.389E+01  2.397E+00  2.930E+02  0.000E+00  4.179E+02 -2.730E+02
  4.399E+01  2.400E+00  2.930E+02  0.000E+00  4.179E+02 -2.730E+02
  4.409E+01  2.402E+00  2.930E+02  0.000E+00  4.179E+02 -2.730E+02
  4.419E+01  2.405E+00  2.930E+02  0.000E+00  4.179E+02 -2.730E+02
  4.429E+01  2.407E+00  2.930E+02  0.000E+00  4.179E+02 -2.730E+02
  4.439E+01  2.409E+00  2.930E+02  0.000E+00  4.179E+02 -2.730E+02
  4.449E+01  2.411E+00  2.930E+02  0.000E+00  4.179E+02 -2.730E+02
  4.459E+01  2.412E+00  2.930E+02  0.000E+00  4.179E+02 -2.730E+02
  4.469E+01  2.413E+00  2.930E+02  0.000E+00  4.179E+02 -2.730E+02
  4.479E+01  2.414E+00  2.930E+02  0.000E+00  4.179E+02 -2.730E+02
  4.489E+01  2.414E+00  2.930E+02  0.000E+00  4.179E+02 -2.730E+02
  4.499E+01  2.414E+00  2.930E+02  0.000E+00  4.179E+02 -2.730E+02
  4.509E+01  2.414E+00  2.930E+02  0.000E+00  4.179E+02 -2.730E+02
  4.519E+01  2.413E+00  2.930E+02  0.000E+00  4.179E+02 -2.730E+02
  4.529E+01  2.412E+00  2.930E+02  0.000E+00  4.179E+02 -2.730E+02
  4.539E+01  2.411E+00  2.930E+02  0.000E+00  4.179E+02 -2.730E+02
  4.549E+01  2.410E+00  2.930E+02  0.000E+00  4.179E+02 -2.730E+02
  4.559E+01  2.408E+00  2.930E+02  0.000E+00  4.179E+02 -2.730E+02
  4.569E+01  2.405E+00  2.930E+02  0.000E+00  4.179E+02 -2.730E+02
  4.579E+01  2.403E+00  2.930E+02  0.000E+00  4.179E+02 -2.730E+02
  4.589E+01  2.400E+00  2.930E+02  0.000E+00  4.179E+02 -2.730E+02
  4.599E+01  2.396E+00  2.930E+02  0.000E+00  4.179E+02 -2.730E+02
  4.609E+01  2.392E+00  2.930E+02  0.000E+00  4.179E+02 -2.730E+02
  4.619E+01  2.388E+00  2.930E+02  0.000E+00  4.179E+02 -2.730E+02
  4.629E+01  2.384E+00  2.930E+02  0.000E+00  4.179E+02 -2.730E+02
  4.639E+01  2.379E+00  2.930E+02  0.000E+00  4.179E+02 -2.730E+02
  4.649E+01  2.374E+00  2.930E+02  0.000E+00  4.179E+02 -2.730E+02
  4.659E+01  2.368E+00  2.930E+02  0.000E+00  4.179E+02 -2.730E+02
  4.669E+01  2.362E+00  2.930E+02  0.000E+00  4.179E+02 -2.730E+02
  4.679E+01  2.356E+00  2.930E+02  0.000E+00  4.179E+02 -2.730E+02
  4.689E+01  2.349E+00  2.930E+02  0.000E+00  4.179E+02 -2.730E+02
  4.699E+01  2.342E+00  2.930E+02  0.000E+00  4.179E+02 -2.730E+02
  4.709E+01  2.334E+00  2.930E+02  0.000E+00  4.179E+02 -2.730E+02
  4.719E+01  2.327E+00  2.930E+02  0.000E+00  4.179E+02 -2.730E+02
  4.729E+01  2.319E+00  2.930E+02  0.000E+00  4.179E+02 -2.730E+02
  4.739E+01  2.310E+00  2.930E+02  0.000E+00  4.179E+02 -2.730E+02
  4.749E+01  2.301E+00  2.930E+02  0.000E+00  4.179E+02 -2.730E+02
  4.759E+01  2.292E+00  2.930E+02  0.000E+00  4.179E+02 -2.730E+02
  4.769E+01  2.282E+00  2.930E+02  0.000E+00  4.179E+02 -2.730E+02
  4.779E+01  2.272E+00  2.930E+02  0.000E+00  4.179E+02 -2.730E+02
  4.789E+01  2.262E+00  2.930E+02  0.000E+00  4.179E+02 -2.730E+02
  4.799E+01  2.251E+00  2.930E+02  0.000E+00  4.179E+02 -2.730E+02
  4.809E+01  2.240E+00  2.930E+02  0.000E+00  4.179E+02 -2.730E+02
  4.819E+01  2.229E+00  2.930E+02  0.000E+00  4.179E+02 -2.730E+02
  4.829E+01  2.217E+00  2.930E+02  0.000E+00  4.179E+02 -2.730E+02
  4.839E+01  2.205E+00  2.930E+02  0.000E+00  4.179E+02 -2.730E+02
  4.849E+01  2.193E+00  2.930E+02  0.000E+00  4.179E+02 -2.730E+02
  4.859E+01  2.180E+00  2.930E+02  0.000E+00  4.179E+02 -2.730E+02
  4.869E+01  2.167E+00  2.930E+02  0.000E+00  4.179E+02 -2.730E+02
  4.879E+01  2.153E+00  2.930E+02  0.000E+00  4.179E+02 -2.730E+02
  4.889E+01  2.140E+00  2.930E+02  0.000E+00  4.179E+02 -2.730E+02
  4.899E+01  2.126E+00  2.930E+02  0.000E+00  4.179E+02 -2.730E+02
  4.909E+01  2.111E+00  2.930E+02  0.000E+00  4.179E+02 -2.730E+02
  4.919E+01  2.097E+00  2.930E+02  0.000E+00  4.179E+02 -2.730E+02
  4.929E+01  2.082E+00  2.930E+02  0.000E+00  4.179E+02 -2.730E+02
  4.939E+01  2.067E+00  2.930E+02  0.000E+00  4.179E+02 -2.730E+02
  4.949E+01  2.052E+00  2.930E+02  0.000E+00  4.179E+02 -2.730E+02
  4.959E+01  2.036E+00  2.930E+02  0.000E+00  4.179E+02 -2.730E+02
  4.969E+01  2.020E+00  2.930E+02  0.000E+00  4.179E+02 -2.730E+02
  4.979E+01  2.005E+00  2.930E+02  0.000E+00  4.179E+02 -2.730E+02
  4.989E+01  1.988E+00  2.930E+02  0.000E+00  4.179E+02 -2.730E+02
  4.999E+01  1.972E+00  2.930E+02  0.000E+00  4.179E+02 -2.730E+02
  5.009E+01  1.956E+00  2.930E+02  0.000E+00  4.179E+02 -2.730E+02
  5.019E+01  1.939E+00  2.930E+02  0.000E+00  4.179E+02 -2.730E+02
  5.029E+01  1.923E+00  2.930E+02  0.000E+00  4.179E+02 -2.730E+02
  5.039E+01  1.906E+00  2.930E+02  0.000E+00  4.179E+02 -2.730E+02
  5.049E+01  1.890E+00  2.930E+02  0.000E+00  4.179E+02 -2.730E+02
  5.059E+01  1.873E+00  2.930E+02  0.000E+00  4.179E+02 -2.730E+02
  5.069E+01  1.856E+00  2.930E+02  0.000E+00  4.179E+02 -2.730E+02
  5.079E+01  1.840E+00  2.930E+02  0.000E+00  4.179E+02 -2.730E+02
  5.089E+01  1.823E+00  2.930E+02  0.000E+00  4.179E+02 -2.730E+02
  5.099E+01  1.807E+00  2.930E+02  0.000E+00  4.179E+02 -2.730E+02
  5.109E+01  1.790E+00  2.930E+02  0.000E+00  4.179E+02 -2.730E+02
  5.119E+01  1.774E+00  2.930E+02  0.000E+00  4.179E+02 -2.730E+02
  5.129E+01  1.758E+00  2.930E+02  0.000E+00  4.179E+02 -2.730E+02
  5.139E+01  1.743E+00  2.930E+02  0.000E+00  4.179E+02 -2.730E+02
  5.149E+01  1.727E+00  2.930E+02  0.000E+00  4.179E+02 -2.730E+02
  5.159E+01  1.712E+00  2.930E+02  0.000E+00  4.179E+02 -2.730E+02
  5.169E+01  1.697E+00  2.930E+02  0.000E+00  4.179E+02 -2.730E+02
  5.179E+01  1.683E+00  2.930E+02  0.000E+00  4.179E+02 -2.730E+02
  5.189E+01  1.669E+00  2.930E+02  0.000E+00  4.179E+02 -2.730E+02
  5.199E+01  1.655E+00  2.930E+02  0.000E+00  4.179E+02 -2.730E+02
  5.209E+01  1.642E+00  2.930E+02  0.000E+00  4.179E+02 -2.730E+02
  5.219E+01  1.629E+00  2.930E+02  0.000E+00  4.179E+02 -2.730E+02
  5.229E+01  1.617E+00  2.930E+02  0.000E+00  4.179E+02 -2.730E+02
  5.239E+01  1.606E+00  2.930E+02  0.000E+00  4.179E+02 -2.730E+02
  5.249E+01  1.594E+00  2.930E+02  0.000E+00  4.179E+02 -2.730E+02
  5.259E+01  1.584E+00  2.930E+02  0.000E+00  4.179E+02 -2.730E+02
  5.269E+01  1.574E+00  2.930E+02  0.000E+00  4.179E+02 -2.730E+02
  5.279E+01  1.564E+00  2.930E+02  0.000E+00  4.179E+02 -2.730E+02
  5.289E+01  1.556E+00  2.930E+02  0.000E+00  4.179E+02 -2.730E+02
  5.299E+01  1.547E+00  2.930E+02  0.000E+00  4.179E+02 -2.730E+02
  5.309E+01  1.540E+00  2.930E+02  0.000E+00  4.179E+02 -2.730E+02
  5.319E+01  1.533E+00  2.930E+02  0.000E+00  4.179E+02 -2.730E+02
  5.329E+01  1.527E+00  2.930E+02  0.000E+00  4.179E+02 -2.730E+02
  5.339E+01  1.521E+00  2.930E+02  0.000E+00  4.179E+02 -2.730E+02
  5.349E+01  1.516E+00  2.930E+02  0.000E+00  4.179E+02 -2.730E+02
  5.359E+01  1.511E+00  2.930E+02  0.000E+00  4.179E+02 -2.730E+02
  5.369E+01  1.507E+00  2.930E+02  0.000E+00  4.179E+02 -2.730E+02
  5.379E+01  1.504E+00  2.930E+02  0.000E+00  4.179E+02 -2.730E+02
  5.389E+01  1.501E+00  2.930E+02  0.000E+00  4.179E+02 -2.730E+02
  5.399E+01  1.499E+00  2.930E+02  0.000E+00  4.179E+02 -2.730E+02
  5.409E+01  1.497E+00  2.930E+02  0.000E+00  4.179E+02 -2.730E+02
  5.419E+01  1.496E+00  2.930E+02  0.000E+00  4.179E+02 -2.730E+02
  5.429E+01  1.495E+00  2.930E+02  0.000E+00  4.179E+02 -2.730E+02
  5.439E+01  1.495E+00  2.930E+02  0.000E+00  4.179E+02 -2.730E+02
  5.449E+01  1.495E+00  2.930E+02  0.000E+00  4.179E+02 -2.730E+02
  5.459E+01  1.496E+00  2.930E+02  0.000E+00  4.179E+02 -2.730E+02
  5.469E+01  1.497E+00  2.930E+02  0.000E+00  4.179E+02 -2.730E+02
  5.479E+01  1.499E+00  2.930E+02  0.000E+00  4.179E+02 -2.730E+02
  5.489E+01  1.500E+00  2.930E+02  0.000E+00  4.179E+02 -2.730E+02
  5.499E+01  1.503E+00  2.930E+02  0.000E+00  4.179E+02 -2.730E+02
  5.509E+01  1.505E+00  2.930E+02  0.000E+00  4.179E+02 -2.730E+02
  5.519E+01  1.508E+00  2.930E+02  0.000E+00  4.179E+02 -2.730E+02
  5.529E+01  1.511E+00  2.930E+02  0.000E+00  4.179E+02 -2.730E+02
  5.539E+01  1.514E+00  2.930E+02  0.000E+00  4.179E+02 -2.730E+02
  5.549E+01  1.518E+00  2.930E+02  0.000E+00  4.179E+02 -2.730E+02
  5.559E+01  1.521E+00  2.930E+02  0.000E+00  4.179E+02 -2.730E+02
  5.569E+01  1.525E+00  2.930E+02  0.000E+00  4.179E+02 -2.730E+02
  5.579E+01  1.529E+00  2.930E+02  0.000E+00  4.179E+02 -2.730E+02
  5.589E+01  1.533E+00  2.930E+02  0.000E+00  4.179E+02 -2.730E+02
  5.599E+01  1.538E+00  2.930E+02  0.000E+00  4.179E+02 -2.730E+02
  5.609E+01  1.542E+00  2.930E+02  0.000E+00  4.179E+02 -2.730E+02
  5.619E+01  1.546E+00  2.930E+02  0.000E+00  4.179E+02 -2.730E+02
  5.629E+01  1.551E+00  2.930E+02  0.000E+00  4.179E+02 -2.730E+02
  5.639E+01  1.555E+00  2.930E+02  0.000E+00  4.179E+02 -2.730E+02
  5.649E+01  1.560E+00  2.930E+02  0.000E+00  4.179E+02 -2.730E+02
  5.659E+01  1.564E+00  2.930E+02  0.000E+00  4.179E+02 -2.730E+02
  5.669E+01  1.569E+00  2.930E+02  0.000E+00  4.179E+02 -2.730E+02
  5.679E+01  1.573E+00  2.930E+02  0.000E+00  4.179E+02 -2.730E+02
  5.689E+01  1.577E+00  2.930E+02  0.000E+00  4.179E+02 -2.730E+02
  5.699E+01  1.581E+00  2.930E+02  0.000E+00  4.179E+02 -2.730E+02
  5.709E+01  1.585E+00  2.930E+02  0.000E+00  4.179E+02 -2.730E+02
  5.719E+01  1.589E+00  2.930E+02  0.000E+00  4.179E+02 -2.730E+02
  5.729E+01  1.593E+00  2.930E+02  0.000E+00  4.179E+02 -2.730E+02
  5.739E+01  1.597E+00  2.930E+02  0.000E+00  4.179E+02 -2.730E+02
  5.749E+01  1.600E+00  2.930E+02  0.000E+00  4.179E+02 -2.730E+02
  5.759E+01  1.604E+00  2.930E+02  0.000E+00  4.179E+02 -2.730E+02
  5.769E+01  1.607E+00  2.930E+02  0.000E+00  4.179E+02 -2.730E+02
  5.779E+01  1.610E+00  2.930E+02  0.000E+00  4.179E+02 -2.730E+02
  5.789E+01  1.612E+00  2.930E+02  0.000E+00  4.179E+02 -2.730E+02
  5.799E+01  1.615E+00  2.930E+02  0.000E+00  4.179E+02 -2.730E+02
  5.809E+01  1.617E+00  2.930E+02  0.000E+00  4.179E+02 -2.730E+02
  5.819E+01  1.619E+00  2.930E+02  0.000E+00  4.179E+02 -2.730E+02
  5.829E+01  1.621E+00  2.930E+02  0.000E+00  4.179E+02 -2.730E+02
  5.839E+01  1.623E+00  2.930E+02  0.000E+00  4.179E+02 -2.730E+02
  5.849E+01  1.624E+00  2.930E+02  0.000E+00  4.179E+02 -2.730E+02
  5.859E+01  1.625E+00  2.930E+02  0.000E+00  4.179E+02 -2.730E+02
  5.869E+01  1.626E+00  2.930E+02  0.000E+00  4.179E+02 -2.730E+02
  5.879E+01  1.627E+00  2.930E+02  0.000E+00  4.179E+02 -2.730E+02
  5.889E+01  1.627E+00  2.930E+02  0.000E+00  4.179E+02 -2.730E+02
  5.899E+01  1.627E+00  2.930E+02  0.000E+00  4.179E+02 -2.730E+02
  5.909E+01  1.627E+00  2.930E+02  0.000E+00  4.179E+02 -2.730E+02
  5.919E+01  1.626E+00  2.930E+02  0.000E+00  4.179E+02 -2.730E+02
  5.929E+01  1.625E+00  2.930E+02  0.000E+00  4.179E+02 -2.730E+02
  5.939E+01  1.624E+00  2.930E+02  0.000E+00  4.179E+02 -2.730E+02
  5.949E+01  1.623E+00  2.930E+02  0.000E+00  4.179E+02 -2.730E+02
  5.959E+01  1.621E+00  2.930E+02  0.000E+00  4.179E+02 -2.730E+02
  5.969E+01  1.619E+00  2.930E+02  0.000E+00  4.179E+02 -2.730E+02
  5.979E+01  1.617E+00  2.930E+02  0.000E+00  4.179E+02 -2.730E+02
  5.989E+01  1.615E+00  2.930E+02  0.000E+00  4.179E+02 -2.730E+02
  5.999E+01  1.612E+00  2.930E+02  0.000E+00  4.179E+02 -2.730E+02
  6.009E+01  1.609E+00  2.930E+02  0.000E+00  4.179E+02 -2.730E+02
