 X( 13)=-1.0461E+02     Y( 17)=-8.4573E+01     Z( 14)= 4.8577E+01

       TIME  Velocity   Temperatur CH4        Max radiat Solid Temp
  1.000E-03  1.924E+01  2.930E+02  0.000E+00  4.179E+02 -2.730E+02
  2.100E-03  1.923E+01  2.930E+02  0.000E+00  4.179E+02 -2.730E+02
  3.100E-03  1.918E+01  2.930E+02  0.000E+00  4.179E+02 -2.730E+02
  4.144E-03  1.911E+01  2.930E+02  0.000E+00  4.179E+02 -2.730E+02
  5.274E-03  1.904E+01  2.930E+02  0.000E+00  4.179E+02 -2.730E+02
  6.518E-03  1.902E+01  2.930E+02  0.000E+00  4.179E+02 -2.730E+02
  7.885E-03  1.902E+01  2.930E+02  0.000E+00  4.179E+02 -2.730E+02
  9.389E-03  1.903E+01  2.930E+02  0.000E+00  4.179E+02 -2.730E+02
  1.104E-02  1.903E+01  2.930E+02  0.000E+00  4.179E+02 -2.730E+02
  1.286E-02  1.903E+01  2.930E+02  0.000E+00  4.179E+02 -2.730E+02
  1.487E-02  1.902E+01  2.930E+02  0.000E+00  4.179E+02 -2.730E+02
  1.707E-02  1.903E+01  2.930E+02  0.000E+00  4.179E+02 -2.730E+02
  1.949E-02  1.903E+01  2.930E+02  0.000E+00  4.179E+02 -2.730E+02
  2.216E-02  1.903E+01  2.930E+02  0.000E+00  4.179E+02 -2.730E+02
  2.509E-02  1.903E+01  2.930E+02  0.000E+00  4.179E+02 -2.730E+02
  2.831E-02  1.903E+01  2.930E+02  0.000E+00  4.179E+02 -2.730E+02
  3.186E-02  1.903E+01  2.930E+02  0.000E+00  4.179E+02 -2.730E+02
  3.576E-02  1.903E+01  2.930E+02  0.000E+00  4.179E+02 -2.730E+02
  4.005E-02  1.903E+01  2.930E+02  0.000E+00  4.179E+02 -2.730E+02
  4.477E-02  1.903E+01  2.930E+02  0.000E+00  4.179E+02 -2.730E+02
  4.997E-02  1.902E+01  2.930E+02  0.000E+00  4.179E+02 -2.730E+02
  5.568E-02  1.902E+01  2.930E+02  0.000E+00  4.179E+02 -2.730E+02
  6.196E-02  1.902E+01  2.930E+02  0.000E+00  4.179E+02 -2.730E+02
  6.887E-02  1.901E+01  2.930E+02  0.000E+00  4.179E+02 -2.730E+02
  7.648E-02  1.901E+01  2.930E+02  0.000E+00  4.179E+02 -2.730E+02
  8.484E-02  1.901E+01  2.930E+02  0.000E+00  4.179E+02 -2.730E+02
  9.404E-02  1.901E+01  2.930E+02  0.000E+00  4.179E+02 -2.730E+02
  1.042E-01  1.901E+01  2.930E+02  0.000E+00  4.179E+02 -2.730E+02
  1.153E-01  1.900E+01  2.930E+02  0.000E+00  4.179E+02 -2.730E+02
  1.275E-01  1.900E+01  2.930E+02  0.000E+00  4.179E+02 -2.730E+02
  1.410E-01  1.900E+01  2.930E+02  0.000E+00  4.179E+02 -2.730E+02
  1.558E-01  1.900E+01  2.930E+02  0.000E+00  4.179E+02 -2.730E+02
  1.721E-01  1.900E+01  2.930E+02  0.000E+00  4.179E+02 -2.730E+02
  1.900E-01  1.900E+01  2.930E+02  0.000E+00  4.179E+02 -2.730E+02
  2.098E-01  1.900E+01  2.930E+02  0.000E+00  4.179E+02 -2.730E+02
  2.315E-01  1.900E+01  2.930E+02  0.000E+00  4.179E+02 -2.730E+02
  2.553E-01  1.900E+01  2.930E+02  0.000E+00  4.179E+02 -2.730E+02
  2.816E-01  1.899E+01  2.930E+02  0.000E+00  4.179E+02 -2.730E+02
  3.104E-01  1.899E+01  2.930E+02  0.000E+00  4.179E+02 -2.730E+02
  3.422E-01  1.898E+01  2.930E+02  0.000E+00  4.179E+02 -2.730E+02
  3.771E-01  1.898E+01  2.930E+02  0.000E+00  4.179E+02 -2.730E+02
  4.156E-01  1.897E+01  2.930E+02  0.000E+00  4.179E+02 -2.730E+02
  4.578E-01  1.897E+01  2.930E+02  0.000E+00  4.179E+02 -2.730E+02
  5.043E-01  1.896E+01  2.930E+02  0.000E+00  4.179E+02 -2.730E+02
  5.555E-01  1.896E+01  2.930E+02  0.000E+00  4.179E+02 -2.730E+02
  6.118E-01  1.895E+01  2.930E+02  0.000E+00  4.179E+02 -2.730E+02
  6.736E-01  1.894E+01  2.930E+02  0.000E+00  4.179E+02 -2.730E+02
  7.417E-01  1.894E+01  2.930E+02  0.000E+00  4.179E+02 -2.730E+02
  8.166E-01  1.893E+01  2.930E+02  0.000E+00  4.179E+02 -2.730E+02
  8.990E-01  1.893E+01  2.930E+02  0.000E+00  4.179E+02 -2.730E+02
  9.896E-01  1.892E+01  2.930E+02  0.000E+00  4.179E+02 -2.730E+02
  1.089E+00  1.891E+01  2.930E+02  0.000E+00  4.179E+02 -2.730E+02
  1.189E+00  1.891E+01  2.930E+02  0.000E+00  4.179E+02 -2.730E+02
  1.289E+00  1.890E+01  2.930E+02  0.000E+00  4.179E+02 -2.730E+02
  1.389E+00  1.889E+01  2.930E+02  0.000E+00  4.179E+02 -2.730E+02
  1.489E+00  1.889E+01  2.930E+02  0.000E+00  4.179E+02 -2.730E+02
  1.589E+00  1.888E+01  2.930E+02  0.000E+00  4.179E+02 -2.730E+02
  1.689E+00  1.887E+01  2.930E+02  0.000E+00  4.179E+02 -2.730E+02
  1.789E+00  1.887E+01  2.930E+02  0.000E+00  4.179E+02 -2.730E+02
  1.889E+00  1.886E+01  2.930E+02  0.000E+00  4.179E+02 -2.730E+02
  1.989E+00  1.885E+01  2.930E+02  0.000E+00  4.179E+02 -2.730E+02
  2.089E+00  1.884E+01  2.930E+02  0.000E+00  4.179E+02 -2.730E+02
  2.189E+00  1.884E+01  2.930E+02  0.000E+00  4.179E+02 -2.730E+02
  2.289E+00  1.883E+01  2.930E+02  0.000E+00  4.179E+02 -2.730E+02
  2.389E+00  1.882E+01  2.930E+02  0.000E+00  4.179E+02 -2.730E+02
  2.489E+00  1.882E+01  2.930E+02  0.000E+00  4.179E+02 -2.730E+02
  2.589E+00  1.881E+01  2.930E+02  0.000E+00  4.179E+02 -2.730E+02
  2.689E+00  1.880E+01  2.930E+02  0.000E+00  4.179E+02 -2.730E+02
  2.789E+00  1.879E+01  2.930E+02  0.000E+00  4.179E+02 -2.730E+02
  2.889E+00  1.879E+01  2.930E+02  0.000E+00  4.179E+02 -2.730E+02
  2.989E+00  1.878E+01  2.930E+02  0.000E+00  4.179E+02 -2.730E+02
  3.089E+00  1.877E+01  2.930E+02  0.000E+00  4.179E+02 -2.730E+02
  3.189E+00  1.877E+01  2.930E+02  0.000E+00  4.179E+02 -2.730E+02
  3.289E+00  1.876E+01  2.930E+02  0.000E+00  4.179E+02 -2.730E+02
  3.389E+00  1.875E+01  2.930E+02  0.000E+00  4.179E+02 -2.730E+02
  3.489E+00  1.874E+01  2.930E+02  0.000E+00  4.179E+02 -2.730E+02
  3.589E+00  1.873E+01  2.930E+02  0.000E+00  4.179E+02 -2.730E+02
  3.689E+00  1.873E+01  2.930E+02  0.000E+00  4.179E+02 -2.730E+02
  3.789E+00  1.872E+01  2.930E+02  0.000E+00  4.179E+02 -2.730E+02
  3.889E+00  1.871E+01  2.930E+02  0.000E+00  4.179E+02 -2.730E+02
  3.989E+00  1.870E+01  2.930E+02  0.000E+00  4.179E+02 -2.730E+02
  4.089E+00  1.869E+01  2.930E+02  0.000E+00  4.179E+02 -2.730E+02
  4.189E+00  1.868E+01  2.930E+02  0.000E+00  4.179E+02 -2.730E+02
  4.289E+00  1.867E+01  2.930E+02  0.000E+00  4.179E+02 -2.730E+02
  4.389E+00  1.867E+01  2.930E+02  0.000E+00  4.179E+02 -2.730E+02
  4.489E+00  1.866E+01  2.930E+02  0.000E+00  4.179E+02 -2.730E+02
  4.589E+00  1.865E+01  2.930E+02  0.000E+00  4.179E+02 -2.730E+02
  4.689E+00  1.864E+01  2.930E+02  0.000E+00  4.179E+02 -2.730E+02
  4.789E+00  1.863E+01  2.930E+02  0.000E+00  4.179E+02 -2.730E+02
  4.889E+00  1.862E+01  2.930E+02  0.000E+00  4.179E+02 -2.730E+02
  4.989E+00  1.861E+01  2.930E+02  0.000E+00  4.179E+02 -2.730E+02
  5.089E+00  1.859E+01  2.930E+02  0.000E+00  4.179E+02 -2.730E+02
  5.189E+00  1.858E+01  2.930E+02  0.000E+00  4.179E+02 -2.730E+02
  5.289E+00  1.857E+01  2.930E+02  0.000E+00  4.179E+02 -2.730E+02
  5.389E+00  1.856E+01  2.930E+02  0.000E+00  4.179E+02 -2.730E+02
  5.489E+00  1.855E+01  2.930E+02  0.000E+00  4.179E+02 -2.730E+02
  5.589E+00  1.853E+01  2.930E+02  0.000E+00  4.179E+02 -2.730E+02
  5.689E+00  1.852E+01  2.930E+02  0.000E+00  4.179E+02 -2.730E+02
  5.789E+00  1.851E+01  2.930E+02  0.000E+00  4.179E+02 -2.730E+02
  5.889E+00  1.849E+01  2.930E+02  0.000E+00  4.179E+02 -2.730E+02
  5.989E+00  1.848E+01  2.930E+02  0.000E+00  4.179E+02 -2.730E+02
  6.089E+00  1.846E+01  2.930E+02  0.000E+00  4.179E+02 -2.730E+02
  6.189E+00  1.845E+01  2.930E+02  0.000E+00  4.179E+02 -2.730E+02
  6.289E+00  1.843E+01  2.930E+02  0.000E+00  4.179E+02 -2.730E+02
  6.389E+00  1.842E+01  2.930E+02  0.000E+00  4.179E+02 -2.730E+02
  6.489E+00  1.840E+01  2.930E+02  0.000E+00  4.179E+02 -2.730E+02
  6.589E+00  1.839E+01  2.930E+02  0.000E+00  4.179E+02 -2.730E+02
  6.689E+00  1.837E+01  2.930E+02  0.000E+00  4.179E+02 -2.730E+02
  6.789E+00  1.835E+01  2.930E+02  0.000E+00  4.179E+02 -2.730E+02
  6.889E+00  1.833E+01  2.930E+02  0.000E+00  4.179E+02 -2.730E+02
  6.989E+00  1.831E+01  2.930E+02  0.000E+00  4.179E+02 -2.730E+02
  7.089E+00  1.829E+01  2.930E+02  0.000E+00  4.179E+02 -2.730E+02
  7.189E+00  1.827E+01  2.930E+02  0.000E+00  4.179E+02 -2.730E+02
  7.289E+00  1.825E+01  2.930E+02  0.000E+00  4.179E+02 -2.730E+02
  7.389E+00  1.823E+01  2.930E+02  0.000E+00  4.179E+02 -2.730E+02
  7.489E+00  1.821E+01  2.930E+02  0.000E+00  4.179E+02 -2.730E+02
  7.589E+00  1.819E+01  2.930E+02  0.000E+00  4.179E+02 -2.730E+02
  7.689E+00  1.816E+01  2.930E+02  0.000E+00  4.179E+02 -2.730E+02
  7.789E+00  1.814E+01  2.930E+02  0.000E+00  4.179E+02 -2.730E+02
  7.889E+00  1.811E+01  2.930E+02  0.000E+00  4.179E+02 -2.730E+02
  7.989E+00  1.809E+01  2.930E+02  0.000E+00  4.179E+02 -2.730E+02
  8.089E+00  1.806E+01  2.930E+02  0.000E+00  4.179E+02 -2.730E+02
  8.189E+00  1.803E+01  2.930E+02  0.000E+00  4.179E+02 -2.730E+02
  8.289E+00  1.800E+01  2.930E+02  0.000E+00  4.179E+02 -2.730E+02
  8.389E+00  1.797E+01  2.930E+02  0.000E+00  4.179E+02 -2.730E+02
  8.489E+00  1.794E+01  2.930E+02  0.000E+00  4.179E+02 -2.730E+02
  8.589E+00  1.791E+01  2.930E+02  0.000E+00  4.179E+02 -2.730E+02
  8.689E+00  1.787E+01  2.930E+02  0.000E+00  4.179E+02 -2.730E+02
  8.789E+00  1.784E+01  2.930E+02  0.000E+00  4.179E+02 -2.730E+02
  8.889E+00  1.780E+01  2.930E+02  0.000E+00  4.179E+02 -2.730E+02
  8.989E+00  1.776E+01  2.930E+02  0.000E+00  4.179E+02 -2.730E+02
  9.089E+00  1.772E+01  2.930E+02  0.000E+00  4.179E+02 -2.730E+02
  9.189E+00  1.768E+01  2.930E+02  0.000E+00  4.179E+02 -2.730E+02
  9.289E+00  1.764E+01  2.930E+02  0.000E+00  4.179E+02 -2.730E+02
  9.389E+00  1.760E+01  2.930E+02  0.000E+00  4.179E+02 -2.730E+02
  9.489E+00  1.756E+01  2.930E+02  0.000E+00  4.179E+02 -2.730E+02
  9.589E+00  1.751E+01  2.930E+02  0.000E+00  4.179E+02 -2.730E+02
  9.689E+00  1.746E+01  2.930E+02  0.000E+00  4.179E+02 -2.730E+02
  9.789E+00  1.742E+01  2.930E+02  0.000E+00  4.179E+02 -2.730E+02
  9.889E+00  1.737E+01  2.930E+02  0.000E+00  4.179E+02 -2.730E+02
  9.989E+00  1.732E+01  2.930E+02  0.000E+00  4.179E+02 -2.730E+02
  1.009E+01  1.727E+01  2.930E+02  0.000E+00  4.179E+02 -2.730E+02
  1.019E+01  1.722E+01  2.930E+02  0.000E+00  4.179E+02 -2.730E+02
  1.029E+01  1.716E+01  2.930E+02  0.000E+00  4.179E+02 -2.730E+02
  1.039E+01  1.711E+01  2.930E+02  0.000E+00  4.179E+02 -2.730E+02
  1.049E+01  1.705E+01  2.930E+02  0.000E+00  4.179E+02 -2.730E+02
  1.059E+01  1.700E+01  2.930E+02  0.000E+00  4.179E+02 -2.730E+02
  1.069E+01  1.694E+01  2.930E+02  0.000E+00  4.179E+02 -2.730E+02
  1.079E+01  1.688E+01  2.930E+02  0.000E+00  4.179E+02 -2.730E+02
  1.089E+01  1.683E+01  2.930E+02  0.000E+00  4.179E+02 -2.730E+02
  1.099E+01  1.677E+01  2.930E+02  0.000E+00  4.179E+02 -2.730E+02
  1.109E+01  1.671E+01  2.930E+02  0.000E+00  4.179E+02 -2.730E+02
  1.119E+01  1.665E+01  2.930E+02  0.000E+00  4.179E+02 -2.730E+02
  1.129E+01  1.659E+01  2.930E+02  0.000E+00  4.179E+02 -2.730E+02
  1.139E+01  1.653E+01  2.930E+02  0.000E+00  4.179E+02 -2.730E+02
  1.149E+01  1.646E+01  2.930E+02  0.000E+00  4.179E+02 -2.730E+02
  1.159E+01  1.640E+01  2.930E+02  0.000E+00  4.179E+02 -2.730E+02
  1.169E+01  1.634E+01  2.930E+02  0.000E+00  4.179E+02 -2.730E+02
  1.179E+01  1.628E+01  2.930E+02  0.000E+00  4.179E+02 -2.730E+02
  1.189E+01  1.622E+01  2.930E+02  0.000E+00  4.179E+02 -2.730E+02
  1.199E+01  1.615E+01  2.930E+02  0.000E+00  4.179E+02 -2.730E+02
  1.209E+01  1.609E+01  2.930E+02  0.000E+00  4.179E+02 -2.730E+02
  1.219E+01  1.603E+01  2.930E+02  0.000E+00  4.179E+02 -2.730E+02
  1.229E+01  1.597E+01  2.930E+02  0.000E+00  4.179E+02 -2.730E+02
  1.239E+01  1.590E+01  2.930E+02  0.000E+00  4.179E+02 -2.730E+02
  1.249E+01  1.584E+01  2.930E+02  0.000E+00  4.179E+02 -2.730E+02
  1.259E+01  1.578E+01  2.930E+02  0.000E+00  4.179E+02 -2.730E+02
  1.269E+01  1.572E+01  2.930E+02  0.000E+00  4.179E+02 -2.730E+02
  1.279E+01  1.566E+01  2.930E+02  0.000E+00  4.179E+02 -2.730E+02
  1.289E+01  1.560E+01  2.930E+02  0.000E+00  4.179E+02 -2.730E+02
  1.299E+01  1.554E+01  2.930E+02  0.000E+00  4.179E+02 -2.730E+02
  1.309E+01  1.548E+01  2.930E+02  0.000E+00  4.179E+02 -2.730E+02
  1.319E+01  1.542E+01  2.930E+02  0.000E+00  4.179E+02 -2.730E+02
  1.329E+01  1.536E+01  2.930E+02  0.000E+00  4.179E+02 -2.730E+02
  1.339E+01  1.530E+01  2.930E+02  0.000E+00  4.179E+02 -2.730E+02
  1.349E+01  1.524E+01  2.930E+02  0.000E+00  4.179E+02 -2.730E+02
  1.359E+01  1.519E+01  2.930E+02  0.000E+00  4.179E+02 -2.730E+02
  1.369E+01  1.513E+01  2.930E+02  0.000E+00  4.179E+02 -2.730E+02
  1.379E+01  1.508E+01  2.930E+02  0.000E+00  4.179E+02 -2.730E+02
  1.389E+01  1.502E+01  2.930E+02  0.000E+00  4.179E+02 -2.730E+02
  1.399E+01  1.497E+01  2.930E+02  0.000E+00  4.179E+02 -2.730E+02
  1.409E+01  1.491E+01  2.930E+02  0.000E+00  4.179E+02 -2.730E+02
  1.419E+01  1.486E+01  2.930E+02  0.000E+00  4.179E+02 -2.730E+02
  1.429E+01  1.481E+01  2.930E+02  0.000E+00  4.179E+02 -2.730E+02
  1.439E+01  1.476E+01  2.930E+02  0.000E+00  4.179E+02 -2.730E+02
  1.449E+01  1.471E+01  2.930E+02  0.000E+00  4.179E+02 -2.730E+02
  1.459E+01  1.466E+01  2.930E+02  0.000E+00  4.179E+02 -2.730E+02
  1.469E+01  1.461E+01  2.930E+02  0.000E+00  4.179E+02 -2.730E+02
  1.479E+01  1.456E+01  2.930E+02  0.000E+00  4.179E+02 -2.730E+02
  1.489E+01  1.452E+01  2.930E+02  0.000E+00  4.179E+02 -2.730E+02
  1.499E+01  1.447E+01  2.930E+02  0.000E+00  4.179E+02 -2.730E+02
  1.509E+01  1.442E+01  2.930E+02  0.000E+00  4.179E+02 -2.730E+02
  1.519E+01  1.438E+01  2.930E+02  0.000E+00  4.179E+02 -2.730E+02
  1.529E+01  1.433E+01  2.930E+02  0.000E+00  4.179E+02 -2.730E+02
  1.539E+01  1.429E+01  2.930E+02  0.000E+00  4.179E+02 -2.730E+02
  1.549E+01  1.424E+01  2.930E+02  0.000E+00  4.179E+02 -2.730E+02
  1.559E+01  1.420E+01  2.930E+02  0.000E+00  4.179E+02 -2.730E+02
  1.569E+01  1.415E+01  2.930E+02  0.000E+00  4.179E+02 -2.730E+02
  1.579E+01  1.411E+01  2.930E+02  0.000E+00  4.179E+02 -2.730E+02
  1.589E+01  1.407E+01  2.930E+02  0.000E+00  4.179E+02 -2.730E+02
  1.599E+01  1.402E+01  2.930E+02  0.000E+00  4.179E+02 -2.730E+02
  1.609E+01  1.398E+01  2.930E+02  0.000E+00  4.179E+02 -2.730E+02
  1.619E+01  1.394E+01  2.930E+02  0.000E+00  4.179E+02 -2.730E+02
  1.629E+01  1.389E+01  2.930E+02  0.000E+00  4.179E+02 -2.730E+02
  1.639E+01  1.385E+01  2.930E+02  0.000E+00  4.179E+02 -2.730E+02
  1.649E+01  1.380E+01  2.930E+02  0.000E+00  4.179E+02 -2.730E+02
  1.659E+01  1.376E+01  2.930E+02  0.000E+00  4.179E+02 -2.730E+02
  1.669E+01  1.371E+01  2.930E+02  0.000E+00  4.179E+02 -2.730E+02
  1.679E+01  1.367E+01  2.930E+02  0.000E+00  4.179E+02 -2.730E+02
  1.689E+01  1.362E+01  2.930E+02  0.000E+00  4.179E+02 -2.730E+02
  1.699E+01  1.358E+01  2.930E+02  0.000E+00  4.179E+02 -2.730E+02
  1.709E+01  1.353E+01  2.930E+02  0.000E+00  4.179E+02 -2.730E+02
  1.719E+01  1.348E+01  2.930E+02  0.000E+00  4.179E+02 -2.730E+02
  1.729E+01  1.344E+01  2.930E+02  0.000E+00  4.179E+02 -2.730E+02
  1.739E+01  1.339E+01  2.930E+02  0.000E+00  4.179E+02 -2.730E+02
  1.749E+01  1.334E+01  2.930E+02  0.000E+00  4.179E+02 -2.730E+02
  1.759E+01  1.329E+01  2.930E+02  0.000E+00  4.179E+02 -2.730E+02
  1.769E+01  1.324E+01  2.930E+02  0.000E+00  4.179E+02 -2.730E+02
  1.779E+01  1.320E+01  2.930E+02  0.000E+00  4.179E+02 -2.730E+02
  1.789E+01  1.315E+01  2.930E+02  0.000E+00  4.179E+02 -2.730E+02
  1.799E+01  1.310E+01  2.930E+02  0.000E+00  4.179E+02 -2.730E+02
  1.809E+01  1.305E+01  2.930E+02  0.000E+00  4.179E+02 -2.730E+02
  1.819E+01  1.300E+01  2.930E+02  0.000E+00  4.179E+02 -2.730E+02
  1.829E+01  1.295E+01  2.930E+02  0.000E+00  4.179E+02 -2.730E+02
  1.839E+01  1.290E+01  2.930E+02  0.000E+00  4.179E+02 -2.730E+02
  1.849E+01  1.285E+01  2.930E+02  0.000E+00  4.179E+02 -2.730E+02
  1.859E+01  1.280E+01  2.930E+02  0.000E+00  4.179E+02 -2.730E+02
  1.869E+01  1.275E+01  2.930E+02  0.000E+00  4.179E+02 -2.730E+02
  1.879E+01  1.270E+01  2.930E+02  0.000E+00  4.179E+02 -2.730E+02
  1.889E+01  1.265E+01  2.930E+02  0.000E+00  4.179E+02 -2.730E+02
  1.899E+01  1.260E+01  2.930E+02  0.000E+00  4.179E+02 -2.730E+02
  1.909E+01  1.255E+01  2.930E+02  0.000E+00  4.179E+02 -2.730E+02
  1.919E+01  1.250E+01  2.930E+02  0.000E+00  4.179E+02 -2.730E+02
  1.929E+01  1.245E+01  2.930E+02  0.000E+00  4.179E+02 -2.730E+02
  1.939E+01  1.241E+01  2.930E+02  0.000E+00  4.179E+02 -2.730E+02
  1.949E+01  1.236E+01  2.930E+02  0.000E+00  4.179E+02 -2.730E+02
  1.959E+01  1.232E+01  2.930E+02  0.000E+00  4.179E+02 -2.730E+02
  1.969E+01  1.227E+01  2.930E+02  0.000E+00  4.179E+02 -2.730E+02
  1.979E+01  1.223E+01  2.930E+02  0.000E+00  4.179E+02 -2.730E+02
  1.989E+01  1.218E+01  2.930E+02  0.000E+00  4.179E+02 -2.730E+02
  1.999E+01  1.214E+01  2.930E+02  0.000E+00  4.179E+02 -2.730E+02
  2.009E+01  1.210E+01  2.930E+02  0.000E+00  4.179E+02 -2.730E+02
  2.019E+01  1.206E+01  2.930E+02  0.000E+00  4.179E+02 -2.730E+02
  2.029E+01  1.202E+01  2.930E+02  0.000E+00  4.179E+02 -2.730E+02
  2.039E+01  1.198E+01  2.930E+02  0.000E+00  4.179E+02 -2.730E+02
  2.049E+01  1.194E+01  2.930E+02  0.000E+00  4.179E+02 -2.730E+02
  2.059E+01  1.190E+01  2.930E+02  0.000E+00  4.179E+02 -2.730E+02
  2.069E+01  1.186E+01  2.930E+02  0.000E+00  4.179E+02 -2.730E+02
  2.079E+01  1.182E+01  2.930E+02  0.000E+00  4.179E+02 -2.730E+02
  2.089E+01  1.178E+01  2.930E+02  0.000E+00  4.179E+02 -2.730E+02
  2.099E+01  1.174E+01  2.930E+02  0.000E+00  4.179E+02 -2.730E+02
  2.109E+01  1.171E+01  2.930E+02  0.000E+00  4.179E+02 -2.730E+02
  2.119E+01  1.167E+01  2.930E+02  0.000E+00  4.179E+02 -2.730E+02
  2.129E+01  1.163E+01  2.930E+02  0.000E+00  4.179E+02 -2.730E+02
  2.139E+01  1.160E+01  2.930E+02  0.000E+00  4.179E+02 -2.730E+02
  2.149E+01  1.156E+01  2.930E+02  0.000E+00  4.179E+02 -2.730E+02
  2.159E+01  1.153E+01  2.930E+02  0.000E+00  4.179E+02 -2.730E+02
  2.169E+01  1.149E+01  2.930E+02  0.000E+00  4.179E+02 -2.730E+02
  2.179E+01  1.146E+01  2.930E+02  0.000E+00  4.179E+02 -2.730E+02
  2.189E+01  1.142E+01  2.930E+02  0.000E+00  4.179E+02 -2.730E+02
  2.199E+01  1.139E+01  2.930E+02  0.000E+00  4.179E+02 -2.730E+02
  2.209E+01  1.136E+01  2.930E+02  0.000E+00  4.179E+02 -2.730E+02
  2.219E+01  1.133E+01  2.930E+02  0.000E+00  4.179E+02 -2.730E+02
  2.229E+01  1.130E+01  2.930E+02  0.000E+00  4.179E+02 -2.730E+02
  2.239E+01  1.127E+01  2.930E+02  0.000E+00  4.179E+02 -2.730E+02
  2.249E+01  1.125E+01  2.930E+02  0.000E+00  4.179E+02 -2.730E+02
  2.259E+01  1.122E+01  2.930E+02  0.000E+00  4.179E+02 -2.730E+02
  2.269E+01  1.120E+01  2.930E+02  0.000E+00  4.179E+02 -2.730E+02
  2.279E+01  1.118E+01  2.930E+02  0.000E+00  4.179E+02 -2.730E+02
  2.289E+01  1.116E+01  2.930E+02  0.000E+00  4.179E+02 -2.730E+02
  2.299E+01  1.114E+01  2.930E+02  0.000E+00  4.179E+02 -2.730E+02
  2.309E+01  1.113E+01  2.930E+02  0.000E+00  4.179E+02 -2.730E+02
  2.319E+01  1.111E+01  2.930E+02  0.000E+00  4.179E+02 -2.730E+02
  2.329E+01  1.110E+01  2.930E+02  0.000E+00  4.179E+02 -2.730E+02
  2.339E+01  1.108E+01  2.930E+02  0.000E+00  4.179E+02 -2.730E+02
  2.349E+01  1.107E+01  2.930E+02  0.000E+00  4.179E+02 -2.730E+02
  2.359E+01  1.106E+01  2.930E+02  0.000E+00  4.179E+02 -2.730E+02
  2.369E+01  1.105E+01  2.930E+02  0.000E+00  4.179E+02 -2.730E+02
  2.379E+01  1.103E+01  2.930E+02  0.000E+00  4.179E+02 -2.730E+02
  2.389E+01  1.102E+01  2.930E+02  0.000E+00  4.179E+02 -2.730E+02
  2.399E+01  1.101E+01  2.930E+02  0.000E+00  4.179E+02 -2.730E+02
  2.409E+01  1.100E+01  2.930E+02  0.000E+00  4.179E+02 -2.730E+02
  2.419E+01  1.099E+01  2.930E+02  0.000E+00  4.179E+02 -2.730E+02
  2.429E+01  1.098E+01  2.930E+02  0.000E+00  4.179E+02 -2.730E+02
  2.439E+01  1.097E+01  2.930E+02  0.000E+00  4.179E+02 -2.730E+02
  2.449E+01  1.096E+01  2.930E+02  0.000E+00  4.179E+02 -2.730E+02
  2.459E+01  1.095E+01  2.930E+02  0.000E+00  4.179E+02 -2.730E+02
  2.469E+01  1.094E+01  2.930E+02  0.000E+00  4.179E+02 -2.730E+02
  2.479E+01  1.093E+01  2.930E+02  0.000E+00  4.179E+02 -2.730E+02
  2.489E+01  1.092E+01  2.930E+02  0.000E+00  4.179E+02 -2.730E+02
  2.499E+01  1.092E+01  2.930E+02  0.000E+00  4.179E+02 -2.730E+02
  2.509E+01  1.091E+01  2.930E+02  0.000E+00  4.179E+02 -2.730E+02
  2.519E+01  1.090E+01  2.930E+02  0.000E+00  4.179E+02 -2.730E+02
  2.529E+01  1.089E+01  2.930E+02  0.000E+00  4.179E+02 -2.730E+02
  2.539E+01  1.088E+01  2.930E+02  0.000E+00  4.179E+02 -2.730E+02
  2.549E+01  1.087E+01  2.930E+02  0.000E+00  4.179E+02 -2.730E+02
  2.559E+01  1.086E+01  2.930E+02  0.000E+00  4.179E+02 -2.730E+02
  2.569E+01  1.085E+01  2.930E+02  0.000E+00  4.179E+02 -2.730E+02
  2.579E+01  1.084E+01  2.930E+02  0.000E+00  4.179E+02 -2.730E+02
  2.589E+01  1.083E+01  2.930E+02  0.000E+00  4.179E+02 -2.730E+02
  2.599E+01  1.081E+01  2.930E+02  0.000E+00  4.179E+02 -2.730E+02
  2.609E+01  1.080E+01  2.930E+02  0.000E+00  4.179E+02 -2.730E+02
  2.619E+01  1.079E+01  2.930E+02  0.000E+00  4.179E+02 -2.730E+02
  2.629E+01  1.078E+01  2.930E+02  0.000E+00  4.179E+02 -2.730E+02
  2.639E+01  1.077E+01  2.930E+02  0.000E+00  4.179E+02 -2.730E+02
  2.649E+01  1.075E+01  2.930E+02  0.000E+00  4.179E+02 -2.730E+02
  2.659E+01  1.074E+01  2.930E+02  0.000E+00  4.179E+02 -2.730E+02
  2.669E+01  1.073E+01  2.930E+02  0.000E+00  4.179E+02 -2.730E+02
  2.679E+01  1.071E+01  2.930E+02  0.000E+00  4.179E+02 -2.730E+02
  2.689E+01  1.070E+01  2.930E+02  0.000E+00  4.179E+02 -2.730E+02
  2.699E+01  1.068E+01  2.930E+02  0.000E+00  4.179E+02 -2.730E+02
  2.709E+01  1.067E+01  2.930E+02  0.000E+00  4.179E+02 -2.730E+02
  2.719E+01  1.065E+01  2.930E+02  0.000E+00  4.179E+02 -2.730E+02
  2.729E+01  1.064E+01  2.930E+02  0.000E+00  4.179E+02 -2.730E+02
  2.739E+01  1.062E+01  2.930E+02  0.000E+00  4.179E+02 -2.730E+02
  2.749E+01  1.060E+01  2.930E+02  0.000E+00  4.179E+02 -2.730E+02
  2.759E+01  1.059E+01  2.930E+02  0.000E+00  4.179E+02 -2.730E+02
  2.769E+01  1.057E+01  2.930E+02  0.000E+00  4.179E+02 -2.730E+02
  2.779E+01  1.055E+01  2.930E+02  0.000E+00  4.179E+02 -2.730E+02
  2.789E+01  1.054E+01  2.930E+02  0.000E+00  4.179E+02 -2.730E+02
  2.799E+01  1.052E+01  2.930E+02  0.000E+00  4.179E+02 -2.730E+02
  2.809E+01  1.050E+01  2.930E+02  0.000E+00  4.179E+02 -2.730E+02
  2.819E+01  1.048E+01  2.930E+02  0.000E+00  4.179E+02 -2.730E+02
  2.829E+01  1.047E+01  2.930E+02  0.000E+00  4.179E+02 -2.730E+02
  2.839E+01  1.045E+01  2.930E+02  0.000E+00  4.179E+02 -2.730E+02
  2.849E+01  1.043E+01  2.930E+02  0.000E+00  4.179E+02 -2.730E+02
  2.859E+01  1.041E+01  2.930E+02  0.000E+00  4.179E+02 -2.730E+02
  2.869E+01  1.039E+01  2.930E+02  0.000E+00  4.179E+02 -2.730E+02
  2.879E+01  1.036E+01  2.930E+02  0.000E+00  4.179E+02 -2.730E+02
  2.889E+01  1.034E+01  2.930E+02  0.000E+00  4.179E+02 -2.730E+02
  2.899E+01  1.031E+01  2.930E+02  0.000E+00  4.179E+02 -2.730E+02
  2.909E+01  1.028E+01  2.930E+02  0.000E+00  4.179E+02 -2.730E+02
  2.919E+01  1.025E+01  2.930E+02  0.000E+00  4.179E+02 -2.730E+02
  2.929E+01  1.021E+01  2.930E+02  0.000E+00  4.179E+02 -2.730E+02
  2.939E+01  1.018E+01  2.930E+02  0.000E+00  4.179E+02 -2.730E+02
  2.949E+01  1.014E+01  2.930E+02  0.000E+00  4.179E+02 -2.730E+02
  2.959E+01  1.009E+01  2.930E+02  0.000E+00  4.179E+02 -2.730E+02
  2.969E+01  1.004E+01  2.930E+02  0.000E+00  4.179E+02 -2.730E+02
  2.979E+01  9.996E+00  2.930E+02  0.000E+00  4.179E+02 -2.730E+02
  2.989E+01  9.945E+00  2.930E+02  0.000E+00  4.179E+02 -2.730E+02
  2.999E+01  9.892E+00  2.930E+02  0.000E+00  4.179E+02 -2.730E+02
  3.009E+01  9.836E+00  2.930E+02  0.000E+00  4.179E+02 -2.730E+02
  3.019E+01  9.779E+00  2.930E+02  0.000E+00  4.179E+02 -2.730E+02
  3.029E+01  9.719E+00  2.930E+02  0.000E+00  4.179E+02 -2.730E+02
  3.039E+01  9.659E+00  2.930E+02  0.000E+00  4.179E+02 -2.730E+02
  3.049E+01  9.597E+00  2.930E+02  0.000E+00  4.179E+02 -2.730E+02
  3.059E+01  9.535E+00  2.930E+02  0.000E+00  4.179E+02 -2.730E+02
  3.069E+01  9.471E+00  2.930E+02  0.000E+00  4.179E+02 -2.730E+02
  3.079E+01  9.407E+00  2.930E+02  0.000E+00  4.179E+02 -2.730E+02
  3.089E+01  9.342E+00  2.930E+02  0.000E+00  4.179E+02 -2.730E+02
  3.099E+01  9.275E+00  2.930E+02  0.000E+00  4.179E+02 -2.730E+02
  3.109E+01  9.208E+00  2.930E+02  0.000E+00  4.179E+02 -2.730E+02
  3.119E+01  9.140E+00  2.930E+02  0.000E+00  4.179E+02 -2.730E+02
  3.129E+01  9.072E+00  2.930E+02  0.000E+00  4.179E+02 -2.730E+02
  3.139E+01  9.003E+00  2.930E+02  0.000E+00  4.179E+02 -2.730E+02
  3.149E+01  8.933E+00  2.930E+02  0.000E+00  4.179E+02 -2.730E+02
  3.159E+01  8.863E+00  2.930E+02  0.000E+00  4.179E+02 -2.730E+02
  3.169E+01  8.792E+00  2.930E+02  0.000E+00  4.179E+02 -2.730E+02
  3.179E+01  8.721E+00  2.930E+02  0.000E+00  4.179E+02 -2.730E+02
  3.189E+01  8.649E+00  2.930E+02  0.000E+00  4.179E+02 -2.730E+02
  3.199E+01  8.577E+00  2.930E+02  0.000E+00  4.179E+02 -2.730E+02
  3.209E+01  8.505E+00  2.930E+02  0.000E+00  4.179E+02 -2.730E+02
  3.219E+01  8.432E+00  2.930E+02  0.000E+00  4.179E+02 -2.730E+02
  3.229E+01  8.359E+00  2.930E+02  0.000E+00  4.179E+02 -2.730E+02
  3.239E+01  8.287E+00  2.930E+02  0.000E+00  4.179E+02 -2.730E+02
  3.249E+01  8.215E+00  2.930E+02  0.000E+00  4.179E+02 -2.730E+02
  3.259E+01  8.144E+00  2.930E+02  0.000E+00  4.179E+02 -2.730E+02
  3.269E+01  8.074E+00  2.930E+02  0.000E+00  4.179E+02 -2.730E+02
  3.279E+01  8.004E+00  2.930E+02  0.000E+00  4.179E+02 -2.730E+02
  3.289E+01  7.936E+00  2.930E+02  0.000E+00  4.179E+02 -2.730E+02
  3.299E+01  7.870E+00  2.930E+02  0.000E+00  4.179E+02 -2.730E+02
  3.309E+01  7.804E+00  2.930E+02  0.000E+00  4.179E+02 -2.730E+02
  3.319E+01  7.741E+00  2.930E+02  0.000E+00  4.179E+02 -2.730E+02
  3.329E+01  7.679E+00  2.930E+02  0.000E+00  4.179E+02 -2.730E+02
  3.339E+01  7.618E+00  2.930E+02  0.000E+00  4.179E+02 -2.730E+02
  3.349E+01  7.560E+00  2.930E+02  0.000E+00  4.179E+02 -2.730E+02
  3.359E+01  7.504E+00  2.930E+02  0.000E+00  4.179E+02 -2.730E+02
  3.369E+01  7.450E+00  2.930E+02  0.000E+00  4.179E+02 -2.730E+02
  3.379E+01  7.399E+00  2.930E+02  0.000E+00  4.179E+02 -2.730E+02
  3.389E+01  7.349E+00  2.930E+02  0.000E+00  4.179E+02 -2.730E+02
  3.399E+01  7.302E+00  2.930E+02  0.000E+00  4.179E+02 -2.730E+02
  3.409E+01  7.258E+00  2.930E+02  0.000E+00  4.179E+02 -2.730E+02
  3.419E+01  7.215E+00  2.930E+02  0.000E+00  4.179E+02 -2.730E+02
  3.429E+01  7.176E+00  2.930E+02  0.000E+00  4.179E+02 -2.730E+02
  3.439E+01  7.139E+00  2.930E+02  0.000E+00  4.179E+02 -2.730E+02
  3.449E+01  7.105E+00  2.930E+02  0.000E+00  4.179E+02 -2.730E+02
  3.459E+01  7.074E+00  2.930E+02  0.000E+00  4.179E+02 -2.730E+02
  3.469E+01  7.045E+00  2.930E+02  0.000E+00  4.179E+02 -2.730E+02
  3.479E+01  7.019E+00  2.930E+02  0.000E+00  4.179E+02 -2.730E+02
  3.489E+01  6.996E+00  2.930E+02  0.000E+00  4.179E+02 -2.730E+02
  3.499E+01  6.975E+00  2.930E+02  0.000E+00  4.179E+02 -2.730E+02
  3.509E+01  6.957E+00  2.930E+02  0.000E+00  4.179E+02 -2.730E+02
  3.519E+01  6.941E+00  2.930E+02  0.000E+00  4.179E+02 -2.730E+02
  3.529E+01  6.927E+00  2.930E+02  0.000E+00  4.179E+02 -2.730E+02
  3.539E+01  6.916E+00  2.930E+02  0.000E+00  4.179E+02 -2.730E+02
  3.549E+01  6.907E+00  2.930E+02  0.000E+00  4.179E+02 -2.730E+02
  3.559E+01  6.900E+00  2.930E+02  0.000E+00  4.179E+02 -2.730E+02
  3.569E+01  6.894E+00  2.930E+02  0.000E+00  4.179E+02 -2.730E+02
  3.579E+01  6.891E+00  2.930E+02  0.000E+00  4.179E+02 -2.730E+02
  3.589E+01  6.889E+00  2.930E+02  0.000E+00  4.179E+02 -2.730E+02
  3.599E+01  6.889E+00  2.930E+02  0.000E+00  4.179E+02 -2.730E+02
  3.609E+01  6.891E+00  2.930E+02  0.000E+00  4.179E+02 -2.730E+02
  3.619E+01  6.894E+00  2.930E+02  0.000E+00  4.179E+02 -2.730E+02
  3.629E+01  6.899E+00  2.930E+02  0.000E+00  4.179E+02 -2.730E+02
  3.639E+01  6.905E+00  2.930E+02  0.000E+00  4.179E+02 -2.730E+02
  3.649E+01  6.912E+00  2.930E+02  0.000E+00  4.179E+02 -2.730E+02
  3.659E+01  6.919E+00  2.930E+02  0.000E+00  4.179E+02 -2.730E+02
  3.669E+01  6.928E+00  2.930E+02  0.000E+00  4.179E+02 -2.730E+02
  3.679E+01  6.938E+00  2.930E+02  0.000E+00  4.179E+02 -2.730E+02
  3.689E+01  6.948E+00  2.930E+02  0.000E+00  4.179E+02 -2.730E+02
  3.699E+01  6.959E+00  2.930E+02  0.000E+00  4.179E+02 -2.730E+02
  3.709E+01  6.970E+00  2.930E+02  0.000E+00  4.179E+02 -2.730E+02
  3.719E+01  6.982E+00  2.930E+02  0.000E+00  4.179E+02 -2.730E+02
  3.729E+01  6.993E+00  2.930E+02  0.000E+00  4.179E+02 -2.730E+02
  3.739E+01  7.004E+00  2.930E+02  0.000E+00  4.179E+02 -2.730E+02
  3.749E+01  7.015E+00  2.930E+02  0.000E+00  4.179E+02 -2.730E+02
  3.759E+01  7.026E+00  2.930E+02  0.000E+00  4.179E+02 -2.730E+02
  3.769E+01  7.037E+00  2.930E+02  0.000E+00  4.179E+02 -2.730E+02
  3.779E+01  7.047E+00  2.930E+02  0.000E+00  4.179E+02 -2.730E+02
  3.789E+01  7.057E+00  2.930E+02  0.000E+00  4.179E+02 -2.730E+02
  3.799E+01  7.067E+00  2.930E+02  0.000E+00  4.179E+02 -2.730E+02
  3.809E+01  7.076E+00  2.930E+02  0.000E+00  4.179E+02 -2.730E+02
  3.819E+01  7.085E+00  2.930E+02  0.000E+00  4.179E+02 -2.730E+02
  3.829E+01  7.094E+00  2.930E+02  0.000E+00  4.179E+02 -2.730E+02
  3.839E+01  7.102E+00  2.930E+02  0.000E+00  4.179E+02 -2.730E+02
  3.849E+01  7.110E+00  2.930E+02  0.000E+00  4.179E+02 -2.730E+02
  3.859E+01  7.118E+00  2.930E+02  0.000E+00  4.179E+02 -2.730E+02
  3.869E+01  7.125E+00  2.930E+02  0.000E+00  4.179E+02 -2.730E+02
  3.879E+01  7.132E+00  2.930E+02  0.000E+00  4.179E+02 -2.730E+02
  3.889E+01  7.139E+00  2.930E+02  0.000E+00  4.179E+02 -2.730E+02
  3.899E+01  7.145E+00  2.930E+02  0.000E+00  4.179E+02 -2.730E+02
  3.909E+01  7.151E+00  2.930E+02  0.000E+00  4.179E+02 -2.730E+02
  3.919E+01  7.156E+00  2.930E+02  0.000E+00  4.179E+02 -2.730E+02
  3.929E+01  7.161E+00  2.930E+02  0.000E+00  4.179E+02 -2.730E+02
  3.939E+01  7.165E+00  2.930E+02  0.000E+00  4.179E+02 -2.730E+02
  3.949E+01  7.167E+00  2.930E+02  0.000E+00  4.179E+02 -2.730E+02
  3.959E+01  7.169E+00  2.930E+02  0.000E+00  4.179E+02 -2.730E+02
  3.969E+01  7.170E+00  2.930E+02  0.000E+00  4.179E+02 -2.730E+02
  3.979E+01  7.171E+00  2.930E+02  0.000E+00  4.179E+02 -2.730E+02
  3.989E+01  7.170E+00  2.930E+02  0.000E+00  4.179E+02 -2.730E+02
  3.999E+01  7.168E+00  2.930E+02  0.000E+00  4.179E+02 -2.730E+02
  4.009E+01  7.166E+00  2.930E+02  0.000E+00  4.179E+02 -2.730E+02
  4.019E+01  7.162E+00  2.930E+02  0.000E+00  4.179E+02 -2.730E+02
  4.029E+01  7.158E+00  2.930E+02  0.000E+00  4.179E+02 -2.730E+02
  4.039E+01  7.154E+00  2.930E+02  0.000E+00  4.179E+02 -2.730E+02
  4.049E+01  7.148E+00  2.930E+02  0.000E+00  4.179E+02 -2.730E+02
  4.059E+01  7.142E+00  2.930E+02  0.000E+00  4.179E+02 -2.730E+02
  4.069E+01  7.135E+00  2.930E+02  0.000E+00  4.179E+02 -2.730E+02
  4.079E+01  7.128E+00  2.930E+02  0.000E+00  4.179E+02 -2.730E+02
  4.089E+01  7.119E+00  2.930E+02  0.000E+00  4.179E+02 -2.730E+02
  4.099E+01  7.111E+00  2.930E+02  0.000E+00  4.179E+02 -2.730E+02
  4.109E+01  7.101E+00  2.930E+02  0.000E+00  4.179E+02 -2.730E+02
  4.119E+01  7.091E+00  2.930E+02  0.000E+00  4.179E+02 -2.730E+02
  4.129E+01  7.080E+00  2.930E+02  0.000E+00  4.179E+02 -2.730E+02
  4.139E+01  7.068E+00  2.930E+02  0.000E+00  4.179E+02 -2.730E+02
  4.149E+01  7.056E+00  2.930E+02  0.000E+00  4.179E+02 -2.730E+02
  4.159E+01  7.044E+00  2.930E+02  0.000E+00  4.179E+02 -2.730E+02
  4.169E+01  7.030E+00  2.930E+02  0.000E+00  4.179E+02 -2.730E+02
  4.179E+01  7.017E+00  2.930E+02  0.000E+00  4.179E+02 -2.730E+02
  4.189E+01  7.003E+00  2.930E+02  0.000E+00  4.179E+02 -2.730E+02
  4.199E+01  6.988E+00  2.930E+02  0.000E+00  4.179E+02 -2.730E+02
  4.209E+01  6.974E+00  2.930E+02  0.000E+00  4.179E+02 -2.730E+02
  4.219E+01  6.959E+00  2.930E+02  0.000E+00  4.179E+02 -2.730E+02
  4.229E+01  6.943E+00  2.930E+02  0.000E+00  4.179E+02 -2.730E+02
  4.239E+01  6.928E+00  2.930E+02  0.000E+00  4.179E+02 -2.730E+02
  4.249E+01  6.911E+00  2.930E+02  0.000E+00  4.179E+02 -2.730E+02
  4.259E+01  6.895E+00  2.930E+02  0.000E+00  4.179E+02 -2.730E+02
  4.269E+01  6.877E+00  2.930E+02  0.000E+00  4.179E+02 -2.730E+02
  4.279E+01  6.860E+00  2.930E+02  0.000E+00  4.179E+02 -2.730E+02
  4.289E+01  6.841E+00  2.930E+02  0.000E+00  4.179E+02 -2.730E+02
  4.299E+01  6.822E+00  2.930E+02  0.000E+00  4.179E+02 -2.730E+02
  4.309E+01  6.803E+00  2.930E+02  0.000E+00  4.179E+02 -2.730E+02
  4.319E+01  6.782E+00  2.930E+02  0.000E+00  4.179E+02 -2.730E+02
  4.329E+01  6.761E+00  2.930E+02  0.000E+00  4.179E+02 -2.730E+02
  4.339E+01  6.739E+00  2.930E+02  0.000E+00  4.179E+02 -2.730E+02
  4.349E+01  6.716E+00  2.930E+02  0.000E+00  4.179E+02 -2.730E+02
  4.359E+01  6.692E+00  2.930E+02  0.000E+00  4.179E+02 -2.730E+02
  4.369E+01  6.667E+00  2.930E+02  0.000E+00  4.179E+02 -2.730E+02
  4.379E+01  6.642E+00  2.930E+02  0.000E+00  4.179E+02 -2.730E+02
  4.389E+01  6.616E+00  2.930E+02  0.000E+00  4.179E+02 -2.730E+02
  4.399E+01  6.589E+00  2.930E+02  0.000E+00  4.179E+02 -2.730E+02
  4.409E+01  6.562E+00  2.930E+02  0.000E+00  4.179E+02 -2.730E+02
  4.419E+01  6.535E+00  2.930E+02  0.000E+00  4.179E+02 -2.730E+02
  4.429E+01  6.507E+00  2.930E+02  0.000E+00  4.179E+02 -2.730E+02
  4.439E+01  6.479E+00  2.930E+02  0.000E+00  4.179E+02 -2.730E+02
  4.449E+01  6.451E+00  2.930E+02  0.000E+00  4.179E+02 -2.730E+02
  4.459E+01  6.423E+00  2.930E+02  0.000E+00  4.179E+02 -2.730E+02
  4.469E+01  6.394E+00  2.930E+02  0.000E+00  4.179E+02 -2.730E+02
  4.479E+01  6.366E+00  2.930E+02  0.000E+00  4.179E+02 -2.730E+02
  4.489E+01  6.337E+00  2.930E+02  0.000E+00  4.179E+02 -2.730E+02
  4.499E+01  6.308E+00  2.930E+02  0.000E+00  4.179E+02 -2.730E+02
  4.509E+01  6.280E+00  2.930E+02  0.000E+00  4.179E+02 -2.730E+02
  4.519E+01  6.251E+00  2.930E+02  0.000E+00  4.179E+02 -2.730E+02
  4.529E+01  6.222E+00  2.930E+02  0.000E+00  4.179E+02 -2.730E+02
  4.539E+01  6.193E+00  2.930E+02  0.000E+00  4.179E+02 -2.730E+02
  4.549E+01  6.164E+00  2.930E+02  0.000E+00  4.179E+02 -2.730E+02
  4.559E+01  6.136E+00  2.930E+02  0.000E+00  4.179E+02 -2.730E+02
  4.569E+01  6.107E+00  2.930E+02  0.000E+00  4.179E+02 -2.730E+02
  4.579E+01  6.078E+00  2.930E+02  0.000E+00  4.179E+02 -2.730E+02
  4.589E+01  6.050E+00  2.930E+02  0.000E+00  4.179E+02 -2.730E+02
  4.599E+01  6.022E+00  2.930E+02  0.000E+00  4.179E+02 -2.730E+02
  4.609E+01  5.994E+00  2.930E+02  0.000E+00  4.179E+02 -2.730E+02
  4.619E+01  5.966E+00  2.930E+02  0.000E+00  4.179E+02 -2.730E+02
  4.629E+01  5.938E+00  2.930E+02  0.000E+00  4.179E+02 -2.730E+02
  4.639E+01  5.911E+00  2.930E+02  0.000E+00  4.179E+02 -2.730E+02
  4.649E+01  5.884E+00  2.930E+02  0.000E+00  4.179E+02 -2.730E+02
  4.659E+01  5.857E+00  2.930E+02  0.000E+00  4.179E+02 -2.730E+02
  4.669E+01  5.831E+00  2.930E+02  0.000E+00  4.179E+02 -2.730E+02
  4.679E+01  5.805E+00  2.930E+02  0.000E+00  4.179E+02 -2.730E+02
  4.689E+01  5.780E+00  2.930E+02  0.000E+00  4.179E+02 -2.730E+02
  4.699E+01  5.755E+00  2.930E+02  0.000E+00  4.179E+02 -2.730E+02
  4.709E+01  5.731E+00  2.930E+02  0.000E+00  4.179E+02 -2.730E+02
  4.719E+01  5.707E+00  2.930E+02  0.000E+00  4.179E+02 -2.730E+02
  4.729E+01  5.684E+00  2.930E+02  0.000E+00  4.179E+02 -2.730E+02
  4.739E+01  5.662E+00  2.930E+02  0.000E+00  4.179E+02 -2.730E+02
  4.749E+01  5.640E+00  2.930E+02  0.000E+00  4.179E+02 -2.730E+02
  4.759E+01  5.620E+00  2.930E+02  0.000E+00  4.179E+02 -2.730E+02
  4.769E+01  5.600E+00  2.930E+02  0.000E+00  4.179E+02 -2.730E+02
  4.779E+01  5.580E+00  2.930E+02  0.000E+00  4.179E+02 -2.730E+02
  4.789E+01  5.562E+00  2.930E+02  0.000E+00  4.179E+02 -2.730E+02
  4.799E+01  5.545E+00  2.930E+02  0.000E+00  4.179E+02 -2.730E+02
  4.809E+01  5.528E+00  2.930E+02  0.000E+00  4.179E+02 -2.730E+02
  4.819E+01  5.513E+00  2.930E+02  0.000E+00  4.179E+02 -2.730E+02
  4.829E+01  5.498E+00  2.930E+02  0.000E+00  4.179E+02 -2.730E+02
  4.839E+01  5.484E+00  2.930E+02  0.000E+00  4.179E+02 -2.730E+02
  4.849E+01  5.471E+00  2.930E+02  0.000E+00  4.179E+02 -2.730E+02
  4.859E+01  5.458E+00  2.930E+02  0.000E+00  4.179E+02 -2.730E+02
  4.869E+01  5.447E+00  2.930E+02  0.000E+00  4.179E+02 -2.730E+02
  4.879E+01  5.437E+00  2.930E+02  0.000E+00  4.179E+02 -2.730E+02
  4.889E+01  5.427E+00  2.930E+02  0.000E+00  4.179E+02 -2.730E+02
  4.899E+01  5.419E+00  2.930E+02  0.000E+00  4.179E+02 -2.730E+02
  4.909E+01  5.411E+00  2.930E+02  0.000E+00  4.179E+02 -2.730E+02
  4.919E+01  5.404E+00  2.930E+02  0.000E+00  4.179E+02 -2.730E+02
  4.929E+01  5.399E+00  2.930E+02  0.000E+00  4.179E+02 -2.730E+02
  4.939E+01  5.394E+00  2.930E+02  0.000E+00  4.179E+02 -2.730E+02
  4.949E+01  5.389E+00  2.930E+02  0.000E+00  4.179E+02 -2.730E+02
  4.959E+01  5.386E+00  2.930E+02  0.000E+00  4.179E+02 -2.730E+02
  4.969E+01  5.383E+00  2.930E+02  0.000E+00  4.179E+02 -2.730E+02
  4.979E+01  5.382E+00  2.930E+02  0.000E+00  4.179E+02 -2.730E+02
  4.989E+01  5.381E+00  2.930E+02  0.000E+00  4.179E+02 -2.730E+02
  4.999E+01  5.380E+00  2.930E+02  0.000E+00  4.179E+02 -2.730E+02
  5.009E+01  5.381E+00  2.930E+02  0.000E+00  4.179E+02 -2.730E+02
  5.019E+01  5.382E+00  2.930E+02  0.000E+00  4.179E+02 -2.730E+02
  5.029E+01  5.383E+00  2.930E+02  0.000E+00  4.179E+02 -2.730E+02
  5.039E+01  5.385E+00  2.930E+02  0.000E+00  4.179E+02 -2.730E+02
  5.049E+01  5.388E+00  2.930E+02  0.000E+00  4.179E+02 -2.730E+02
  5.059E+01  5.391E+00  2.930E+02  0.000E+00  4.179E+02 -2.730E+02
  5.069E+01  5.395E+00  2.930E+02  0.000E+00  4.179E+02 -2.730E+02
  5.079E+01  5.399E+00  2.930E+02  0.000E+00  4.179E+02 -2.730E+02
  5.089E+01  5.404E+00  2.930E+02  0.000E+00  4.179E+02 -2.730E+02
  5.099E+01  5.409E+00  2.930E+02  0.000E+00  4.179E+02 -2.730E+02
  5.109E+01  5.414E+00  2.930E+02  0.000E+00  4.179E+02 -2.730E+02
  5.119E+01  5.419E+00  2.930E+02  0.000E+00  4.179E+02 -2.730E+02
  5.129E+01  5.425E+00  2.930E+02  0.000E+00  4.179E+02 -2.730E+02
  5.139E+01  5.431E+00  2.930E+02  0.000E+00  4.179E+02 -2.730E+02
  5.149E+01  5.437E+00  2.930E+02  0.000E+00  4.179E+02 -2.730E+02
  5.159E+01  5.444E+00  2.930E+02  0.000E+00  4.179E+02 -2.730E+02
  5.169E+01  5.450E+00  2.930E+02  0.000E+00  4.179E+02 -2.730E+02
  5.179E+01  5.456E+00  2.930E+02  0.000E+00  4.179E+02 -2.730E+02
  5.189E+01  5.462E+00  2.930E+02  0.000E+00  4.179E+02 -2.730E+02
  5.199E+01  5.468E+00  2.930E+02  0.000E+00  4.179E+02 -2.730E+02
  5.209E+01  5.474E+00  2.930E+02  0.000E+00  4.179E+02 -2.730E+02
  5.219E+01  5.480E+00  2.930E+02  0.000E+00  4.179E+02 -2.730E+02
  5.229E+01  5.486E+00  2.930E+02  0.000E+00  4.179E+02 -2.730E+02
  5.239E+01  5.492E+00  2.930E+02  0.000E+00  4.179E+02 -2.730E+02
  5.249E+01  5.497E+00  2.930E+02  0.000E+00  4.179E+02 -2.730E+02
  5.259E+01  5.503E+00  2.930E+02  0.000E+00  4.179E+02 -2.730E+02
  5.269E+01  5.508E+00  2.930E+02  0.000E+00  4.179E+02 -2.730E+02
  5.279E+01  5.513E+00  2.930E+02  0.000E+00  4.179E+02 -2.730E+02
  5.289E+01  5.518E+00  2.930E+02  0.000E+00  4.179E+02 -2.730E+02
  5.299E+01  5.523E+00  2.930E+02  0.000E+00  4.179E+02 -2.730E+02
  5.309E+01  5.527E+00  2.930E+02  0.000E+00  4.179E+02 -2.730E+02
  5.319E+01  5.531E+00  2.930E+02  0.000E+00  4.179E+02 -2.730E+02
  5.329E+01  5.535E+00  2.930E+02  0.000E+00  4.179E+02 -2.730E+02
  5.339E+01  5.539E+00  2.930E+02  0.000E+00  4.179E+02 -2.730E+02
  5.349E+01  5.542E+00  2.930E+02  0.000E+00  4.179E+02 -2.730E+02
  5.359E+01  5.545E+00  2.930E+02  0.000E+00  4.179E+02 -2.730E+02
  5.369E+01  5.547E+00  2.930E+02  0.000E+00  4.179E+02 -2.730E+02
  5.379E+01  5.550E+00  2.930E+02  0.000E+00  4.179E+02 -2.730E+02
  5.389E+01  5.551E+00  2.930E+02  0.000E+00  4.179E+02 -2.730E+02
  5.399E+01  5.553E+00  2.930E+02  0.000E+00  4.179E+02 -2.730E+02
  5.409E+01  5.554E+00  2.930E+02  0.000E+00  4.179E+02 -2.730E+02
  5.419E+01  5.554E+00  2.930E+02  0.000E+00  4.179E+02 -2.730E+02
  5.429E+01  5.555E+00  2.930E+02  0.000E+00  4.179E+02 -2.730E+02
  5.439E+01  5.554E+00  2.930E+02  0.000E+00  4.179E+02 -2.730E+02
  5.449E+01  5.554E+00  2.930E+02  0.000E+00  4.179E+02 -2.730E+02
  5.459E+01  5.553E+00  2.930E+02  0.000E+00  4.179E+02 -2.730E+02
  5.469E+01  5.551E+00  2.930E+02  0.000E+00  4.179E+02 -2.730E+02
  5.479E+01  5.549E+00  2.930E+02  0.000E+00  4.179E+02 -2.730E+02
  5.489E+01  5.546E+00  2.930E+02  0.000E+00  4.179E+02 -2.730E+02
  5.499E+01  5.543E+00  2.930E+02  0.000E+00  4.179E+02 -2.730E+02
  5.509E+01  5.540E+00  2.930E+02  0.000E+00  4.179E+02 -2.730E+02
  5.519E+01  5.536E+00  2.930E+02  0.000E+00  4.179E+02 -2.730E+02
  5.529E+01  5.531E+00  2.930E+02  0.000E+00  4.179E+02 -2.730E+02
  5.539E+01  5.526E+00  2.930E+02  0.000E+00  4.179E+02 -2.730E+02
  5.549E+01  5.520E+00  2.930E+02  0.000E+00  4.179E+02 -2.730E+02
  5.559E+01  5.513E+00  2.930E+02  0.000E+00  4.179E+02 -2.730E+02
  5.569E+01  5.506E+00  2.930E+02  0.000E+00  4.179E+02 -2.730E+02
  5.579E+01  5.499E+00  2.930E+02  0.000E+00  4.179E+02 -2.730E+02
  5.589E+01  5.490E+00  2.930E+02  0.000E+00  4.179E+02 -2.730E+02
  5.599E+01  5.482E+00  2.930E+02  0.000E+00  4.179E+02 -2.730E+02
  5.609E+01  5.472E+00  2.930E+02  0.000E+00  4.179E+02 -2.730E+02
  5.619E+01  5.463E+00  2.930E+02  0.000E+00  4.179E+02 -2.730E+02
  5.629E+01  5.452E+00  2.930E+02  0.000E+00  4.179E+02 -2.730E+02
  5.639E+01  5.441E+00  2.930E+02  0.000E+00  4.179E+02 -2.730E+02
  5.649E+01  5.430E+00  2.930E+02  0.000E+00  4.179E+02 -2.730E+02
  5.659E+01  5.418E+00  2.930E+02  0.000E+00  4.179E+02 -2.730E+02
  5.669E+01  5.405E+00  2.930E+02  0.000E+00  4.179E+02 -2.730E+02
  5.679E+01  5.392E+00  2.930E+02  0.000E+00  4.179E+02 -2.730E+02
  5.689E+01  5.379E+00  2.930E+02  0.000E+00  4.179E+02 -2.730E+02
  5.699E+01  5.365E+00  2.930E+02  0.000E+00  4.179E+02 -2.730E+02
  5.709E+01  5.351E+00  2.930E+02  0.000E+00  4.179E+02 -2.730E+02
  5.719E+01  5.336E+00  2.930E+02  0.000E+00  4.179E+02 -2.730E+02
  5.729E+01  5.320E+00  2.930E+02  0.000E+00  4.179E+02 -2.730E+02
  5.739E+01  5.305E+00  2.930E+02  0.000E+00  4.179E+02 -2.730E+02
  5.749E+01  5.288E+00  2.930E+02  0.000E+00  4.179E+02 -2.730E+02
  5.759E+01  5.272E+00  2.930E+02  0.000E+00  4.179E+02 -2.730E+02
  5.769E+01  5.255E+00  2.930E+02  0.000E+00  4.179E+02 -2.730E+02
  5.779E+01  5.237E+00  2.930E+02  0.000E+00  4.179E+02 -2.730E+02
  5.789E+01  5.219E+00  2.930E+02  0.000E+00  4.179E+02 -2.730E+02
  5.799E+01  5.201E+00  2.930E+02  0.000E+00  4.179E+02 -2.730E+02
  5.809E+01  5.183E+00  2.930E+02  0.000E+00  4.179E+02 -2.730E+02
  5.819E+01  5.164E+00  2.930E+02  0.000E+00  4.179E+02 -2.730E+02
  5.829E+01  5.145E+00  2.930E+02  0.000E+00  4.179E+02 -2.730E+02
  5.839E+01  5.125E+00  2.930E+02  0.000E+00  4.179E+02 -2.730E+02
  5.849E+01  5.106E+00  2.930E+02  0.000E+00  4.179E+02 -2.730E+02
  5.859E+01  5.086E+00  2.930E+02  0.000E+00  4.179E+02 -2.730E+02
  5.869E+01  5.066E+00  2.930E+02  0.000E+00  4.179E+02 -2.730E+02
  5.879E+01  5.045E+00  2.930E+02  0.000E+00  4.179E+02 -2.730E+02
  5.889E+01  5.024E+00  2.930E+02  0.000E+00  4.179E+02 -2.730E+02
  5.899E+01  5.004E+00  2.930E+02  0.000E+00  4.179E+02 -2.730E+02
  5.909E+01  4.983E+00  2.930E+02  0.000E+00  4.179E+02 -2.730E+02
  5.919E+01  4.962E+00  2.930E+02  0.000E+00  4.179E+02 -2.730E+02
  5.929E+01  4.940E+00  2.930E+02  0.000E+00  4.179E+02 -2.730E+02
  5.939E+01  4.919E+00  2.930E+02  0.000E+00  4.179E+02 -2.730E+02
  5.949E+01  4.898E+00  2.930E+02  0.000E+00  4.179E+02 -2.730E+02
  5.959E+01  4.877E+00  2.930E+02  0.000E+00  4.179E+02 -2.730E+02
  5.969E+01  4.855E+00  2.930E+02  0.000E+00  4.179E+02 -2.730E+02
  5.979E+01  4.834E+00  2.930E+02  0.000E+00  4.179E+02 -2.730E+02
  5.989E+01  4.813E+00  2.930E+02  0.000E+00  4.179E+02 -2.730E+02
  5.999E+01  4.793E+00  2.930E+02  0.000E+00  4.179E+02 -2.730E+02
  6.009E+01  4.772E+00  2.930E+02  0.000E+00  4.179E+02 -2.730E+02
