 X( 21)=-4.6481E+01     Y(  9)=-1.9679E+02     Z( 14)= 4.8577E+01

       TIME  Velocity   Temperatur CH4        Max radiat Solid Temp
  1.000E-03  1.924E+01  2.930E+02  0.000E+00  4.179E+02 -2.730E+02
  2.100E-03  1.924E+01  2.930E+02  0.000E+00  4.179E+02 -2.730E+02
  3.100E-03  1.924E+01  2.930E+02  0.000E+00  4.179E+02 -2.730E+02
  4.144E-03  1.923E+01  2.930E+02  0.000E+00  4.179E+02 -2.730E+02
  5.274E-03  1.921E+01  2.930E+02  0.000E+00  4.179E+02 -2.730E+02
  6.518E-03  1.915E+01  2.930E+02  0.000E+00  4.179E+02 -2.730E+02
  7.885E-03  1.913E+01  2.930E+02  0.000E+00  4.179E+02 -2.730E+02
  9.389E-03  1.914E+01  2.930E+02  0.000E+00  4.179E+02 -2.730E+02
  1.104E-02  1.915E+01  2.930E+02  0.000E+00  4.179E+02 -2.730E+02
  1.286E-02  1.915E+01  2.930E+02  0.000E+00  4.179E+02 -2.730E+02
  1.487E-02  1.914E+01  2.930E+02  0.000E+00  4.179E+02 -2.730E+02
  1.707E-02  1.914E+01  2.930E+02  0.000E+00  4.179E+02 -2.730E+02
  1.949E-02  1.914E+01  2.930E+02  0.000E+00  4.179E+02 -2.730E+02
  2.216E-02  1.914E+01  2.930E+02  0.000E+00  4.179E+02 -2.730E+02
  2.509E-02  1.914E+01  2.930E+02  0.000E+00  4.179E+02 -2.730E+02
  2.831E-02  1.914E+01  2.930E+02  0.000E+00  4.179E+02 -2.730E+02
  3.186E-02  1.914E+01  2.930E+02  0.000E+00  4.179E+02 -2.730E+02
  3.576E-02  1.915E+01  2.930E+02  0.000E+00  4.179E+02 -2.730E+02
  4.005E-02  1.915E+01  2.930E+02  0.000E+00  4.179E+02 -2.730E+02
  4.477E-02  1.915E+01  2.930E+02  0.000E+00  4.179E+02 -2.730E+02
  4.997E-02  1.915E+01  2.930E+02  0.000E+00  4.179E+02 -2.730E+02
  5.568E-02  1.914E+01  2.930E+02  0.000E+00  4.179E+02 -2.730E+02
  6.196E-02  1.914E+01  2.930E+02  0.000E+00  4.179E+02 -2.730E+02
  6.887E-02  1.914E+01  2.930E+02  0.000E+00  4.179E+02 -2.730E+02
  7.648E-02  1.913E+01  2.930E+02  0.000E+00  4.179E+02 -2.730E+02
  8.484E-02  1.913E+01  2.930E+02  0.000E+00  4.179E+02 -2.730E+02
  9.404E-02  1.913E+01  2.930E+02  0.000E+00  4.179E+02 -2.730E+02
  1.042E-01  1.913E+01  2.930E+02  0.000E+00  4.179E+02 -2.730E+02
  1.153E-01  1.913E+01  2.930E+02  0.000E+00  4.179E+02 -2.730E+02
  1.275E-01  1.913E+01  2.930E+02  0.000E+00  4.179E+02 -2.730E+02
  1.410E-01  1.913E+01  2.930E+02  0.000E+00  4.179E+02 -2.730E+02
  1.558E-01  1.913E+01  2.930E+02  0.000E+00  4.179E+02 -2.730E+02
  1.721E-01  1.913E+01  2.930E+02  0.000E+00  4.179E+02 -2.730E+02
  1.900E-01  1.913E+01  2.930E+02  0.000E+00  4.179E+02 -2.730E+02
  2.098E-01  1.913E+01  2.930E+02  0.000E+00  4.179E+02 -2.730E+02
  2.315E-01  1.913E+01  2.930E+02  0.000E+00  4.179E+02 -2.730E+02
  2.553E-01  1.912E+01  2.930E+02  0.000E+00  4.179E+02 -2.730E+02
  2.816E-01  1.912E+01  2.930E+02  0.000E+00  4.179E+02 -2.730E+02
  3.104E-01  1.912E+01  2.930E+02  0.000E+00  4.179E+02 -2.730E+02
  3.422E-01  1.911E+01  2.930E+02  0.000E+00  4.179E+02 -2.730E+02
  3.771E-01  1.911E+01  2.930E+02  0.000E+00  4.179E+02 -2.730E+02
  4.156E-01  1.911E+01  2.930E+02  0.000E+00  4.179E+02 -2.730E+02
  4.578E-01  1.910E+01  2.930E+02  0.000E+00  4.179E+02 -2.730E+02
  5.043E-01  1.910E+01  2.930E+02  0.000E+00  4.179E+02 -2.730E+02
  5.555E-01  1.910E+01  2.930E+02  0.000E+00  4.179E+02 -2.730E+02
  6.118E-01  1.909E+01  2.930E+02  0.000E+00  4.179E+02 -2.730E+02
  6.736E-01  1.909E+01  2.930E+02  0.000E+00  4.179E+02 -2.730E+02
  7.417E-01  1.909E+01  2.930E+02  0.000E+00  4.179E+02 -2.730E+02
  8.166E-01  1.909E+01  2.930E+02  0.000E+00  4.179E+02 -2.730E+02
  8.990E-01  1.908E+01  2.930E+02  0.000E+00  4.179E+02 -2.730E+02
  9.896E-01  1.908E+01  2.930E+02  0.000E+00  4.179E+02 -2.730E+02
  1.089E+00  1.907E+01  2.930E+02  0.000E+00  4.179E+02 -2.730E+02
  1.189E+00  1.907E+01  2.930E+02  0.000E+00  4.179E+02 -2.730E+02
  1.289E+00  1.907E+01  2.930E+02  0.000E+00  4.179E+02 -2.730E+02
  1.389E+00  1.906E+01  2.930E+02  0.000E+00  4.179E+02 -2.730E+02
  1.489E+00  1.906E+01  2.930E+02  0.000E+00  4.179E+02 -2.730E+02
  1.589E+00  1.906E+01  2.930E+02  0.000E+00  4.179E+02 -2.730E+02
  1.689E+00  1.905E+01  2.930E+02  0.000E+00  4.179E+02 -2.730E+02
  1.789E+00  1.905E+01  2.930E+02  0.000E+00  4.179E+02 -2.730E+02
  1.889E+00  1.904E+01  2.930E+02  0.000E+00  4.179E+02 -2.730E+02
  1.989E+00  1.904E+01  2.930E+02  0.000E+00  4.179E+02 -2.730E+02
  2.089E+00  1.904E+01  2.930E+02  0.000E+00  4.179E+02 -2.730E+02
  2.189E+00  1.903E+01  2.930E+02  0.000E+00  4.179E+02 -2.730E+02
  2.289E+00  1.903E+01  2.930E+02  0.000E+00  4.179E+02 -2.730E+02
  2.389E+00  1.902E+01  2.930E+02  0.000E+00  4.179E+02 -2.730E+02
  2.489E+00  1.902E+01  2.930E+02  0.000E+00  4.179E+02 -2.730E+02
  2.589E+00  1.902E+01  2.930E+02  0.000E+00  4.179E+02 -2.730E+02
  2.689E+00  1.901E+01  2.930E+02  0.000E+00  4.179E+02 -2.730E+02
  2.789E+00  1.901E+01  2.930E+02  0.000E+00  4.179E+02 -2.730E+02
  2.889E+00  1.901E+01  2.930E+02  0.000E+00  4.179E+02 -2.730E+02
  2.989E+00  1.900E+01  2.930E+02  0.000E+00  4.179E+02 -2.730E+02
  3.089E+00  1.900E+01  2.930E+02  0.000E+00  4.179E+02 -2.730E+02
  3.189E+00  1.900E+01  2.930E+02  0.000E+00  4.179E+02 -2.730E+02
  3.289E+00  1.899E+01  2.930E+02  0.000E+00  4.179E+02 -2.730E+02
  3.389E+00  1.899E+01  2.930E+02  0.000E+00  4.179E+02 -2.730E+02
  3.489E+00  1.899E+01  2.930E+02  0.000E+00  4.179E+02 -2.730E+02
  3.589E+00  1.898E+01  2.930E+02  0.000E+00  4.179E+02 -2.730E+02
  3.689E+00  1.898E+01  2.930E+02  0.000E+00  4.179E+02 -2.730E+02
  3.789E+00  1.898E+01  2.930E+02  0.000E+00  4.179E+02 -2.730E+02
  3.889E+00  1.897E+01  2.930E+02  0.000E+00  4.179E+02 -2.730E+02
  3.989E+00  1.897E+01  2.930E+02  0.000E+00  4.179E+02 -2.730E+02
  4.089E+00  1.897E+01  2.930E+02  0.000E+00  4.179E+02 -2.730E+02
  4.189E+00  1.896E+01  2.930E+02  0.000E+00  4.179E+02 -2.730E+02
  4.289E+00  1.896E+01  2.930E+02  0.000E+00  4.179E+02 -2.730E+02
  4.389E+00  1.896E+01  2.930E+02  0.000E+00  4.179E+02 -2.730E+02
  4.489E+00  1.895E+01  2.930E+02  0.000E+00  4.179E+02 -2.730E+02
  4.589E+00  1.895E+01  2.930E+02  0.000E+00  4.179E+02 -2.730E+02
  4.689E+00  1.895E+01  2.930E+02  0.000E+00  4.179E+02 -2.730E+02
  4.789E+00  1.894E+01  2.930E+02  0.000E+00  4.179E+02 -2.730E+02
  4.889E+00  1.894E+01  2.930E+02  0.000E+00  4.179E+02 -2.730E+02
  4.989E+00  1.894E+01  2.930E+02  0.000E+00  4.179E+02 -2.730E+02
  5.089E+00  1.893E+01  2.930E+02  0.000E+00  4.179E+02 -2.730E+02
  5.189E+00  1.893E+01  2.930E+02  0.000E+00  4.179E+02 -2.730E+02
  5.289E+00  1.892E+01  2.930E+02  0.000E+00  4.179E+02 -2.730E+02
  5.389E+00  1.892E+01  2.930E+02  0.000E+00  4.179E+02 -2.730E+02
  5.489E+00  1.892E+01  2.930E+02  0.000E+00  4.179E+02 -2.730E+02
  5.589E+00  1.891E+01  2.930E+02  0.000E+00  4.179E+02 -2.730E+02
  5.689E+00  1.891E+01  2.930E+02  0.000E+00  4.179E+02 -2.730E+02
  5.789E+00  1.891E+01  2.930E+02  0.000E+00  4.179E+02 -2.730E+02
  5.889E+00  1.890E+01  2.930E+02  0.000E+00  4.179E+02 -2.730E+02
  5.989E+00  1.890E+01  2.930E+02  0.000E+00  4.179E+02 -2.730E+02
  6.089E+00  1.889E+01  2.930E+02  0.000E+00  4.179E+02 -2.730E+02
  6.189E+00  1.889E+01  2.930E+02  0.000E+00  4.179E+02 -2.730E+02
  6.289E+00  1.888E+01  2.930E+02  0.000E+00  4.179E+02 -2.730E+02
  6.389E+00  1.888E+01  2.930E+02  0.000E+00  4.179E+02 -2.730E+02
  6.489E+00  1.888E+01  2.930E+02  0.000E+00  4.179E+02 -2.730E+02
  6.589E+00  1.887E+01  2.930E+02  0.000E+00  4.179E+02 -2.730E+02
  6.689E+00  1.887E+01  2.930E+02  0.000E+00  4.179E+02 -2.730E+02
  6.789E+00  1.886E+01  2.930E+02  0.000E+00  4.179E+02 -2.730E+02
  6.889E+00  1.886E+01  2.930E+02  0.000E+00  4.179E+02 -2.730E+02
  6.989E+00  1.885E+01  2.930E+02  0.000E+00  4.179E+02 -2.730E+02
  7.089E+00  1.885E+01  2.930E+02  0.000E+00  4.179E+02 -2.730E+02
  7.189E+00  1.885E+01  2.930E+02  0.000E+00  4.179E+02 -2.730E+02
  7.289E+00  1.884E+01  2.930E+02  0.000E+00  4.179E+02 -2.730E+02
  7.389E+00  1.884E+01  2.930E+02  0.000E+00  4.179E+02 -2.730E+02
  7.489E+00  1.883E+01  2.930E+02  0.000E+00  4.179E+02 -2.730E+02
  7.589E+00  1.883E+01  2.930E+02  0.000E+00  4.179E+02 -2.730E+02
  7.689E+00  1.882E+01  2.930E+02  0.000E+00  4.179E+02 -2.730E+02
  7.789E+00  1.882E+01  2.930E+02  0.000E+00  4.179E+02 -2.730E+02
  7.889E+00  1.881E+01  2.930E+02  0.000E+00  4.179E+02 -2.730E+02
  7.989E+00  1.881E+01  2.930E+02  0.000E+00  4.179E+02 -2.730E+02
  8.089E+00  1.880E+01  2.930E+02  0.000E+00  4.179E+02 -2.730E+02
  8.189E+00  1.880E+01  2.930E+02  0.000E+00  4.179E+02 -2.730E+02
  8.289E+00  1.879E+01  2.930E+02  0.000E+00  4.179E+02 -2.730E+02
  8.389E+00  1.879E+01  2.930E+02  0.000E+00  4.179E+02 -2.730E+02
  8.489E+00  1.878E+01  2.930E+02  0.000E+00  4.179E+02 -2.730E+02
  8.589E+00  1.877E+01  2.930E+02  0.000E+00  4.179E+02 -2.730E+02
  8.689E+00  1.877E+01  2.930E+02  0.000E+00  4.179E+02 -2.730E+02
  8.789E+00  1.876E+01  2.930E+02  0.000E+00  4.179E+02 -2.730E+02
  8.889E+00  1.876E+01  2.930E+02  0.000E+00  4.179E+02 -2.730E+02
  8.989E+00  1.875E+01  2.930E+02  0.000E+00  4.179E+02 -2.730E+02
  9.089E+00  1.875E+01  2.930E+02  0.000E+00  4.179E+02 -2.730E+02
  9.189E+00  1.874E+01  2.930E+02  0.000E+00  4.179E+02 -2.730E+02
  9.289E+00  1.873E+01  2.930E+02  0.000E+00  4.179E+02 -2.730E+02
  9.389E+00  1.873E+01  2.930E+02  0.000E+00  4.179E+02 -2.730E+02
  9.489E+00  1.872E+01  2.930E+02  0.000E+00  4.179E+02 -2.730E+02
  9.589E+00  1.872E+01  2.930E+02  0.000E+00  4.179E+02 -2.730E+02
  9.689E+00  1.871E+01  2.930E+02  0.000E+00  4.179E+02 -2.730E+02
  9.789E+00  1.870E+01  2.930E+02  0.000E+00  4.179E+02 -2.730E+02
  9.889E+00  1.870E+01  2.930E+02  0.000E+00  4.179E+02 -2.730E+02
  9.989E+00  1.869E+01  2.930E+02  0.000E+00  4.179E+02 -2.730E+02
  1.009E+01  1.868E+01  2.930E+02  0.000E+00  4.179E+02 -2.730E+02
  1.019E+01  1.868E+01  2.930E+02  0.000E+00  4.179E+02 -2.730E+02
  1.029E+01  1.867E+01  2.930E+02  0.000E+00  4.179E+02 -2.730E+02
  1.039E+01  1.866E+01  2.930E+02  0.000E+00  4.179E+02 -2.730E+02
  1.049E+01  1.866E+01  2.930E+02  0.000E+00  4.179E+02 -2.730E+02
  1.059E+01  1.865E+01  2.930E+02  0.000E+00  4.179E+02 -2.730E+02
  1.069E+01  1.864E+01  2.930E+02  0.000E+00  4.179E+02 -2.730E+02
  1.079E+01  1.864E+01  2.930E+02  0.000E+00  4.179E+02 -2.730E+02
  1.089E+01  1.863E+01  2.930E+02  0.000E+00  4.179E+02 -2.730E+02
  1.099E+01  1.862E+01  2.930E+02  0.000E+00  4.179E+02 -2.730E+02
  1.109E+01  1.862E+01  2.930E+02  0.000E+00  4.179E+02 -2.730E+02
  1.119E+01  1.861E+01  2.930E+02  0.000E+00  4.179E+02 -2.730E+02
  1.129E+01  1.860E+01  2.930E+02  0.000E+00  4.179E+02 -2.730E+02
  1.139E+01  1.860E+01  2.930E+02  0.000E+00  4.179E+02 -2.730E+02
  1.149E+01  1.859E+01  2.930E+02  0.000E+00  4.179E+02 -2.730E+02
  1.159E+01  1.859E+01  2.930E+02  0.000E+00  4.179E+02 -2.730E+02
  1.169E+01  1.858E+01  2.930E+02  0.000E+00  4.179E+02 -2.730E+02
  1.179E+01  1.857E+01  2.930E+02  0.000E+00  4.179E+02 -2.730E+02
  1.189E+01  1.857E+01  2.930E+02  0.000E+00  4.179E+02 -2.730E+02
  1.199E+01  1.856E+01  2.930E+02  0.000E+00  4.179E+02 -2.730E+02
  1.209E+01  1.856E+01  2.930E+02  0.000E+00  4.179E+02 -2.730E+02
  1.219E+01  1.855E+01  2.930E+02  0.000E+00  4.179E+02 -2.730E+02
  1.229E+01  1.855E+01  2.930E+02  0.000E+00  4.179E+02 -2.730E+02
  1.239E+01  1.854E+01  2.930E+02  0.000E+00  4.179E+02 -2.730E+02
  1.249E+01  1.854E+01  2.930E+02  0.000E+00  4.179E+02 -2.730E+02
  1.259E+01  1.853E+01  2.930E+02  0.000E+00  4.179E+02 -2.730E+02
  1.269E+01  1.853E+01  2.930E+02  0.000E+00  4.179E+02 -2.730E+02
  1.279E+01  1.853E+01  2.930E+02  0.000E+00  4.179E+02 -2.730E+02
  1.289E+01  1.852E+01  2.930E+02  0.000E+00  4.179E+02 -2.730E+02
  1.299E+01  1.852E+01  2.930E+02  0.000E+00  4.179E+02 -2.730E+02
  1.309E+01  1.852E+01  2.930E+02  0.000E+00  4.179E+02 -2.730E+02
  1.319E+01  1.851E+01  2.930E+02  0.000E+00  4.179E+02 -2.730E+02
  1.329E+01  1.851E+01  2.930E+02  0.000E+00  4.179E+02 -2.730E+02
  1.339E+01  1.851E+01  2.930E+02  0.000E+00  4.179E+02 -2.730E+02
  1.349E+01  1.851E+01  2.930E+02  0.000E+00  4.179E+02 -2.730E+02
  1.359E+01  1.851E+01  2.930E+02  0.000E+00  4.179E+02 -2.730E+02
  1.369E+01  1.851E+01  2.930E+02  0.000E+00  4.179E+02 -2.730E+02
  1.379E+01  1.850E+01  2.930E+02  0.000E+00  4.179E+02 -2.730E+02
  1.389E+01  1.850E+01  2.930E+02  0.000E+00  4.179E+02 -2.730E+02
  1.399E+01  1.850E+01  2.930E+02  0.000E+00  4.179E+02 -2.730E+02
  1.409E+01  1.850E+01  2.930E+02  0.000E+00  4.179E+02 -2.730E+02
  1.419E+01  1.850E+01  2.930E+02  0.000E+00  4.179E+02 -2.730E+02
  1.429E+01  1.851E+01  2.930E+02  0.000E+00  4.179E+02 -2.730E+02
  1.439E+01  1.851E+01  2.930E+02  0.000E+00  4.179E+02 -2.730E+02
  1.449E+01  1.851E+01  2.930E+02  0.000E+00  4.179E+02 -2.730E+02
  1.459E+01  1.851E+01  2.930E+02  0.000E+00  4.179E+02 -2.730E+02
  1.469E+01  1.851E+01  2.930E+02  0.000E+00  4.179E+02 -2.730E+02
  1.479E+01  1.852E+01  2.930E+02  0.000E+00  4.179E+02 -2.730E+02
  1.489E+01  1.852E+01  2.930E+02  0.000E+00  4.179E+02 -2.730E+02
  1.499E+01  1.852E+01  2.930E+02  0.000E+00  4.179E+02 -2.730E+02
  1.509E+01  1.853E+01  2.930E+02  0.000E+00  4.179E+02 -2.730E+02
  1.519E+01  1.853E+01  2.930E+02  0.000E+00  4.179E+02 -2.730E+02
  1.529E+01  1.854E+01  2.930E+02  0.000E+00  4.179E+02 -2.730E+02
  1.539E+01  1.854E+01  2.930E+02  0.000E+00  4.179E+02 -2.730E+02
  1.549E+01  1.854E+01  2.930E+02  0.000E+00  4.179E+02 -2.730E+02
  1.559E+01  1.855E+01  2.930E+02  0.000E+00  4.179E+02 -2.730E+02
  1.569E+01  1.855E+01  2.930E+02  0.000E+00  4.179E+02 -2.730E+02
  1.579E+01  1.856E+01  2.930E+02  0.000E+00  4.179E+02 -2.730E+02
  1.589E+01  1.856E+01  2.930E+02  0.000E+00  4.179E+02 -2.730E+02
  1.599E+01  1.857E+01  2.930E+02  0.000E+00  4.179E+02 -2.730E+02
  1.609E+01  1.857E+01  2.930E+02  0.000E+00  4.179E+02 -2.730E+02
  1.619E+01  1.858E+01  2.930E+02  0.000E+00  4.179E+02 -2.730E+02
  1.629E+01  1.858E+01  2.930E+02  0.000E+00  4.179E+02 -2.730E+02
  1.639E+01  1.859E+01  2.930E+02  0.000E+00  4.179E+02 -2.730E+02
  1.649E+01  1.859E+01  2.930E+02  0.000E+00  4.179E+02 -2.730E+02
  1.659E+01  1.860E+01  2.930E+02  0.000E+00  4.179E+02 -2.730E+02
  1.669E+01  1.860E+01  2.930E+02  0.000E+00  4.179E+02 -2.730E+02
  1.679E+01  1.860E+01  2.930E+02  0.000E+00  4.179E+02 -2.730E+02
  1.689E+01  1.861E+01  2.930E+02  0.000E+00  4.179E+02 -2.730E+02
  1.699E+01  1.861E+01  2.930E+02  0.000E+00  4.179E+02 -2.730E+02
  1.709E+01  1.862E+01  2.930E+02  0.000E+00  4.179E+02 -2.730E+02
  1.719E+01  1.862E+01  2.930E+02  0.000E+00  4.179E+02 -2.730E+02
  1.729E+01  1.862E+01  2.930E+02  0.000E+00  4.179E+02 -2.730E+02
  1.739E+01  1.863E+01  2.930E+02  0.000E+00  4.179E+02 -2.730E+02
  1.749E+01  1.863E+01  2.930E+02  0.000E+00  4.179E+02 -2.730E+02
  1.759E+01  1.863E+01  2.930E+02  0.000E+00  4.179E+02 -2.730E+02
  1.769E+01  1.863E+01  2.930E+02  0.000E+00  4.179E+02 -2.730E+02
  1.779E+01  1.863E+01  2.930E+02  0.000E+00  4.179E+02 -2.730E+02
  1.789E+01  1.863E+01  2.930E+02  0.000E+00  4.179E+02 -2.730E+02
  1.799E+01  1.863E+01  2.930E+02  0.000E+00  4.179E+02 -2.730E+02
  1.809E+01  1.863E+01  2.930E+02  0.000E+00  4.179E+02 -2.730E+02
  1.819E+01  1.862E+01  2.930E+02  0.000E+00  4.179E+02 -2.730E+02
  1.829E+01  1.862E+01  2.930E+02  0.000E+00  4.179E+02 -2.730E+02
  1.839E+01  1.861E+01  2.930E+02  0.000E+00  4.179E+02 -2.730E+02
  1.849E+01  1.860E+01  2.930E+02  0.000E+00  4.179E+02 -2.730E+02
  1.859E+01  1.859E+01  2.930E+02  0.000E+00  4.179E+02 -2.730E+02
  1.869E+01  1.858E+01  2.930E+02  0.000E+00  4.179E+02 -2.730E+02
  1.879E+01  1.857E+01  2.930E+02  0.000E+00  4.179E+02 -2.730E+02
  1.889E+01  1.856E+01  2.930E+02  0.000E+00  4.179E+02 -2.730E+02
  1.899E+01  1.854E+01  2.930E+02  0.000E+00  4.179E+02 -2.730E+02
  1.909E+01  1.853E+01  2.930E+02  0.000E+00  4.179E+02 -2.730E+02
  1.919E+01  1.851E+01  2.930E+02  0.000E+00  4.179E+02 -2.730E+02
  1.929E+01  1.849E+01  2.930E+02  0.000E+00  4.179E+02 -2.730E+02
  1.939E+01  1.847E+01  2.930E+02  0.000E+00  4.179E+02 -2.730E+02
  1.949E+01  1.845E+01  2.930E+02  0.000E+00  4.179E+02 -2.730E+02
  1.959E+01  1.843E+01  2.930E+02  0.000E+00  4.179E+02 -2.730E+02
  1.969E+01  1.840E+01  2.930E+02  0.000E+00  4.179E+02 -2.730E+02
  1.979E+01  1.838E+01  2.930E+02  0.000E+00  4.179E+02 -2.730E+02
  1.989E+01  1.835E+01  2.930E+02  0.000E+00  4.179E+02 -2.730E+02
  1.999E+01  1.833E+01  2.930E+02  0.000E+00  4.179E+02 -2.730E+02
  2.009E+01  1.830E+01  2.930E+02  0.000E+00  4.179E+02 -2.730E+02
  2.019E+01  1.827E+01  2.930E+02  0.000E+00  4.179E+02 -2.730E+02
  2.029E+01  1.824E+01  2.930E+02  0.000E+00  4.179E+02 -2.730E+02
  2.039E+01  1.821E+01  2.930E+02  0.000E+00  4.179E+02 -2.730E+02
  2.049E+01  1.818E+01  2.930E+02  0.000E+00  4.179E+02 -2.730E+02
  2.059E+01  1.815E+01  2.930E+02  0.000E+00  4.179E+02 -2.730E+02
  2.069E+01  1.812E+01  2.930E+02  0.000E+00  4.179E+02 -2.730E+02
  2.079E+01  1.810E+01  2.930E+02  0.000E+00  4.179E+02 -2.730E+02
  2.089E+01  1.807E+01  2.930E+02  0.000E+00  4.179E+02 -2.730E+02
  2.099E+01  1.804E+01  2.930E+02  0.000E+00  4.179E+02 -2.730E+02
  2.109E+01  1.801E+01  2.930E+02  0.000E+00  4.179E+02 -2.730E+02
  2.119E+01  1.798E+01  2.930E+02  0.000E+00  4.179E+02 -2.730E+02
  2.129E+01  1.795E+01  2.930E+02  0.000E+00  4.179E+02 -2.730E+02
  2.139E+01  1.792E+01  2.930E+02  0.000E+00  4.179E+02 -2.730E+02
  2.149E+01  1.789E+01  2.930E+02  0.000E+00  4.179E+02 -2.730E+02
  2.159E+01  1.787E+01  2.930E+02  0.000E+00  4.179E+02 -2.730E+02
  2.169E+01  1.784E+01  2.930E+02  0.000E+00  4.179E+02 -2.730E+02
  2.179E+01  1.781E+01  2.930E+02  0.000E+00  4.179E+02 -2.730E+02
  2.189E+01  1.779E+01  2.930E+02  0.000E+00  4.179E+02 -2.730E+02
  2.199E+01  1.776E+01  2.930E+02  0.000E+00  4.179E+02 -2.730E+02
  2.209E+01  1.774E+01  2.930E+02  0.000E+00  4.179E+02 -2.730E+02
  2.219E+01  1.771E+01  2.930E+02  0.000E+00  4.179E+02 -2.730E+02
  2.229E+01  1.769E+01  2.930E+02  0.000E+00  4.179E+02 -2.730E+02
  2.239E+01  1.766E+01  2.930E+02  0.000E+00  4.179E+02 -2.730E+02
  2.249E+01  1.764E+01  2.930E+02  0.000E+00  4.179E+02 -2.730E+02
  2.259E+01  1.762E+01  2.930E+02  0.000E+00  4.179E+02 -2.730E+02
  2.269E+01  1.759E+01  2.930E+02  0.000E+00  4.179E+02 -2.730E+02
  2.279E+01  1.757E+01  2.930E+02  0.000E+00  4.179E+02 -2.730E+02
  2.289E+01  1.755E+01  2.930E+02  0.000E+00  4.179E+02 -2.730E+02
  2.299E+01  1.753E+01  2.930E+02  0.000E+00  4.179E+02 -2.730E+02
  2.309E+01  1.751E+01  2.930E+02  0.000E+00  4.179E+02 -2.730E+02
  2.319E+01  1.749E+01  2.930E+02  0.000E+00  4.179E+02 -2.730E+02
  2.329E+01  1.747E+01  2.930E+02  0.000E+00  4.179E+02 -2.730E+02
  2.339E+01  1.745E+01  2.930E+02  0.000E+00  4.179E+02 -2.730E+02
  2.349E+01  1.743E+01  2.930E+02  0.000E+00  4.179E+02 -2.730E+02
  2.359E+01  1.741E+01  2.930E+02  0.000E+00  4.179E+02 -2.730E+02
  2.369E+01  1.739E+01  2.930E+02  0.000E+00  4.179E+02 -2.730E+02
  2.379E+01  1.737E+01  2.930E+02  0.000E+00  4.179E+02 -2.730E+02
  2.389E+01  1.735E+01  2.930E+02  0.000E+00  4.179E+02 -2.730E+02
  2.399E+01  1.733E+01  2.930E+02  0.000E+00  4.179E+02 -2.730E+02
  2.409E+01  1.732E+01  2.930E+02  0.000E+00  4.179E+02 -2.730E+02
  2.419E+01  1.730E+01  2.930E+02  0.000E+00  4.179E+02 -2.730E+02
  2.429E+01  1.728E+01  2.930E+02  0.000E+00  4.179E+02 -2.730E+02
  2.439E+01  1.726E+01  2.930E+02  0.000E+00  4.179E+02 -2.730E+02
  2.449E+01  1.725E+01  2.930E+02  0.000E+00  4.179E+02 -2.730E+02
  2.459E+01  1.723E+01  2.930E+02  0.000E+00  4.179E+02 -2.730E+02
  2.469E+01  1.722E+01  2.930E+02  0.000E+00  4.179E+02 -2.730E+02
  2.479E+01  1.720E+01  2.930E+02  0.000E+00  4.179E+02 -2.730E+02
  2.489E+01  1.718E+01  2.930E+02  0.000E+00  4.179E+02 -2.730E+02
  2.499E+01  1.717E+01  2.930E+02  0.000E+00  4.179E+02 -2.730E+02
  2.509E+01  1.715E+01  2.930E+02  0.000E+00  4.179E+02 -2.730E+02
  2.519E+01  1.714E+01  2.930E+02  0.000E+00  4.179E+02 -2.730E+02
  2.529E+01  1.712E+01  2.930E+02  0.000E+00  4.179E+02 -2.730E+02
  2.539E+01  1.711E+01  2.930E+02  0.000E+00  4.179E+02 -2.730E+02
  2.549E+01  1.709E+01  2.930E+02  0.000E+00  4.179E+02 -2.730E+02
  2.559E+01  1.708E+01  2.930E+02  0.000E+00  4.179E+02 -2.730E+02
  2.569E+01  1.706E+01  2.930E+02  0.000E+00  4.179E+02 -2.730E+02
  2.579E+01  1.705E+01  2.930E+02  0.000E+00  4.179E+02 -2.730E+02
  2.589E+01  1.703E+01  2.930E+02  0.000E+00  4.179E+02 -2.730E+02
  2.599E+01  1.702E+01  2.930E+02  0.000E+00  4.179E+02 -2.730E+02
  2.609E+01  1.700E+01  2.930E+02  0.000E+00  4.179E+02 -2.730E+02
  2.619E+01  1.699E+01  2.930E+02  0.000E+00  4.179E+02 -2.730E+02
  2.629E+01  1.698E+01  2.930E+02  0.000E+00  4.179E+02 -2.730E+02
  2.639E+01  1.696E+01  2.930E+02  0.000E+00  4.179E+02 -2.730E+02
  2.649E+01  1.695E+01  2.930E+02  0.000E+00  4.179E+02 -2.730E+02
  2.659E+01  1.693E+01  2.930E+02  0.000E+00  4.179E+02 -2.730E+02
  2.669E+01  1.692E+01  2.930E+02  0.000E+00  4.179E+02 -2.730E+02
  2.679E+01  1.691E+01  2.930E+02  0.000E+00  4.179E+02 -2.730E+02
  2.689E+01  1.689E+01  2.930E+02  0.000E+00  4.179E+02 -2.730E+02
  2.699E+01  1.688E+01  2.930E+02  0.000E+00  4.179E+02 -2.730E+02
  2.709E+01  1.687E+01  2.930E+02  0.000E+00  4.179E+02 -2.730E+02
  2.719E+01  1.685E+01  2.930E+02  0.000E+00  4.179E+02 -2.730E+02
  2.729E+01  1.684E+01  2.930E+02  0.000E+00  4.179E+02 -2.730E+02
  2.739E+01  1.683E+01  2.930E+02  0.000E+00  4.179E+02 -2.730E+02
  2.749E+01  1.681E+01  2.930E+02  0.000E+00  4.179E+02 -2.730E+02
  2.759E+01  1.680E+01  2.930E+02  0.000E+00  4.179E+02 -2.730E+02
  2.769E+01  1.679E+01  2.930E+02  0.000E+00  4.179E+02 -2.730E+02
  2.779E+01  1.677E+01  2.930E+02  0.000E+00  4.179E+02 -2.730E+02
  2.789E+01  1.676E+01  2.930E+02  0.000E+00  4.179E+02 -2.730E+02
  2.799E+01  1.675E+01  2.930E+02  0.000E+00  4.179E+02 -2.730E+02
  2.809E+01  1.674E+01  2.930E+02  0.000E+00  4.179E+02 -2.730E+02
  2.819E+01  1.672E+01  2.930E+02  0.000E+00  4.179E+02 -2.730E+02
  2.829E+01  1.671E+01  2.930E+02  0.000E+00  4.179E+02 -2.730E+02
  2.839E+01  1.670E+01  2.930E+02  0.000E+00  4.179E+02 -2.730E+02
  2.849E+01  1.669E+01  2.930E+02  0.000E+00  4.179E+02 -2.730E+02
  2.859E+01  1.667E+01  2.930E+02  0.000E+00  4.179E+02 -2.730E+02
  2.869E+01  1.666E+01  2.930E+02  0.000E+00  4.179E+02 -2.730E+02
  2.879E+01  1.665E+01  2.930E+02  0.000E+00  4.179E+02 -2.730E+02
  2.889E+01  1.664E+01  2.930E+02  0.000E+00  4.179E+02 -2.730E+02
  2.899E+01  1.663E+01  2.930E+02  0.000E+00  4.179E+02 -2.730E+02
  2.909E+01  1.661E+01  2.930E+02  0.000E+00  4.179E+02 -2.730E+02
  2.919E+01  1.660E+01  2.930E+02  0.000E+00  4.179E+02 -2.730E+02
  2.929E+01  1.659E+01  2.930E+02  0.000E+00  4.179E+02 -2.730E+02
  2.939E+01  1.658E+01  2.930E+02  0.000E+00  4.179E+02 -2.730E+02
  2.949E+01  1.657E+01  2.930E+02  0.000E+00  4.179E+02 -2.730E+02
  2.959E+01  1.656E+01  2.930E+02  0.000E+00  4.179E+02 -2.730E+02
  2.969E+01  1.655E+01  2.930E+02  0.000E+00  4.179E+02 -2.730E+02
  2.979E+01  1.653E+01  2.930E+02  0.000E+00  4.179E+02 -2.730E+02
  2.989E+01  1.652E+01  2.930E+02  0.000E+00  4.179E+02 -2.730E+02
  2.999E+01  1.651E+01  2.930E+02  0.000E+00  4.179E+02 -2.730E+02
  3.009E+01  1.650E+01  2.930E+02  0.000E+00  4.179E+02 -2.730E+02
  3.019E+01  1.649E+01  2.930E+02  0.000E+00  4.179E+02 -2.730E+02
  3.029E+01  1.648E+01  2.930E+02  0.000E+00  4.179E+02 -2.730E+02
  3.039E+01  1.647E+01  2.930E+02  0.000E+00  4.179E+02 -2.730E+02
  3.049E+01  1.646E+01  2.930E+02  0.000E+00  4.179E+02 -2.730E+02
  3.059E+01  1.645E+01  2.930E+02  0.000E+00  4.179E+02 -2.730E+02
  3.069E+01  1.644E+01  2.930E+02  0.000E+00  4.179E+02 -2.730E+02
  3.079E+01  1.643E+01  2.930E+02  0.000E+00  4.179E+02 -2.730E+02
  3.089E+01  1.642E+01  2.930E+02  0.000E+00  4.179E+02 -2.730E+02
  3.099E+01  1.641E+01  2.930E+02  0.000E+00  4.179E+02 -2.730E+02
  3.109E+01  1.640E+01  2.930E+02  0.000E+00  4.179E+02 -2.730E+02
  3.119E+01  1.639E+01  2.930E+02  0.000E+00  4.179E+02 -2.730E+02
  3.129E+01  1.638E+01  2.930E+02  0.000E+00  4.179E+02 -2.730E+02
  3.139E+01  1.637E+01  2.930E+02  0.000E+00  4.179E+02 -2.730E+02
  3.149E+01  1.636E+01  2.930E+02  0.000E+00  4.179E+02 -2.730E+02
  3.159E+01  1.635E+01  2.930E+02  0.000E+00  4.179E+02 -2.730E+02
  3.169E+01  1.634E+01  2.930E+02  0.000E+00  4.179E+02 -2.730E+02
  3.179E+01  1.633E+01  2.930E+02  0.000E+00  4.179E+02 -2.730E+02
  3.189E+01  1.632E+01  2.930E+02  0.000E+00  4.179E+02 -2.730E+02
  3.199E+01  1.631E+01  2.930E+02  0.000E+00  4.179E+02 -2.730E+02
  3.209E+01  1.630E+01  2.930E+02  0.000E+00  4.179E+02 -2.730E+02
  3.219E+01  1.630E+01  2.930E+02  0.000E+00  4.179E+02 -2.730E+02
  3.229E+01  1.629E+01  2.930E+02  0.000E+00  4.179E+02 -2.730E+02
  3.239E+01  1.628E+01  2.930E+02  0.000E+00  4.179E+02 -2.730E+02
  3.249E+01  1.627E+01  2.930E+02  0.000E+00  4.179E+02 -2.730E+02
  3.259E+01  1.626E+01  2.930E+02  0.000E+00  4.179E+02 -2.730E+02
  3.269E+01  1.625E+01  2.930E+02  0.000E+00  4.179E+02 -2.730E+02
  3.279E+01  1.624E+01  2.930E+02  0.000E+00  4.179E+02 -2.730E+02
  3.289E+01  1.623E+01  2.930E+02  0.000E+00  4.179E+02 -2.730E+02
  3.299E+01  1.623E+01  2.930E+02  0.000E+00  4.179E+02 -2.730E+02
  3.309E+01  1.622E+01  2.930E+02  0.000E+00  4.179E+02 -2.730E+02
  3.319E+01  1.621E+01  2.930E+02  0.000E+00  4.179E+02 -2.730E+02
  3.329E+01  1.620E+01  2.930E+02  0.000E+00  4.179E+02 -2.730E+02
  3.339E+01  1.619E+01  2.930E+02  0.000E+00  4.179E+02 -2.730E+02
  3.349E+01  1.619E+01  2.930E+02  0.000E+00  4.179E+02 -2.730E+02
  3.359E+01  1.618E+01  2.930E+02  0.000E+00  4.179E+02 -2.730E+02
  3.369E+01  1.617E+01  2.930E+02  0.000E+00  4.179E+02 -2.730E+02
  3.379E+01  1.616E+01  2.930E+02  0.000E+00  4.179E+02 -2.730E+02
  3.389E+01  1.615E+01  2.930E+02  0.000E+00  4.179E+02 -2.730E+02
  3.399E+01  1.615E+01  2.930E+02  0.000E+00  4.179E+02 -2.730E+02
  3.409E+01  1.614E+01  2.930E+02  0.000E+00  4.179E+02 -2.730E+02
  3.419E+01  1.613E+01  2.930E+02  0.000E+00  4.179E+02 -2.730E+02
  3.429E+01  1.612E+01  2.930E+02  0.000E+00  4.179E+02 -2.730E+02
  3.439E+01  1.612E+01  2.930E+02  0.000E+00  4.179E+02 -2.730E+02
  3.449E+01  1.611E+01  2.930E+02  0.000E+00  4.179E+02 -2.730E+02
  3.459E+01  1.610E+01  2.930E+02  0.000E+00  4.179E+02 -2.730E+02
  3.469E+01  1.610E+01  2.930E+02  0.000E+00  4.179E+02 -2.730E+02
  3.479E+01  1.609E+01  2.930E+02  0.000E+00  4.179E+02 -2.730E+02
  3.489E+01  1.608E+01  2.930E+02  0.000E+00  4.179E+02 -2.730E+02
  3.499E+01  1.607E+01  2.930E+02  0.000E+00  4.179E+02 -2.730E+02
  3.509E+01  1.607E+01  2.930E+02  0.000E+00  4.179E+02 -2.730E+02
  3.519E+01  1.606E+01  2.930E+02  0.000E+00  4.179E+02 -2.730E+02
  3.529E+01  1.605E+01  2.930E+02  0.000E+00  4.179E+02 -2.730E+02
  3.539E+01  1.605E+01  2.930E+02  0.000E+00  4.179E+02 -2.730E+02
  3.549E+01  1.604E+01  2.930E+02  0.000E+00  4.179E+02 -2.730E+02
  3.559E+01  1.603E+01  2.930E+02  0.000E+00  4.179E+02 -2.730E+02
  3.569E+01  1.603E+01  2.930E+02  0.000E+00  4.179E+02 -2.730E+02
  3.579E+01  1.602E+01  2.930E+02  0.000E+00  4.179E+02 -2.730E+02
  3.589E+01  1.601E+01  2.930E+02  0.000E+00  4.179E+02 -2.730E+02
  3.599E+01  1.601E+01  2.930E+02  0.000E+00  4.179E+02 -2.730E+02
  3.609E+01  1.600E+01  2.930E+02  0.000E+00  4.179E+02 -2.730E+02
  3.619E+01  1.600E+01  2.930E+02  0.000E+00  4.179E+02 -2.730E+02
  3.629E+01  1.599E+01  2.930E+02  0.000E+00  4.179E+02 -2.730E+02
  3.639E+01  1.598E+01  2.930E+02  0.000E+00  4.179E+02 -2.730E+02
  3.649E+01  1.598E+01  2.930E+02  0.000E+00  4.179E+02 -2.730E+02
  3.659E+01  1.597E+01  2.930E+02  0.000E+00  4.179E+02 -2.730E+02
  3.669E+01  1.596E+01  2.930E+02  0.000E+00  4.179E+02 -2.730E+02
  3.679E+01  1.596E+01  2.930E+02  0.000E+00  4.179E+02 -2.730E+02
  3.689E+01  1.595E+01  2.930E+02  0.000E+00  4.179E+02 -2.730E+02
  3.699E+01  1.595E+01  2.930E+02  0.000E+00  4.179E+02 -2.730E+02
  3.709E+01  1.594E+01  2.930E+02  0.000E+00  4.179E+02 -2.730E+02
  3.719E+01  1.594E+01  2.930E+02  0.000E+00  4.179E+02 -2.730E+02
  3.729E+01  1.593E+01  2.930E+02  0.000E+00  4.179E+02 -2.730E+02
  3.739E+01  1.592E+01  2.930E+02  0.000E+00  4.179E+02 -2.730E+02
  3.749E+01  1.592E+01  2.930E+02  0.000E+00  4.179E+02 -2.730E+02
  3.759E+01  1.591E+01  2.930E+02  0.000E+00  4.179E+02 -2.730E+02
  3.769E+01  1.591E+01  2.930E+02  0.000E+00  4.179E+02 -2.730E+02
  3.779E+01  1.590E+01  2.930E+02  0.000E+00  4.179E+02 -2.730E+02
  3.789E+01  1.590E+01  2.930E+02  0.000E+00  4.179E+02 -2.730E+02
  3.799E+01  1.589E+01  2.930E+02  0.000E+00  4.179E+02 -2.730E+02
  3.809E+01  1.589E+01  2.930E+02  0.000E+00  4.179E+02 -2.730E+02
  3.819E+01  1.588E+01  2.930E+02  0.000E+00  4.179E+02 -2.730E+02
  3.829E+01  1.588E+01  2.930E+02  0.000E+00  4.179E+02 -2.730E+02
  3.839E+01  1.587E+01  2.930E+02  0.000E+00  4.179E+02 -2.730E+02
  3.849E+01  1.587E+01  2.930E+02  0.000E+00  4.179E+02 -2.730E+02
  3.859E+01  1.586E+01  2.930E+02  0.000E+00  4.179E+02 -2.730E+02
  3.869E+01  1.585E+01  2.930E+02  0.000E+00  4.179E+02 -2.730E+02
  3.879E+01  1.585E+01  2.930E+02  0.000E+00  4.179E+02 -2.730E+02
  3.889E+01  1.584E+01  2.930E+02  0.000E+00  4.179E+02 -2.730E+02
  3.899E+01  1.584E+01  2.930E+02  0.000E+00  4.179E+02 -2.730E+02
  3.909E+01  1.584E+01  2.930E+02  0.000E+00  4.179E+02 -2.730E+02
  3.919E+01  1.583E+01  2.930E+02  0.000E+00  4.179E+02 -2.730E+02
  3.929E+01  1.583E+01  2.930E+02  0.000E+00  4.179E+02 -2.730E+02
  3.939E+01  1.582E+01  2.930E+02  0.000E+00  4.179E+02 -2.730E+02
  3.949E+01  1.582E+01  2.930E+02  0.000E+00  4.179E+02 -2.730E+02
  3.959E+01  1.581E+01  2.930E+02  0.000E+00  4.179E+02 -2.730E+02
  3.969E+01  1.581E+01  2.930E+02  0.000E+00  4.179E+02 -2.730E+02
  3.979E+01  1.580E+01  2.930E+02  0.000E+00  4.179E+02 -2.730E+02
  3.989E+01  1.580E+01  2.930E+02  0.000E+00  4.179E+02 -2.730E+02
  3.999E+01  1.579E+01  2.930E+02  0.000E+00  4.179E+02 -2.730E+02
  4.009E+01  1.579E+01  2.930E+02  0.000E+00  4.179E+02 -2.730E+02
  4.019E+01  1.578E+01  2.930E+02  0.000E+00  4.179E+02 -2.730E+02
  4.029E+01  1.578E+01  2.930E+02  0.000E+00  4.179E+02 -2.730E+02
  4.039E+01  1.577E+01  2.930E+02  0.000E+00  4.179E+02 -2.730E+02
  4.049E+01  1.577E+01  2.930E+02  0.000E+00  4.179E+02 -2.730E+02
  4.059E+01  1.577E+01  2.930E+02  0.000E+00  4.179E+02 -2.730E+02
  4.069E+01  1.576E+01  2.930E+02  0.000E+00  4.179E+02 -2.730E+02
  4.079E+01  1.576E+01  2.930E+02  0.000E+00  4.179E+02 -2.730E+02
  4.089E+01  1.575E+01  2.930E+02  0.000E+00  4.179E+02 -2.730E+02
  4.099E+01  1.575E+01  2.930E+02  0.000E+00  4.179E+02 -2.730E+02
  4.109E+01  1.574E+01  2.930E+02  0.000E+00  4.179E+02 -2.730E+02
  4.119E+01  1.574E+01  2.930E+02  0.000E+00  4.179E+02 -2.730E+02
  4.129E+01  1.574E+01  2.930E+02  0.000E+00  4.179E+02 -2.730E+02
  4.139E+01  1.573E+01  2.930E+02  0.000E+00  4.179E+02 -2.730E+02
  4.149E+01  1.573E+01  2.930E+02  0.000E+00  4.179E+02 -2.730E+02
  4.159E+01  1.572E+01  2.930E+02  0.000E+00  4.179E+02 -2.730E+02
  4.169E+01  1.572E+01  2.930E+02  0.000E+00  4.179E+02 -2.730E+02
  4.179E+01  1.571E+01  2.930E+02  0.000E+00  4.179E+02 -2.730E+02
  4.189E+01  1.571E+01  2.930E+02  0.000E+00  4.179E+02 -2.730E+02
  4.199E+01  1.571E+01  2.930E+02  0.000E+00  4.179E+02 -2.730E+02
  4.209E+01  1.570E+01  2.930E+02  0.000E+00  4.179E+02 -2.730E+02
  4.219E+01  1.570E+01  2.930E+02  0.000E+00  4.179E+02 -2.730E+02
  4.229E+01  1.569E+01  2.930E+02  0.000E+00  4.179E+02 -2.730E+02
  4.239E+01  1.569E+01  2.930E+02  0.000E+00  4.179E+02 -2.730E+02
  4.249E+01  1.569E+01  2.930E+02  0.000E+00  4.179E+02 -2.730E+02
  4.259E+01  1.568E+01  2.930E+02  0.000E+00  4.179E+02 -2.730E+02
  4.269E+01  1.568E+01  2.930E+02  0.000E+00  4.179E+02 -2.730E+02
  4.279E+01  1.567E+01  2.930E+02  0.000E+00  4.179E+02 -2.730E+02
  4.289E+01  1.567E+01  2.930E+02  0.000E+00  4.179E+02 -2.730E+02
  4.299E+01  1.567E+01  2.930E+02  0.000E+00  4.179E+02 -2.730E+02
  4.309E+01  1.566E+01  2.930E+02  0.000E+00  4.179E+02 -2.730E+02
  4.319E+01  1.566E+01  2.930E+02  0.000E+00  4.179E+02 -2.730E+02
  4.329E+01  1.565E+01  2.930E+02  0.000E+00  4.179E+02 -2.730E+02
  4.339E+01  1.565E+01  2.930E+02  0.000E+00  4.179E+02 -2.730E+02
  4.349E+01  1.565E+01  2.930E+02  0.000E+00  4.179E+02 -2.730E+02
  4.359E+01  1.564E+01  2.930E+02  0.000E+00  4.179E+02 -2.730E+02
  4.369E+01  1.564E+01  2.930E+02  0.000E+00  4.179E+02 -2.730E+02
  4.379E+01  1.564E+01  2.930E+02  0.000E+00  4.179E+02 -2.730E+02
  4.389E+01  1.563E+01  2.930E+02  0.000E+00  4.179E+02 -2.730E+02
  4.399E+01  1.563E+01  2.930E+02  0.000E+00  4.179E+02 -2.730E+02
  4.409E+01  1.562E+01  2.930E+02  0.000E+00  4.179E+02 -2.730E+02
  4.419E+01  1.562E+01  2.930E+02  0.000E+00  4.179E+02 -2.730E+02
  4.429E+01  1.562E+01  2.930E+02  0.000E+00  4.179E+02 -2.730E+02
  4.439E+01  1.561E+01  2.930E+02  0.000E+00  4.179E+02 -2.730E+02
  4.449E+01  1.561E+01  2.930E+02  0.000E+00  4.179E+02 -2.730E+02
  4.459E+01  1.561E+01  2.930E+02  0.000E+00  4.179E+02 -2.730E+02
  4.469E+01  1.560E+01  2.930E+02  0.000E+00  4.179E+02 -2.730E+02
  4.479E+01  1.560E+01  2.930E+02  0.000E+00  4.179E+02 -2.730E+02
  4.489E+01  1.560E+01  2.930E+02  0.000E+00  4.179E+02 -2.730E+02
  4.499E+01  1.559E+01  2.930E+02  0.000E+00  4.179E+02 -2.730E+02
  4.509E+01  1.559E+01  2.930E+02  0.000E+00  4.179E+02 -2.730E+02
  4.519E+01  1.558E+01  2.930E+02  0.000E+00  4.179E+02 -2.730E+02
  4.529E+01  1.558E+01  2.930E+02  0.000E+00  4.179E+02 -2.730E+02
  4.539E+01  1.558E+01  2.930E+02  0.000E+00  4.179E+02 -2.730E+02
  4.549E+01  1.557E+01  2.930E+02  0.000E+00  4.179E+02 -2.730E+02
  4.559E+01  1.557E+01  2.930E+02  0.000E+00  4.179E+02 -2.730E+02
  4.569E+01  1.557E+01  2.930E+02  0.000E+00  4.179E+02 -2.730E+02
  4.579E+01  1.556E+01  2.930E+02  0.000E+00  4.179E+02 -2.730E+02
  4.589E+01  1.556E+01  2.930E+02  0.000E+00  4.179E+02 -2.730E+02
  4.599E+01  1.556E+01  2.930E+02  0.000E+00  4.179E+02 -2.730E+02
  4.609E+01  1.555E+01  2.930E+02  0.000E+00  4.179E+02 -2.730E+02
  4.619E+01  1.555E+01  2.930E+02  0.000E+00  4.179E+02 -2.730E+02
  4.629E+01  1.555E+01  2.930E+02  0.000E+00  4.179E+02 -2.730E+02
  4.639E+01  1.554E+01  2.930E+02  0.000E+00  4.179E+02 -2.730E+02
  4.649E+01  1.554E+01  2.930E+02  0.000E+00  4.179E+02 -2.730E+02
  4.659E+01  1.554E+01  2.930E+02  0.000E+00  4.179E+02 -2.730E+02
  4.669E+01  1.553E+01  2.930E+02  0.000E+00  4.179E+02 -2.730E+02
  4.679E+01  1.553E+01  2.930E+02  0.000E+00  4.179E+02 -2.730E+02
  4.689E+01  1.553E+01  2.930E+02  0.000E+00  4.179E+02 -2.730E+02
  4.699E+01  1.552E+01  2.930E+02  0.000E+00  4.179E+02 -2.730E+02
  4.709E+01  1.552E+01  2.930E+02  0.000E+00  4.179E+02 -2.730E+02
  4.719E+01  1.552E+01  2.930E+02  0.000E+00  4.179E+02 -2.730E+02
  4.729E+01  1.551E+01  2.930E+02  0.000E+00  4.179E+02 -2.730E+02
  4.739E+01  1.551E+01  2.930E+02  0.000E+00  4.179E+02 -2.730E+02
  4.749E+01  1.551E+01  2.930E+02  0.000E+00  4.179E+02 -2.730E+02
  4.759E+01  1.550E+01  2.930E+02  0.000E+00  4.179E+02 -2.730E+02
  4.769E+01  1.550E+01  2.930E+02  0.000E+00  4.179E+02 -2.730E+02
  4.779E+01  1.550E+01  2.930E+02  0.000E+00  4.179E+02 -2.730E+02
  4.789E+01  1.549E+01  2.930E+02  0.000E+00  4.179E+02 -2.730E+02
  4.799E+01  1.549E+01  2.930E+02  0.000E+00  4.179E+02 -2.730E+02
  4.809E+01  1.549E+01  2.930E+02  0.000E+00  4.179E+02 -2.730E+02
  4.819E+01  1.548E+01  2.930E+02  0.000E+00  4.179E+02 -2.730E+02
  4.829E+01  1.548E+01  2.930E+02  0.000E+00  4.179E+02 -2.730E+02
  4.839E+01  1.548E+01  2.930E+02  0.000E+00  4.179E+02 -2.730E+02
  4.849E+01  1.547E+01  2.930E+02  0.000E+00  4.179E+02 -2.730E+02
  4.859E+01  1.547E+01  2.930E+02  0.000E+00  4.179E+02 -2.730E+02
  4.869E+01  1.547E+01  2.930E+02  0.000E+00  4.179E+02 -2.730E+02
  4.879E+01  1.546E+01  2.930E+02  0.000E+00  4.179E+02 -2.730E+02
  4.889E+01  1.546E+01  2.930E+02  0.000E+00  4.179E+02 -2.730E+02
  4.899E+01  1.546E+01  2.930E+02  0.000E+00  4.179E+02 -2.730E+02
  4.909E+01  1.545E+01  2.930E+02  0.000E+00  4.179E+02 -2.730E+02
  4.919E+01  1.545E+01  2.930E+02  0.000E+00  4.179E+02 -2.730E+02
  4.929E+01  1.545E+01  2.930E+02  0.000E+00  4.179E+02 -2.730E+02
  4.939E+01  1.545E+01  2.930E+02  0.000E+00  4.179E+02 -2.730E+02
  4.949E+01  1.544E+01  2.930E+02  0.000E+00  4.179E+02 -2.730E+02
  4.959E+01  1.544E+01  2.930E+02  0.000E+00  4.179E+02 -2.730E+02
  4.969E+01  1.544E+01  2.930E+02  0.000E+00  4.179E+02 -2.730E+02
  4.979E+01  1.543E+01  2.930E+02  0.000E+00  4.179E+02 -2.730E+02
  4.989E+01  1.543E+01  2.930E+02  0.000E+00  4.179E+02 -2.730E+02
  4.999E+01  1.543E+01  2.930E+02  0.000E+00  4.179E+02 -2.730E+02
  5.009E+01  1.542E+01  2.930E+02  0.000E+00  4.179E+02 -2.730E+02
  5.019E+01  1.542E+01  2.930E+02  0.000E+00  4.179E+02 -2.730E+02
  5.029E+01  1.542E+01  2.930E+02  0.000E+00  4.179E+02 -2.730E+02
  5.039E+01  1.542E+01  2.930E+02  0.000E+00  4.179E+02 -2.730E+02
  5.049E+01  1.541E+01  2.930E+02  0.000E+00  4.179E+02 -2.730E+02
  5.059E+01  1.541E+01  2.930E+02  0.000E+00  4.179E+02 -2.730E+02
  5.069E+01  1.541E+01  2.930E+02  0.000E+00  4.179E+02 -2.730E+02
  5.079E+01  1.540E+01  2.930E+02  0.000E+00  4.179E+02 -2.730E+02
  5.089E+01  1.540E+01  2.930E+02  0.000E+00  4.179E+02 -2.730E+02
  5.099E+01  1.540E+01  2.930E+02  0.000E+00  4.179E+02 -2.730E+02
  5.109E+01  1.540E+01  2.930E+02  0.000E+00  4.179E+02 -2.730E+02
  5.119E+01  1.539E+01  2.930E+02  0.000E+00  4.179E+02 -2.730E+02
  5.129E+01  1.539E+01  2.930E+02  0.000E+00  4.179E+02 -2.730E+02
  5.139E+01  1.539E+01  2.930E+02  0.000E+00  4.179E+02 -2.730E+02
  5.149E+01  1.538E+01  2.930E+02  0.000E+00  4.179E+02 -2.730E+02
  5.159E+01  1.538E+01  2.930E+02  0.000E+00  4.179E+02 -2.730E+02
  5.169E+01  1.538E+01  2.930E+02  0.000E+00  4.179E+02 -2.730E+02
  5.179E+01  1.538E+01  2.930E+02  0.000E+00  4.179E+02 -2.730E+02
  5.189E+01  1.537E+01  2.930E+02  0.000E+00  4.179E+02 -2.730E+02
  5.199E+01  1.537E+01  2.930E+02  0.000E+00  4.179E+02 -2.730E+02
  5.209E+01  1.537E+01  2.930E+02  0.000E+00  4.179E+02 -2.730E+02
  5.219E+01  1.536E+01  2.930E+02  0.000E+00  4.179E+02 -2.730E+02
  5.229E+01  1.536E+01  2.930E+02  0.000E+00  4.179E+02 -2.730E+02
  5.239E+01  1.536E+01  2.930E+02  0.000E+00  4.179E+02 -2.730E+02
  5.249E+01  1.536E+01  2.930E+02  0.000E+00  4.179E+02 -2.730E+02
  5.259E+01  1.535E+01  2.930E+02  0.000E+00  4.179E+02 -2.730E+02
  5.269E+01  1.535E+01  2.930E+02  0.000E+00  4.179E+02 -2.730E+02
  5.279E+01  1.535E+01  2.930E+02  0.000E+00  4.179E+02 -2.730E+02
  5.289E+01  1.534E+01  2.930E+02  0.000E+00  4.179E+02 -2.730E+02
  5.299E+01  1.534E+01  2.930E+02  0.000E+00  4.179E+02 -2.730E+02
  5.309E+01  1.534E+01  2.930E+02  0.000E+00  4.179E+02 -2.730E+02
  5.319E+01  1.534E+01  2.930E+02  0.000E+00  4.179E+02 -2.730E+02
  5.329E+01  1.533E+01  2.930E+02  0.000E+00  4.179E+02 -2.730E+02
  5.339E+01  1.533E+01  2.930E+02  0.000E+00  4.179E+02 -2.730E+02
  5.349E+01  1.533E+01  2.930E+02  0.000E+00  4.179E+02 -2.730E+02
  5.359E+01  1.533E+01  2.930E+02  0.000E+00  4.179E+02 -2.730E+02
  5.369E+01  1.532E+01  2.930E+02  0.000E+00  4.179E+02 -2.730E+02
  5.379E+01  1.532E+01  2.930E+02  0.000E+00  4.179E+02 -2.730E+02
  5.389E+01  1.532E+01  2.930E+02  0.000E+00  4.179E+02 -2.730E+02
  5.399E+01  1.531E+01  2.930E+02  0.000E+00  4.179E+02 -2.730E+02
  5.409E+01  1.531E+01  2.930E+02  0.000E+00  4.179E+02 -2.730E+02
  5.419E+01  1.531E+01  2.930E+02  0.000E+00  4.179E+02 -2.730E+02
  5.429E+01  1.531E+01  2.930E+02  0.000E+00  4.179E+02 -2.730E+02
  5.439E+01  1.530E+01  2.930E+02  0.000E+00  4.179E+02 -2.730E+02
  5.449E+01  1.530E+01  2.930E+02  0.000E+00  4.179E+02 -2.730E+02
  5.459E+01  1.530E+01  2.930E+02  0.000E+00  4.179E+02 -2.730E+02
  5.469E+01  1.530E+01  2.930E+02  0.000E+00  4.179E+02 -2.730E+02
  5.479E+01  1.529E+01  2.930E+02  0.000E+00  4.179E+02 -2.730E+02
  5.489E+01  1.529E+01  2.930E+02  0.000E+00  4.179E+02 -2.730E+02
  5.499E+01  1.529E+01  2.930E+02  0.000E+00  4.179E+02 -2.730E+02
  5.509E+01  1.528E+01  2.930E+02  0.000E+00  4.179E+02 -2.730E+02
  5.519E+01  1.528E+01  2.930E+02  0.000E+00  4.179E+02 -2.730E+02
  5.529E+01  1.528E+01  2.930E+02  0.000E+00  4.179E+02 -2.730E+02
  5.539E+01  1.528E+01  2.930E+02  0.000E+00  4.179E+02 -2.730E+02
  5.549E+01  1.527E+01  2.930E+02  0.000E+00  4.179E+02 -2.730E+02
  5.559E+01  1.527E+01  2.930E+02  0.000E+00  4.179E+02 -2.730E+02
  5.569E+01  1.527E+01  2.930E+02  0.000E+00  4.179E+02 -2.730E+02
  5.579E+01  1.527E+01  2.930E+02  0.000E+00  4.179E+02 -2.730E+02
  5.589E+01  1.526E+01  2.930E+02  0.000E+00  4.179E+02 -2.730E+02
  5.599E+01  1.526E+01  2.930E+02  0.000E+00  4.179E+02 -2.730E+02
  5.609E+01  1.526E+01  2.930E+02  0.000E+00  4.179E+02 -2.730E+02
  5.619E+01  1.525E+01  2.930E+02  0.000E+00  4.179E+02 -2.730E+02
  5.629E+01  1.525E+01  2.930E+02  0.000E+00  4.179E+02 -2.730E+02
  5.639E+01  1.525E+01  2.930E+02  0.000E+00  4.179E+02 -2.730E+02
  5.649E+01  1.525E+01  2.930E+02  0.000E+00  4.179E+02 -2.730E+02
  5.659E+01  1.524E+01  2.930E+02  0.000E+00  4.179E+02 -2.730E+02
  5.669E+01  1.524E+01  2.930E+02  0.000E+00  4.179E+02 -2.730E+02
  5.679E+01  1.524E+01  2.930E+02  0.000E+00  4.179E+02 -2.730E+02
  5.689E+01  1.524E+01  2.930E+02  0.000E+00  4.179E+02 -2.730E+02
  5.699E+01  1.523E+01  2.930E+02  0.000E+00  4.179E+02 -2.730E+02
  5.709E+01  1.523E+01  2.930E+02  0.000E+00  4.179E+02 -2.730E+02
  5.719E+01  1.523E+01  2.930E+02  0.000E+00  4.179E+02 -2.730E+02
  5.729E+01  1.522E+01  2.930E+02  0.000E+00  4.179E+02 -2.730E+02
  5.739E+01  1.522E+01  2.930E+02  0.000E+00  4.179E+02 -2.730E+02
  5.749E+01  1.522E+01  2.930E+02  0.000E+00  4.179E+02 -2.730E+02
  5.759E+01  1.522E+01  2.930E+02  0.000E+00  4.179E+02 -2.730E+02
  5.769E+01  1.521E+01  2.930E+02  0.000E+00  4.179E+02 -2.730E+02
  5.779E+01  1.521E+01  2.930E+02  0.000E+00  4.179E+02 -2.730E+02
  5.789E+01  1.521E+01  2.930E+02  0.000E+00  4.179E+02 -2.730E+02
  5.799E+01  1.521E+01  2.930E+02  0.000E+00  4.179E+02 -2.730E+02
  5.809E+01  1.520E+01  2.930E+02  0.000E+00  4.179E+02 -2.730E+02
  5.819E+01  1.520E+01  2.930E+02  0.000E+00  4.179E+02 -2.730E+02
  5.829E+01  1.520E+01  2.930E+02  0.000E+00  4.179E+02 -2.730E+02
  5.839E+01  1.520E+01  2.930E+02  0.000E+00  4.179E+02 -2.730E+02
  5.849E+01  1.519E+01  2.930E+02  0.000E+00  4.179E+02 -2.730E+02
  5.859E+01  1.519E+01  2.930E+02  0.000E+00  4.179E+02 -2.730E+02
  5.869E+01  1.519E+01  2.930E+02  0.000E+00  4.179E+02 -2.730E+02
  5.879E+01  1.518E+01  2.930E+02  0.000E+00  4.179E+02 -2.730E+02
  5.889E+01  1.518E+01  2.930E+02  0.000E+00  4.179E+02 -2.730E+02
  5.899E+01  1.518E+01  2.930E+02  0.000E+00  4.179E+02 -2.730E+02
  5.909E+01  1.518E+01  2.930E+02  0.000E+00  4.179E+02 -2.730E+02
  5.919E+01  1.517E+01  2.930E+02  0.000E+00  4.179E+02 -2.730E+02
  5.929E+01  1.517E+01  2.930E+02  0.000E+00  4.179E+02 -2.730E+02
  5.939E+01  1.517E+01  2.930E+02  0.000E+00  4.179E+02 -2.730E+02
  5.949E+01  1.517E+01  2.930E+02  0.000E+00  4.179E+02 -2.730E+02
  5.959E+01  1.516E+01  2.930E+02  0.000E+00  4.179E+02 -2.730E+02
  5.969E+01  1.516E+01  2.930E+02  0.000E+00  4.179E+02 -2.730E+02
  5.979E+01  1.516E+01  2.930E+02  0.000E+00  4.179E+02 -2.730E+02
  5.989E+01  1.516E+01  2.930E+02  0.000E+00  4.179E+02 -2.730E+02
  5.999E+01  1.515E+01  2.930E+02  0.000E+00  4.179E+02 -2.730E+02
  6.009E+01  1.515E+01  2.930E+02  0.000E+00  4.179E+02 -2.730E+02
