 X( 16)=-7.8081E+01     Y( 17)=-8.4573E+01     Z( 14)= 4.8577E+01

       TIME  Velocity   Temperatur CH4        Max radiat Solid Temp
  1.000E-03  1.924E+01  2.930E+02  0.000E+00  4.179E+02 -2.730E+02
  2.100E-03  1.922E+01  2.930E+02  0.000E+00  4.179E+02 -2.730E+02
  3.100E-03  1.914E+01  2.930E+02  0.000E+00  4.179E+02 -2.730E+02
  4.144E-03  1.904E+01  2.930E+02  0.000E+00  4.179E+02 -2.730E+02
  5.274E-03  1.893E+01  2.930E+02  0.000E+00  4.179E+02 -2.730E+02
  6.518E-03  1.893E+01  2.930E+02  0.000E+00  4.179E+02 -2.730E+02
  7.885E-03  1.894E+01  2.930E+02  0.000E+00  4.179E+02 -2.730E+02
  9.389E-03  1.894E+01  2.930E+02  0.000E+00  4.179E+02 -2.730E+02
  1.104E-02  1.894E+01  2.930E+02  0.000E+00  4.179E+02 -2.730E+02
  1.286E-02  1.894E+01  2.930E+02  0.000E+00  4.179E+02 -2.730E+02
  1.487E-02  1.894E+01  2.930E+02  0.000E+00  4.179E+02 -2.730E+02
  1.707E-02  1.894E+01  2.930E+02  0.000E+00  4.179E+02 -2.730E+02
  1.949E-02  1.894E+01  2.930E+02  0.000E+00  4.179E+02 -2.730E+02
  2.216E-02  1.894E+01  2.930E+02  0.000E+00  4.179E+02 -2.730E+02
  2.509E-02  1.894E+01  2.930E+02  0.000E+00  4.179E+02 -2.730E+02
  2.831E-02  1.894E+01  2.930E+02  0.000E+00  4.179E+02 -2.730E+02
  3.186E-02  1.894E+01  2.930E+02  0.000E+00  4.179E+02 -2.730E+02
  3.576E-02  1.894E+01  2.930E+02  0.000E+00  4.179E+02 -2.730E+02
  4.005E-02  1.894E+01  2.930E+02  0.000E+00  4.179E+02 -2.730E+02
  4.477E-02  1.894E+01  2.930E+02  0.000E+00  4.179E+02 -2.730E+02
  4.997E-02  1.893E+01  2.930E+02  0.000E+00  4.179E+02 -2.730E+02
  5.568E-02  1.893E+01  2.930E+02  0.000E+00  4.179E+02 -2.730E+02
  6.196E-02  1.893E+01  2.930E+02  0.000E+00  4.179E+02 -2.730E+02
  6.887E-02  1.892E+01  2.930E+02  0.000E+00  4.179E+02 -2.730E+02
  7.648E-02  1.892E+01  2.930E+02  0.000E+00  4.179E+02 -2.730E+02
  8.484E-02  1.891E+01  2.930E+02  0.000E+00  4.179E+02 -2.730E+02
  9.404E-02  1.891E+01  2.930E+02  0.000E+00  4.179E+02 -2.730E+02
  1.042E-01  1.891E+01  2.930E+02  0.000E+00  4.179E+02 -2.730E+02
  1.153E-01  1.891E+01  2.930E+02  0.000E+00  4.179E+02 -2.730E+02
  1.275E-01  1.891E+01  2.930E+02  0.000E+00  4.179E+02 -2.730E+02
  1.410E-01  1.890E+01  2.930E+02  0.000E+00  4.179E+02 -2.730E+02
  1.558E-01  1.890E+01  2.930E+02  0.000E+00  4.179E+02 -2.730E+02
  1.721E-01  1.890E+01  2.930E+02  0.000E+00  4.179E+02 -2.730E+02
  1.900E-01  1.890E+01  2.930E+02  0.000E+00  4.179E+02 -2.730E+02
  2.098E-01  1.890E+01  2.930E+02  0.000E+00  4.179E+02 -2.730E+02
  2.315E-01  1.889E+01  2.930E+02  0.000E+00  4.179E+02 -2.730E+02
  2.553E-01  1.889E+01  2.930E+02  0.000E+00  4.179E+02 -2.730E+02
  2.816E-01  1.888E+01  2.930E+02  0.000E+00  4.179E+02 -2.730E+02
  3.104E-01  1.888E+01  2.930E+02  0.000E+00  4.179E+02 -2.730E+02
  3.422E-01  1.887E+01  2.930E+02  0.000E+00  4.179E+02 -2.730E+02
  3.771E-01  1.887E+01  2.930E+02  0.000E+00  4.179E+02 -2.730E+02
  4.156E-01  1.886E+01  2.930E+02  0.000E+00  4.179E+02 -2.730E+02
  4.578E-01  1.885E+01  2.930E+02  0.000E+00  4.179E+02 -2.730E+02
  5.043E-01  1.884E+01  2.930E+02  0.000E+00  4.179E+02 -2.730E+02
  5.555E-01  1.883E+01  2.930E+02  0.000E+00  4.179E+02 -2.730E+02
  6.118E-01  1.883E+01  2.930E+02  0.000E+00  4.179E+02 -2.730E+02
  6.736E-01  1.882E+01  2.930E+02  0.000E+00  4.179E+02 -2.730E+02
  7.417E-01  1.881E+01  2.930E+02  0.000E+00  4.179E+02 -2.730E+02
  8.166E-01  1.880E+01  2.930E+02  0.000E+00  4.179E+02 -2.730E+02
  8.990E-01  1.879E+01  2.930E+02  0.000E+00  4.179E+02 -2.730E+02
  9.896E-01  1.878E+01  2.930E+02  0.000E+00  4.179E+02 -2.730E+02
  1.089E+00  1.877E+01  2.930E+02  0.000E+00  4.179E+02 -2.730E+02
  1.189E+00  1.876E+01  2.930E+02  0.000E+00  4.179E+02 -2.730E+02
  1.289E+00  1.875E+01  2.930E+02  0.000E+00  4.179E+02 -2.730E+02
  1.389E+00  1.874E+01  2.930E+02  0.000E+00  4.179E+02 -2.730E+02
  1.489E+00  1.873E+01  2.930E+02  0.000E+00  4.179E+02 -2.730E+02
  1.589E+00  1.872E+01  2.930E+02  0.000E+00  4.179E+02 -2.730E+02
  1.689E+00  1.870E+01  2.930E+02  0.000E+00  4.179E+02 -2.730E+02
  1.789E+00  1.869E+01  2.930E+02  0.000E+00  4.179E+02 -2.730E+02
  1.889E+00  1.868E+01  2.930E+02  0.000E+00  4.179E+02 -2.730E+02
  1.989E+00  1.867E+01  2.930E+02  0.000E+00  4.179E+02 -2.730E+02
  2.089E+00  1.866E+01  2.930E+02  0.000E+00  4.179E+02 -2.730E+02
  2.189E+00  1.865E+01  2.930E+02  0.000E+00  4.179E+02 -2.730E+02
  2.289E+00  1.863E+01  2.930E+02  0.000E+00  4.179E+02 -2.730E+02
  2.389E+00  1.862E+01  2.930E+02  0.000E+00  4.179E+02 -2.730E+02
  2.489E+00  1.861E+01  2.930E+02  0.000E+00  4.179E+02 -2.730E+02
  2.589E+00  1.860E+01  2.930E+02  0.000E+00  4.179E+02 -2.730E+02
  2.689E+00  1.859E+01  2.930E+02  0.000E+00  4.179E+02 -2.730E+02
  2.789E+00  1.857E+01  2.930E+02  0.000E+00  4.179E+02 -2.730E+02
  2.889E+00  1.856E+01  2.930E+02  0.000E+00  4.179E+02 -2.730E+02
  2.989E+00  1.855E+01  2.930E+02  0.000E+00  4.179E+02 -2.730E+02
  3.089E+00  1.854E+01  2.930E+02  0.000E+00  4.179E+02 -2.730E+02
  3.189E+00  1.852E+01  2.930E+02  0.000E+00  4.179E+02 -2.730E+02
  3.289E+00  1.851E+01  2.930E+02  0.000E+00  4.179E+02 -2.730E+02
  3.389E+00  1.850E+01  2.930E+02  0.000E+00  4.179E+02 -2.730E+02
  3.489E+00  1.848E+01  2.930E+02  0.000E+00  4.179E+02 -2.730E+02
  3.589E+00  1.847E+01  2.930E+02  0.000E+00  4.179E+02 -2.730E+02
  3.689E+00  1.846E+01  2.930E+02  0.000E+00  4.179E+02 -2.730E+02
  3.789E+00  1.844E+01  2.930E+02  0.000E+00  4.179E+02 -2.730E+02
  3.889E+00  1.843E+01  2.930E+02  0.000E+00  4.179E+02 -2.730E+02
  3.989E+00  1.841E+01  2.930E+02  0.000E+00  4.179E+02 -2.730E+02
  4.089E+00  1.840E+01  2.930E+02  0.000E+00  4.179E+02 -2.730E+02
  4.189E+00  1.838E+01  2.930E+02  0.000E+00  4.179E+02 -2.730E+02
  4.289E+00  1.837E+01  2.930E+02  0.000E+00  4.179E+02 -2.730E+02
  4.389E+00  1.835E+01  2.930E+02  0.000E+00  4.179E+02 -2.730E+02
  4.489E+00  1.834E+01  2.930E+02  0.000E+00  4.179E+02 -2.730E+02
  4.589E+00  1.832E+01  2.930E+02  0.000E+00  4.179E+02 -2.730E+02
  4.689E+00  1.830E+01  2.930E+02  0.000E+00  4.179E+02 -2.730E+02
  4.789E+00  1.829E+01  2.930E+02  0.000E+00  4.179E+02 -2.730E+02
  4.889E+00  1.827E+01  2.930E+02  0.000E+00  4.179E+02 -2.730E+02
  4.989E+00  1.825E+01  2.930E+02  0.000E+00  4.179E+02 -2.730E+02
  5.089E+00  1.823E+01  2.930E+02  0.000E+00  4.179E+02 -2.730E+02
  5.189E+00  1.822E+01  2.930E+02  0.000E+00  4.179E+02 -2.730E+02
  5.289E+00  1.820E+01  2.930E+02  0.000E+00  4.179E+02 -2.730E+02
  5.389E+00  1.818E+01  2.930E+02  0.000E+00  4.179E+02 -2.730E+02
  5.489E+00  1.816E+01  2.930E+02  0.000E+00  4.179E+02 -2.730E+02
  5.589E+00  1.814E+01  2.930E+02  0.000E+00  4.179E+02 -2.730E+02
  5.689E+00  1.812E+01  2.930E+02  0.000E+00  4.179E+02 -2.730E+02
  5.789E+00  1.810E+01  2.930E+02  0.000E+00  4.179E+02 -2.730E+02
  5.889E+00  1.808E+01  2.930E+02  0.000E+00  4.179E+02 -2.730E+02
  5.989E+00  1.805E+01  2.930E+02  0.000E+00  4.179E+02 -2.730E+02
  6.089E+00  1.803E+01  2.930E+02  0.000E+00  4.179E+02 -2.730E+02
  6.189E+00  1.801E+01  2.930E+02  0.000E+00  4.179E+02 -2.730E+02
  6.289E+00  1.798E+01  2.930E+02  0.000E+00  4.179E+02 -2.730E+02
  6.389E+00  1.796E+01  2.930E+02  0.000E+00  4.179E+02 -2.730E+02
  6.489E+00  1.794E+01  2.930E+02  0.000E+00  4.179E+02 -2.730E+02
  6.589E+00  1.791E+01  2.930E+02  0.000E+00  4.179E+02 -2.730E+02
  6.689E+00  1.788E+01  2.930E+02  0.000E+00  4.179E+02 -2.730E+02
  6.789E+00  1.786E+01  2.930E+02  0.000E+00  4.179E+02 -2.730E+02
  6.889E+00  1.783E+01  2.930E+02  0.000E+00  4.179E+02 -2.730E+02
  6.989E+00  1.780E+01  2.930E+02  0.000E+00  4.179E+02 -2.730E+02
  7.089E+00  1.777E+01  2.930E+02  0.000E+00  4.179E+02 -2.730E+02
  7.189E+00  1.774E+01  2.930E+02  0.000E+00  4.179E+02 -2.730E+02
  7.289E+00  1.770E+01  2.930E+02  0.000E+00  4.179E+02 -2.730E+02
  7.389E+00  1.767E+01  2.930E+02  0.000E+00  4.179E+02 -2.730E+02
  7.489E+00  1.763E+01  2.930E+02  0.000E+00  4.179E+02 -2.730E+02
  7.589E+00  1.759E+01  2.930E+02  0.000E+00  4.179E+02 -2.730E+02
  7.689E+00  1.756E+01  2.930E+02  0.000E+00  4.179E+02 -2.730E+02
  7.789E+00  1.752E+01  2.930E+02  0.000E+00  4.179E+02 -2.730E+02
  7.889E+00  1.747E+01  2.930E+02  0.000E+00  4.179E+02 -2.730E+02
  7.989E+00  1.743E+01  2.930E+02  0.000E+00  4.179E+02 -2.730E+02
  8.089E+00  1.739E+01  2.930E+02  0.000E+00  4.179E+02 -2.730E+02
  8.189E+00  1.734E+01  2.930E+02  0.000E+00  4.179E+02 -2.730E+02
  8.289E+00  1.729E+01  2.930E+02  0.000E+00  4.179E+02 -2.730E+02
  8.389E+00  1.724E+01  2.930E+02  0.000E+00  4.179E+02 -2.730E+02
  8.489E+00  1.719E+01  2.930E+02  0.000E+00  4.179E+02 -2.730E+02
  8.589E+00  1.714E+01  2.930E+02  0.000E+00  4.179E+02 -2.730E+02
  8.689E+00  1.708E+01  2.930E+02  0.000E+00  4.179E+02 -2.730E+02
  8.789E+00  1.703E+01  2.930E+02  0.000E+00  4.179E+02 -2.730E+02
  8.889E+00  1.697E+01  2.930E+02  0.000E+00  4.179E+02 -2.730E+02
  8.989E+00  1.691E+01  2.930E+02  0.000E+00  4.179E+02 -2.730E+02
  9.089E+00  1.685E+01  2.930E+02  0.000E+00  4.179E+02 -2.730E+02
  9.189E+00  1.679E+01  2.930E+02  0.000E+00  4.179E+02 -2.730E+02
  9.289E+00  1.673E+01  2.930E+02  0.000E+00  4.179E+02 -2.730E+02
  9.389E+00  1.667E+01  2.930E+02  0.000E+00  4.179E+02 -2.730E+02
  9.489E+00  1.661E+01  2.930E+02  0.000E+00  4.179E+02 -2.730E+02
  9.589E+00  1.655E+01  2.930E+02  0.000E+00  4.179E+02 -2.730E+02
  9.689E+00  1.648E+01  2.930E+02  0.000E+00  4.179E+02 -2.730E+02
  9.789E+00  1.642E+01  2.930E+02  0.000E+00  4.179E+02 -2.730E+02
  9.889E+00  1.635E+01  2.930E+02  0.000E+00  4.179E+02 -2.730E+02
  9.989E+00  1.629E+01  2.930E+02  0.000E+00  4.179E+02 -2.730E+02
  1.009E+01  1.623E+01  2.930E+02  0.000E+00  4.179E+02 -2.730E+02
  1.019E+01  1.616E+01  2.930E+02  0.000E+00  4.179E+02 -2.730E+02
  1.029E+01  1.610E+01  2.930E+02  0.000E+00  4.179E+02 -2.730E+02
  1.039E+01  1.603E+01  2.930E+02  0.000E+00  4.179E+02 -2.730E+02
  1.049E+01  1.597E+01  2.930E+02  0.000E+00  4.179E+02 -2.730E+02
  1.059E+01  1.591E+01  2.930E+02  0.000E+00  4.179E+02 -2.730E+02
  1.069E+01  1.584E+01  2.930E+02  0.000E+00  4.179E+02 -2.730E+02
  1.079E+01  1.578E+01  2.930E+02  0.000E+00  4.179E+02 -2.730E+02
  1.089E+01  1.572E+01  2.930E+02  0.000E+00  4.179E+02 -2.730E+02
  1.099E+01  1.566E+01  2.930E+02  0.000E+00  4.179E+02 -2.730E+02
  1.109E+01  1.559E+01  2.930E+02  0.000E+00  4.179E+02 -2.730E+02
  1.119E+01  1.553E+01  2.930E+02  0.000E+00  4.179E+02 -2.730E+02
  1.129E+01  1.548E+01  2.930E+02  0.000E+00  4.179E+02 -2.730E+02
  1.139E+01  1.542E+01  2.930E+02  0.000E+00  4.179E+02 -2.730E+02
  1.149E+01  1.536E+01  2.930E+02  0.000E+00  4.179E+02 -2.730E+02
  1.159E+01  1.530E+01  2.930E+02  0.000E+00  4.179E+02 -2.730E+02
  1.169E+01  1.525E+01  2.930E+02  0.000E+00  4.179E+02 -2.730E+02
  1.179E+01  1.520E+01  2.930E+02  0.000E+00  4.179E+02 -2.730E+02
  1.189E+01  1.514E+01  2.930E+02  0.000E+00  4.179E+02 -2.730E+02
  1.199E+01  1.509E+01  2.930E+02  0.000E+00  4.179E+02 -2.730E+02
  1.209E+01  1.505E+01  2.930E+02  0.000E+00  4.179E+02 -2.730E+02
  1.219E+01  1.500E+01  2.930E+02  0.000E+00  4.179E+02 -2.730E+02
  1.229E+01  1.495E+01  2.930E+02  0.000E+00  4.179E+02 -2.730E+02
  1.239E+01  1.491E+01  2.930E+02  0.000E+00  4.179E+02 -2.730E+02
  1.249E+01  1.486E+01  2.930E+02  0.000E+00  4.179E+02 -2.730E+02
  1.259E+01  1.482E+01  2.930E+02  0.000E+00  4.179E+02 -2.730E+02
  1.269E+01  1.478E+01  2.930E+02  0.000E+00  4.179E+02 -2.730E+02
  1.279E+01  1.474E+01  2.930E+02  0.000E+00  4.179E+02 -2.730E+02
  1.289E+01  1.470E+01  2.930E+02  0.000E+00  4.179E+02 -2.730E+02
  1.299E+01  1.466E+01  2.930E+02  0.000E+00  4.179E+02 -2.730E+02
  1.309E+01  1.462E+01  2.930E+02  0.000E+00  4.179E+02 -2.730E+02
  1.319E+01  1.459E+01  2.930E+02  0.000E+00  4.179E+02 -2.730E+02
  1.329E+01  1.455E+01  2.930E+02  0.000E+00  4.179E+02 -2.730E+02
  1.339E+01  1.451E+01  2.930E+02  0.000E+00  4.179E+02 -2.730E+02
  1.349E+01  1.448E+01  2.930E+02  0.000E+00  4.179E+02 -2.730E+02
  1.359E+01  1.445E+01  2.930E+02  0.000E+00  4.179E+02 -2.730E+02
  1.369E+01  1.442E+01  2.930E+02  0.000E+00  4.179E+02 -2.730E+02
  1.379E+01  1.438E+01  2.930E+02  0.000E+00  4.179E+02 -2.730E+02
  1.389E+01  1.435E+01  2.930E+02  0.000E+00  4.179E+02 -2.730E+02
  1.399E+01  1.432E+01  2.930E+02  0.000E+00  4.179E+02 -2.730E+02
  1.409E+01  1.429E+01  2.930E+02  0.000E+00  4.179E+02 -2.730E+02
  1.419E+01  1.426E+01  2.930E+02  0.000E+00  4.179E+02 -2.730E+02
  1.429E+01  1.423E+01  2.930E+02  0.000E+00  4.179E+02 -2.730E+02
  1.439E+01  1.419E+01  2.930E+02  0.000E+00  4.179E+02 -2.730E+02
  1.449E+01  1.416E+01  2.930E+02  0.000E+00  4.179E+02 -2.730E+02
  1.459E+01  1.413E+01  2.930E+02  0.000E+00  4.179E+02 -2.730E+02
  1.469E+01  1.410E+01  2.930E+02  0.000E+00  4.179E+02 -2.730E+02
  1.479E+01  1.407E+01  2.930E+02  0.000E+00  4.179E+02 -2.730E+02
  1.489E+01  1.403E+01  2.930E+02  0.000E+00  4.179E+02 -2.730E+02
  1.499E+01  1.400E+01  2.930E+02  0.000E+00  4.179E+02 -2.730E+02
  1.509E+01  1.397E+01  2.930E+02  0.000E+00  4.179E+02 -2.730E+02
  1.519E+01  1.393E+01  2.930E+02  0.000E+00  4.179E+02 -2.730E+02
  1.529E+01  1.390E+01  2.930E+02  0.000E+00  4.179E+02 -2.730E+02
  1.539E+01  1.386E+01  2.930E+02  0.000E+00  4.179E+02 -2.730E+02
  1.549E+01  1.383E+01  2.930E+02  0.000E+00  4.179E+02 -2.730E+02
  1.559E+01  1.379E+01  2.930E+02  0.000E+00  4.179E+02 -2.730E+02
  1.569E+01  1.376E+01  2.930E+02  0.000E+00  4.179E+02 -2.730E+02
  1.579E+01  1.372E+01  2.930E+02  0.000E+00  4.179E+02 -2.730E+02
  1.589E+01  1.368E+01  2.930E+02  0.000E+00  4.179E+02 -2.730E+02
  1.599E+01  1.364E+01  2.930E+02  0.000E+00  4.179E+02 -2.730E+02
  1.609E+01  1.360E+01  2.930E+02  0.000E+00  4.179E+02 -2.730E+02
  1.619E+01  1.356E+01  2.930E+02  0.000E+00  4.179E+02 -2.730E+02
  1.629E+01  1.352E+01  2.930E+02  0.000E+00  4.179E+02 -2.730E+02
  1.639E+01  1.348E+01  2.930E+02  0.000E+00  4.179E+02 -2.730E+02
  1.649E+01  1.344E+01  2.930E+02  0.000E+00  4.179E+02 -2.730E+02
  1.659E+01  1.340E+01  2.930E+02  0.000E+00  4.179E+02 -2.730E+02
  1.669E+01  1.336E+01  2.930E+02  0.000E+00  4.179E+02 -2.730E+02
  1.679E+01  1.332E+01  2.930E+02  0.000E+00  4.179E+02 -2.730E+02
  1.689E+01  1.327E+01  2.930E+02  0.000E+00  4.179E+02 -2.730E+02
  1.699E+01  1.323E+01  2.930E+02  0.000E+00  4.179E+02 -2.730E+02
  1.709E+01  1.319E+01  2.930E+02  0.000E+00  4.179E+02 -2.730E+02
  1.719E+01  1.314E+01  2.930E+02  0.000E+00  4.179E+02 -2.730E+02
  1.729E+01  1.310E+01  2.930E+02  0.000E+00  4.179E+02 -2.730E+02
  1.739E+01  1.305E+01  2.930E+02  0.000E+00  4.179E+02 -2.730E+02
  1.749E+01  1.301E+01  2.930E+02  0.000E+00  4.179E+02 -2.730E+02
  1.759E+01  1.297E+01  2.930E+02  0.000E+00  4.179E+02 -2.730E+02
  1.769E+01  1.292E+01  2.930E+02  0.000E+00  4.179E+02 -2.730E+02
  1.779E+01  1.288E+01  2.930E+02  0.000E+00  4.179E+02 -2.730E+02
  1.789E+01  1.284E+01  2.930E+02  0.000E+00  4.179E+02 -2.730E+02
  1.799E+01  1.279E+01  2.930E+02  0.000E+00  4.179E+02 -2.730E+02
  1.809E+01  1.275E+01  2.930E+02  0.000E+00  4.179E+02 -2.730E+02
  1.819E+01  1.271E+01  2.930E+02  0.000E+00  4.179E+02 -2.730E+02
  1.829E+01  1.266E+01  2.930E+02  0.000E+00  4.179E+02 -2.730E+02
  1.839E+01  1.262E+01  2.930E+02  0.000E+00  4.179E+02 -2.730E+02
  1.849E+01  1.258E+01  2.930E+02  0.000E+00  4.179E+02 -2.730E+02
  1.859E+01  1.254E+01  2.930E+02  0.000E+00  4.179E+02 -2.730E+02
  1.869E+01  1.250E+01  2.930E+02  0.000E+00  4.179E+02 -2.730E+02
  1.879E+01  1.246E+01  2.930E+02  0.000E+00  4.179E+02 -2.730E+02
  1.889E+01  1.242E+01  2.930E+02  0.000E+00  4.179E+02 -2.730E+02
  1.899E+01  1.238E+01  2.930E+02  0.000E+00  4.179E+02 -2.730E+02
  1.909E+01  1.234E+01  2.930E+02  0.000E+00  4.179E+02 -2.730E+02
  1.919E+01  1.230E+01  2.930E+02  0.000E+00  4.179E+02 -2.730E+02
  1.929E+01  1.227E+01  2.930E+02  0.000E+00  4.179E+02 -2.730E+02
  1.939E+01  1.223E+01  2.930E+02  0.000E+00  4.179E+02 -2.730E+02
  1.949E+01  1.220E+01  2.930E+02  0.000E+00  4.179E+02 -2.730E+02
  1.959E+01  1.216E+01  2.930E+02  0.000E+00  4.179E+02 -2.730E+02
  1.969E+01  1.213E+01  2.930E+02  0.000E+00  4.179E+02 -2.730E+02
  1.979E+01  1.210E+01  2.930E+02  0.000E+00  4.179E+02 -2.730E+02
  1.989E+01  1.207E+01  2.930E+02  0.000E+00  4.179E+02 -2.730E+02
  1.999E+01  1.204E+01  2.930E+02  0.000E+00  4.179E+02 -2.730E+02
  2.009E+01  1.201E+01  2.930E+02  0.000E+00  4.179E+02 -2.730E+02
  2.019E+01  1.198E+01  2.930E+02  0.000E+00  4.179E+02 -2.730E+02
  2.029E+01  1.195E+01  2.930E+02  0.000E+00  4.179E+02 -2.730E+02
  2.039E+01  1.192E+01  2.930E+02  0.000E+00  4.179E+02 -2.730E+02
  2.049E+01  1.189E+01  2.930E+02  0.000E+00  4.179E+02 -2.730E+02
  2.059E+01  1.187E+01  2.930E+02  0.000E+00  4.179E+02 -2.730E+02
  2.069E+01  1.184E+01  2.930E+02  0.000E+00  4.179E+02 -2.730E+02
  2.079E+01  1.181E+01  2.930E+02  0.000E+00  4.179E+02 -2.730E+02
  2.089E+01  1.178E+01  2.930E+02  0.000E+00  4.179E+02 -2.730E+02
  2.099E+01  1.175E+01  2.930E+02  0.000E+00  4.179E+02 -2.730E+02
  2.109E+01  1.173E+01  2.930E+02  0.000E+00  4.179E+02 -2.730E+02
  2.119E+01  1.170E+01  2.930E+02  0.000E+00  4.179E+02 -2.730E+02
  2.129E+01  1.167E+01  2.930E+02  0.000E+00  4.179E+02 -2.730E+02
  2.139E+01  1.165E+01  2.930E+02  0.000E+00  4.179E+02 -2.730E+02
  2.149E+01  1.162E+01  2.930E+02  0.000E+00  4.179E+02 -2.730E+02
  2.159E+01  1.160E+01  2.930E+02  0.000E+00  4.179E+02 -2.730E+02
  2.169E+01  1.157E+01  2.930E+02  0.000E+00  4.179E+02 -2.730E+02
  2.179E+01  1.155E+01  2.930E+02  0.000E+00  4.179E+02 -2.730E+02
  2.189E+01  1.152E+01  2.930E+02  0.000E+00  4.179E+02 -2.730E+02
  2.199E+01  1.149E+01  2.930E+02  0.000E+00  4.179E+02 -2.730E+02
  2.209E+01  1.147E+01  2.930E+02  0.000E+00  4.179E+02 -2.730E+02
  2.219E+01  1.144E+01  2.930E+02  0.000E+00  4.179E+02 -2.730E+02
  2.229E+01  1.142E+01  2.930E+02  0.000E+00  4.179E+02 -2.730E+02
  2.239E+01  1.139E+01  2.930E+02  0.000E+00  4.179E+02 -2.730E+02
  2.249E+01  1.136E+01  2.930E+02  0.000E+00  4.179E+02 -2.730E+02
  2.259E+01  1.134E+01  2.930E+02  0.000E+00  4.179E+02 -2.730E+02
  2.269E+01  1.131E+01  2.930E+02  0.000E+00  4.179E+02 -2.730E+02
  2.279E+01  1.128E+01  2.930E+02  0.000E+00  4.179E+02 -2.730E+02
  2.289E+01  1.126E+01  2.930E+02  0.000E+00  4.179E+02 -2.730E+02
  2.299E+01  1.123E+01  2.930E+02  0.000E+00  4.179E+02 -2.730E+02
  2.309E+01  1.120E+01  2.930E+02  0.000E+00  4.179E+02 -2.730E+02
  2.319E+01  1.117E+01  2.930E+02  0.000E+00  4.179E+02 -2.730E+02
  2.329E+01  1.114E+01  2.930E+02  0.000E+00  4.179E+02 -2.730E+02
  2.339E+01  1.111E+01  2.930E+02  0.000E+00  4.179E+02 -2.730E+02
  2.349E+01  1.108E+01  2.930E+02  0.000E+00  4.179E+02 -2.730E+02
  2.359E+01  1.105E+01  2.930E+02  0.000E+00  4.179E+02 -2.730E+02
  2.369E+01  1.102E+01  2.930E+02  0.000E+00  4.179E+02 -2.730E+02
  2.379E+01  1.099E+01  2.930E+02  0.000E+00  4.179E+02 -2.730E+02
  2.389E+01  1.096E+01  2.930E+02  0.000E+00  4.179E+02 -2.730E+02
  2.399E+01  1.093E+01  2.930E+02  0.000E+00  4.179E+02 -2.730E+02
  2.409E+01  1.090E+01  2.930E+02  0.000E+00  4.179E+02 -2.730E+02
  2.419E+01  1.086E+01  2.930E+02  0.000E+00  4.179E+02 -2.730E+02
  2.429E+01  1.083E+01  2.930E+02  0.000E+00  4.179E+02 -2.730E+02
  2.439E+01  1.080E+01  2.930E+02  0.000E+00  4.179E+02 -2.730E+02
  2.449E+01  1.076E+01  2.930E+02  0.000E+00  4.179E+02 -2.730E+02
  2.459E+01  1.073E+01  2.930E+02  0.000E+00  4.179E+02 -2.730E+02
  2.469E+01  1.070E+01  2.930E+02  0.000E+00  4.179E+02 -2.730E+02
  2.479E+01  1.066E+01  2.930E+02  0.000E+00  4.179E+02 -2.730E+02
  2.489E+01  1.063E+01  2.930E+02  0.000E+00  4.179E+02 -2.730E+02
  2.499E+01  1.059E+01  2.930E+02  0.000E+00  4.179E+02 -2.730E+02
  2.509E+01  1.056E+01  2.930E+02  0.000E+00  4.179E+02 -2.730E+02
  2.519E+01  1.052E+01  2.930E+02  0.000E+00  4.179E+02 -2.730E+02
  2.529E+01  1.048E+01  2.930E+02  0.000E+00  4.179E+02 -2.730E+02
  2.539E+01  1.045E+01  2.930E+02  0.000E+00  4.179E+02 -2.730E+02
  2.549E+01  1.041E+01  2.930E+02  0.000E+00  4.179E+02 -2.730E+02
  2.559E+01  1.037E+01  2.930E+02  0.000E+00  4.179E+02 -2.730E+02
  2.569E+01  1.033E+01  2.930E+02  0.000E+00  4.179E+02 -2.730E+02
  2.579E+01  1.029E+01  2.930E+02  0.000E+00  4.179E+02 -2.730E+02
  2.589E+01  1.025E+01  2.930E+02  0.000E+00  4.179E+02 -2.730E+02
  2.599E+01  1.021E+01  2.930E+02  0.000E+00  4.179E+02 -2.730E+02
  2.609E+01  1.017E+01  2.930E+02  0.000E+00  4.179E+02 -2.730E+02
  2.619E+01  1.012E+01  2.930E+02  0.000E+00  4.179E+02 -2.730E+02
  2.629E+01  1.008E+01  2.930E+02  0.000E+00  4.179E+02 -2.730E+02
  2.639E+01  1.003E+01  2.930E+02  0.000E+00  4.179E+02 -2.730E+02
  2.649E+01  9.986E+00  2.930E+02  0.000E+00  4.179E+02 -2.730E+02
  2.659E+01  9.940E+00  2.930E+02  0.000E+00  4.179E+02 -2.730E+02
  2.669E+01  9.893E+00  2.930E+02  0.000E+00  4.179E+02 -2.730E+02
  2.679E+01  9.846E+00  2.930E+02  0.000E+00  4.179E+02 -2.730E+02
  2.689E+01  9.798E+00  2.930E+02  0.000E+00  4.179E+02 -2.730E+02
  2.699E+01  9.750E+00  2.930E+02  0.000E+00  4.179E+02 -2.730E+02
  2.709E+01  9.701E+00  2.930E+02  0.000E+00  4.179E+02 -2.730E+02
  2.719E+01  9.652E+00  2.930E+02  0.000E+00  4.179E+02 -2.730E+02
  2.729E+01  9.603E+00  2.930E+02  0.000E+00  4.179E+02 -2.730E+02
  2.739E+01  9.554E+00  2.930E+02  0.000E+00  4.179E+02 -2.730E+02
  2.749E+01  9.504E+00  2.930E+02  0.000E+00  4.179E+02 -2.730E+02
  2.759E+01  9.453E+00  2.930E+02  0.000E+00  4.179E+02 -2.730E+02
  2.769E+01  9.403E+00  2.930E+02  0.000E+00  4.179E+02 -2.730E+02
  2.779E+01  9.352E+00  2.930E+02  0.000E+00  4.179E+02 -2.730E+02
  2.789E+01  9.300E+00  2.930E+02  0.000E+00  4.179E+02 -2.730E+02
  2.799E+01  9.248E+00  2.930E+02  0.000E+00  4.179E+02 -2.730E+02
  2.809E+01  9.196E+00  2.930E+02  0.000E+00  4.179E+02 -2.730E+02
  2.819E+01  9.144E+00  2.930E+02  0.000E+00  4.179E+02 -2.730E+02
  2.829E+01  9.091E+00  2.930E+02  0.000E+00  4.179E+02 -2.730E+02
  2.839E+01  9.039E+00  2.930E+02  0.000E+00  4.179E+02 -2.730E+02
  2.849E+01  8.986E+00  2.930E+02  0.000E+00  4.179E+02 -2.730E+02
  2.859E+01  8.934E+00  2.930E+02  0.000E+00  4.179E+02 -2.730E+02
  2.869E+01  8.881E+00  2.930E+02  0.000E+00  4.179E+02 -2.730E+02
  2.879E+01  8.828E+00  2.930E+02  0.000E+00  4.179E+02 -2.730E+02
  2.889E+01  8.776E+00  2.930E+02  0.000E+00  4.179E+02 -2.730E+02
  2.899E+01  8.724E+00  2.930E+02  0.000E+00  4.179E+02 -2.730E+02
  2.909E+01  8.672E+00  2.930E+02  0.000E+00  4.179E+02 -2.730E+02
  2.919E+01  8.621E+00  2.930E+02  0.000E+00  4.179E+02 -2.730E+02
  2.929E+01  8.570E+00  2.930E+02  0.000E+00  4.179E+02 -2.730E+02
  2.939E+01  8.519E+00  2.930E+02  0.000E+00  4.179E+02 -2.730E+02
  2.949E+01  8.470E+00  2.930E+02  0.000E+00  4.179E+02 -2.730E+02
  2.959E+01  8.420E+00  2.930E+02  0.000E+00  4.179E+02 -2.730E+02
  2.969E+01  8.372E+00  2.930E+02  0.000E+00  4.179E+02 -2.730E+02
  2.979E+01  8.325E+00  2.930E+02  0.000E+00  4.179E+02 -2.730E+02
  2.989E+01  8.279E+00  2.930E+02  0.000E+00  4.179E+02 -2.730E+02
  2.999E+01  8.233E+00  2.930E+02  0.000E+00  4.179E+02 -2.730E+02
  3.009E+01  8.190E+00  2.930E+02  0.000E+00  4.179E+02 -2.730E+02
  3.019E+01  8.147E+00  2.930E+02  0.000E+00  4.179E+02 -2.730E+02
  3.029E+01  8.106E+00  2.930E+02  0.000E+00  4.179E+02 -2.730E+02
  3.039E+01  8.067E+00  2.930E+02  0.000E+00  4.179E+02 -2.730E+02
  3.049E+01  8.028E+00  2.930E+02  0.000E+00  4.179E+02 -2.730E+02
  3.059E+01  7.992E+00  2.930E+02  0.000E+00  4.179E+02 -2.730E+02
  3.069E+01  7.956E+00  2.930E+02  0.000E+00  4.179E+02 -2.730E+02
  3.079E+01  7.922E+00  2.930E+02  0.000E+00  4.179E+02 -2.730E+02
  3.089E+01  7.890E+00  2.930E+02  0.000E+00  4.179E+02 -2.730E+02
  3.099E+01  7.858E+00  2.930E+02  0.000E+00  4.179E+02 -2.730E+02
  3.109E+01  7.828E+00  2.930E+02  0.000E+00  4.179E+02 -2.730E+02
  3.119E+01  7.799E+00  2.930E+02  0.000E+00  4.179E+02 -2.730E+02
  3.129E+01  7.772E+00  2.930E+02  0.000E+00  4.179E+02 -2.730E+02
  3.139E+01  7.745E+00  2.930E+02  0.000E+00  4.179E+02 -2.730E+02
  3.149E+01  7.721E+00  2.930E+02  0.000E+00  4.179E+02 -2.730E+02
  3.159E+01  7.698E+00  2.930E+02  0.000E+00  4.179E+02 -2.730E+02
  3.169E+01  7.676E+00  2.930E+02  0.000E+00  4.179E+02 -2.730E+02
  3.179E+01  7.656E+00  2.930E+02  0.000E+00  4.179E+02 -2.730E+02
  3.189E+01  7.637E+00  2.930E+02  0.000E+00  4.179E+02 -2.730E+02
  3.199E+01  7.620E+00  2.930E+02  0.000E+00  4.179E+02 -2.730E+02
  3.209E+01  7.604E+00  2.930E+02  0.000E+00  4.179E+02 -2.730E+02
  3.219E+01  7.589E+00  2.930E+02  0.000E+00  4.179E+02 -2.730E+02
  3.229E+01  7.576E+00  2.930E+02  0.000E+00  4.179E+02 -2.730E+02
  3.239E+01  7.565E+00  2.930E+02  0.000E+00  4.179E+02 -2.730E+02
  3.249E+01  7.554E+00  2.930E+02  0.000E+00  4.179E+02 -2.730E+02
  3.259E+01  7.545E+00  2.930E+02  0.000E+00  4.179E+02 -2.730E+02
  3.269E+01  7.537E+00  2.930E+02  0.000E+00  4.179E+02 -2.730E+02
  3.279E+01  7.530E+00  2.930E+02  0.000E+00  4.179E+02 -2.730E+02
  3.289E+01  7.524E+00  2.930E+02  0.000E+00  4.179E+02 -2.730E+02
  3.299E+01  7.519E+00  2.930E+02  0.000E+00  4.179E+02 -2.730E+02
  3.309E+01  7.515E+00  2.930E+02  0.000E+00  4.179E+02 -2.730E+02
  3.319E+01  7.512E+00  2.930E+02  0.000E+00  4.179E+02 -2.730E+02
  3.329E+01  7.509E+00  2.930E+02  0.000E+00  4.179E+02 -2.730E+02
  3.339E+01  7.507E+00  2.930E+02  0.000E+00  4.179E+02 -2.730E+02
  3.349E+01  7.505E+00  2.930E+02  0.000E+00  4.179E+02 -2.730E+02
  3.359E+01  7.505E+00  2.930E+02  0.000E+00  4.179E+02 -2.730E+02
  3.369E+01  7.504E+00  2.930E+02  0.000E+00  4.179E+02 -2.730E+02
  3.379E+01  7.504E+00  2.930E+02  0.000E+00  4.179E+02 -2.730E+02
  3.389E+01  7.505E+00  2.930E+02  0.000E+00  4.179E+02 -2.730E+02
  3.399E+01  7.506E+00  2.930E+02  0.000E+00  4.179E+02 -2.730E+02
  3.409E+01  7.507E+00  2.930E+02  0.000E+00  4.179E+02 -2.730E+02
  3.419E+01  7.508E+00  2.930E+02  0.000E+00  4.179E+02 -2.730E+02
  3.429E+01  7.509E+00  2.930E+02  0.000E+00  4.179E+02 -2.730E+02
  3.439E+01  7.511E+00  2.930E+02  0.000E+00  4.179E+02 -2.730E+02
  3.449E+01  7.512E+00  2.930E+02  0.000E+00  4.179E+02 -2.730E+02
  3.459E+01  7.514E+00  2.930E+02  0.000E+00  4.179E+02 -2.730E+02
  3.469E+01  7.515E+00  2.930E+02  0.000E+00  4.179E+02 -2.730E+02
  3.479E+01  7.517E+00  2.930E+02  0.000E+00  4.179E+02 -2.730E+02
  3.489E+01  7.518E+00  2.930E+02  0.000E+00  4.179E+02 -2.730E+02
  3.499E+01  7.519E+00  2.930E+02  0.000E+00  4.179E+02 -2.730E+02
  3.509E+01  7.521E+00  2.930E+02  0.000E+00  4.179E+02 -2.730E+02
  3.519E+01  7.522E+00  2.930E+02  0.000E+00  4.179E+02 -2.730E+02
  3.529E+01  7.522E+00  2.930E+02  0.000E+00  4.179E+02 -2.730E+02
  3.539E+01  7.523E+00  2.930E+02  0.000E+00  4.179E+02 -2.730E+02
  3.549E+01  7.523E+00  2.930E+02  0.000E+00  4.179E+02 -2.730E+02
  3.559E+01  7.522E+00  2.930E+02  0.000E+00  4.179E+02 -2.730E+02
  3.569E+01  7.522E+00  2.930E+02  0.000E+00  4.179E+02 -2.730E+02
  3.579E+01  7.521E+00  2.930E+02  0.000E+00  4.179E+02 -2.730E+02
  3.589E+01  7.519E+00  2.930E+02  0.000E+00  4.179E+02 -2.730E+02
  3.599E+01  7.517E+00  2.930E+02  0.000E+00  4.179E+02 -2.730E+02
  3.609E+01  7.514E+00  2.930E+02  0.000E+00  4.179E+02 -2.730E+02
  3.619E+01  7.511E+00  2.930E+02  0.000E+00  4.179E+02 -2.730E+02
  3.629E+01  7.507E+00  2.930E+02  0.000E+00  4.179E+02 -2.730E+02
  3.639E+01  7.503E+00  2.930E+02  0.000E+00  4.179E+02 -2.730E+02
  3.649E+01  7.498E+00  2.930E+02  0.000E+00  4.179E+02 -2.730E+02
  3.659E+01  7.492E+00  2.930E+02  0.000E+00  4.179E+02 -2.730E+02
  3.669E+01  7.486E+00  2.930E+02  0.000E+00  4.179E+02 -2.730E+02
  3.679E+01  7.480E+00  2.930E+02  0.000E+00  4.179E+02 -2.730E+02
  3.689E+01  7.472E+00  2.930E+02  0.000E+00  4.179E+02 -2.730E+02
  3.699E+01  7.464E+00  2.930E+02  0.000E+00  4.179E+02 -2.730E+02
  3.709E+01  7.456E+00  2.930E+02  0.000E+00  4.179E+02 -2.730E+02
  3.719E+01  7.447E+00  2.930E+02  0.000E+00  4.179E+02 -2.730E+02
  3.729E+01  7.437E+00  2.930E+02  0.000E+00  4.179E+02 -2.730E+02
  3.739E+01  7.427E+00  2.930E+02  0.000E+00  4.179E+02 -2.730E+02
  3.749E+01  7.416E+00  2.930E+02  0.000E+00  4.179E+02 -2.730E+02
  3.759E+01  7.404E+00  2.930E+02  0.000E+00  4.179E+02 -2.730E+02
  3.769E+01  7.393E+00  2.930E+02  0.000E+00  4.179E+02 -2.730E+02
  3.779E+01  7.380E+00  2.930E+02  0.000E+00  4.179E+02 -2.730E+02
  3.789E+01  7.367E+00  2.930E+02  0.000E+00  4.179E+02 -2.730E+02
  3.799E+01  7.353E+00  2.930E+02  0.000E+00  4.179E+02 -2.730E+02
  3.809E+01  7.339E+00  2.930E+02  0.000E+00  4.179E+02 -2.730E+02
  3.819E+01  7.324E+00  2.930E+02  0.000E+00  4.179E+02 -2.730E+02
  3.829E+01  7.308E+00  2.930E+02  0.000E+00  4.179E+02 -2.730E+02
  3.839E+01  7.292E+00  2.930E+02  0.000E+00  4.179E+02 -2.730E+02
  3.849E+01  7.275E+00  2.930E+02  0.000E+00  4.179E+02 -2.730E+02
  3.859E+01  7.258E+00  2.930E+02  0.000E+00  4.179E+02 -2.730E+02
  3.869E+01  7.240E+00  2.930E+02  0.000E+00  4.179E+02 -2.730E+02
  3.879E+01  7.222E+00  2.930E+02  0.000E+00  4.179E+02 -2.730E+02
  3.889E+01  7.204E+00  2.930E+02  0.000E+00  4.179E+02 -2.730E+02
  3.899E+01  7.185E+00  2.930E+02  0.000E+00  4.179E+02 -2.730E+02
  3.909E+01  7.166E+00  2.930E+02  0.000E+00  4.179E+02 -2.730E+02
  3.919E+01  7.146E+00  2.930E+02  0.000E+00  4.179E+02 -2.730E+02
  3.929E+01  7.126E+00  2.930E+02  0.000E+00  4.179E+02 -2.730E+02
  3.939E+01  7.106E+00  2.930E+02  0.000E+00  4.179E+02 -2.730E+02
  3.949E+01  7.085E+00  2.930E+02  0.000E+00  4.179E+02 -2.730E+02
  3.959E+01  7.064E+00  2.930E+02  0.000E+00  4.179E+02 -2.730E+02
  3.969E+01  7.042E+00  2.930E+02  0.000E+00  4.179E+02 -2.730E+02
  3.979E+01  7.020E+00  2.930E+02  0.000E+00  4.179E+02 -2.730E+02
  3.989E+01  6.998E+00  2.930E+02  0.000E+00  4.179E+02 -2.730E+02
  3.999E+01  6.976E+00  2.930E+02  0.000E+00  4.179E+02 -2.730E+02
  4.009E+01  6.953E+00  2.930E+02  0.000E+00  4.179E+02 -2.730E+02
  4.019E+01  6.930E+00  2.930E+02  0.000E+00  4.179E+02 -2.730E+02
  4.029E+01  6.907E+00  2.930E+02  0.000E+00  4.179E+02 -2.730E+02
  4.039E+01  6.884E+00  2.930E+02  0.000E+00  4.179E+02 -2.730E+02
  4.049E+01  6.860E+00  2.930E+02  0.000E+00  4.179E+02 -2.730E+02
  4.059E+01  6.836E+00  2.930E+02  0.000E+00  4.179E+02 -2.730E+02
  4.069E+01  6.812E+00  2.930E+02  0.000E+00  4.179E+02 -2.730E+02
  4.079E+01  6.788E+00  2.930E+02  0.000E+00  4.179E+02 -2.730E+02
  4.089E+01  6.764E+00  2.930E+02  0.000E+00  4.179E+02 -2.730E+02
  4.099E+01  6.740E+00  2.930E+02  0.000E+00  4.179E+02 -2.730E+02
  4.109E+01  6.715E+00  2.930E+02  0.000E+00  4.179E+02 -2.730E+02
  4.119E+01  6.691E+00  2.930E+02  0.000E+00  4.179E+02 -2.730E+02
  4.129E+01  6.666E+00  2.930E+02  0.000E+00  4.179E+02 -2.730E+02
  4.139E+01  6.641E+00  2.930E+02  0.000E+00  4.179E+02 -2.730E+02
  4.149E+01  6.616E+00  2.930E+02  0.000E+00  4.179E+02 -2.730E+02
  4.159E+01  6.592E+00  2.930E+02  0.000E+00  4.179E+02 -2.730E+02
  4.169E+01  6.567E+00  2.930E+02  0.000E+00  4.179E+02 -2.730E+02
  4.179E+01  6.542E+00  2.930E+02  0.000E+00  4.179E+02 -2.730E+02
  4.189E+01  6.517E+00  2.930E+02  0.000E+00  4.179E+02 -2.730E+02
  4.199E+01  6.493E+00  2.930E+02  0.000E+00  4.179E+02 -2.730E+02
  4.209E+01  6.468E+00  2.930E+02  0.000E+00  4.179E+02 -2.730E+02
  4.219E+01  6.443E+00  2.930E+02  0.000E+00  4.179E+02 -2.730E+02
  4.229E+01  6.419E+00  2.930E+02  0.000E+00  4.179E+02 -2.730E+02
  4.239E+01  6.395E+00  2.930E+02  0.000E+00  4.179E+02 -2.730E+02
  4.249E+01  6.370E+00  2.930E+02  0.000E+00  4.179E+02 -2.730E+02
  4.259E+01  6.346E+00  2.930E+02  0.000E+00  4.179E+02 -2.730E+02
  4.269E+01  6.323E+00  2.930E+02  0.000E+00  4.179E+02 -2.730E+02
  4.279E+01  6.299E+00  2.930E+02  0.000E+00  4.179E+02 -2.730E+02
  4.289E+01  6.275E+00  2.930E+02  0.000E+00  4.179E+02 -2.730E+02
  4.299E+01  6.252E+00  2.930E+02  0.000E+00  4.179E+02 -2.730E+02
  4.309E+01  6.229E+00  2.930E+02  0.000E+00  4.179E+02 -2.730E+02
  4.319E+01  6.207E+00  2.930E+02  0.000E+00  4.179E+02 -2.730E+02
  4.329E+01  6.185E+00  2.930E+02  0.000E+00  4.179E+02 -2.730E+02
  4.339E+01  6.163E+00  2.930E+02  0.000E+00  4.179E+02 -2.730E+02
  4.349E+01  6.141E+00  2.930E+02  0.000E+00  4.179E+02 -2.730E+02
  4.359E+01  6.120E+00  2.930E+02  0.000E+00  4.179E+02 -2.730E+02
  4.369E+01  6.100E+00  2.930E+02  0.000E+00  4.179E+02 -2.730E+02
  4.379E+01  6.079E+00  2.930E+02  0.000E+00  4.179E+02 -2.730E+02
  4.389E+01  6.059E+00  2.930E+02  0.000E+00  4.179E+02 -2.730E+02
  4.399E+01  6.040E+00  2.930E+02  0.000E+00  4.179E+02 -2.730E+02
  4.409E+01  6.021E+00  2.930E+02  0.000E+00  4.179E+02 -2.730E+02
  4.419E+01  6.003E+00  2.930E+02  0.000E+00  4.179E+02 -2.730E+02
  4.429E+01  5.985E+00  2.930E+02  0.000E+00  4.179E+02 -2.730E+02
  4.439E+01  5.967E+00  2.930E+02  0.000E+00  4.179E+02 -2.730E+02
  4.449E+01  5.950E+00  2.930E+02  0.000E+00  4.179E+02 -2.730E+02
  4.459E+01  5.934E+00  2.930E+02  0.000E+00  4.179E+02 -2.730E+02
  4.469E+01  5.918E+00  2.930E+02  0.000E+00  4.179E+02 -2.730E+02
  4.479E+01  5.903E+00  2.930E+02  0.000E+00  4.179E+02 -2.730E+02
  4.489E+01  5.888E+00  2.930E+02  0.000E+00  4.179E+02 -2.730E+02
  4.499E+01  5.874E+00  2.930E+02  0.000E+00  4.179E+02 -2.730E+02
  4.509E+01  5.861E+00  2.930E+02  0.000E+00  4.179E+02 -2.730E+02
  4.519E+01  5.848E+00  2.930E+02  0.000E+00  4.179E+02 -2.730E+02
  4.529E+01  5.836E+00  2.930E+02  0.000E+00  4.179E+02 -2.730E+02
  4.539E+01  5.824E+00  2.930E+02  0.000E+00  4.179E+02 -2.730E+02
  4.549E+01  5.813E+00  2.930E+02  0.000E+00  4.179E+02 -2.730E+02
  4.559E+01  5.802E+00  2.930E+02  0.000E+00  4.179E+02 -2.730E+02
  4.569E+01  5.792E+00  2.930E+02  0.000E+00  4.179E+02 -2.730E+02
  4.579E+01  5.782E+00  2.930E+02  0.000E+00  4.179E+02 -2.730E+02
  4.589E+01  5.773E+00  2.930E+02  0.000E+00  4.179E+02 -2.730E+02
  4.599E+01  5.765E+00  2.930E+02  0.000E+00  4.179E+02 -2.730E+02
  4.609E+01  5.757E+00  2.930E+02  0.000E+00  4.179E+02 -2.730E+02
  4.619E+01  5.749E+00  2.930E+02  0.000E+00  4.179E+02 -2.730E+02
  4.629E+01  5.743E+00  2.930E+02  0.000E+00  4.179E+02 -2.730E+02
  4.639E+01  5.736E+00  2.930E+02  0.000E+00  4.179E+02 -2.730E+02
  4.649E+01  5.731E+00  2.930E+02  0.000E+00  4.179E+02 -2.730E+02
  4.659E+01  5.726E+00  2.930E+02  0.000E+00  4.179E+02 -2.730E+02
  4.669E+01  5.721E+00  2.930E+02  0.000E+00  4.179E+02 -2.730E+02
  4.679E+01  5.717E+00  2.930E+02  0.000E+00  4.179E+02 -2.730E+02
  4.689E+01  5.713E+00  2.930E+02  0.000E+00  4.179E+02 -2.730E+02
  4.699E+01  5.710E+00  2.930E+02  0.000E+00  4.179E+02 -2.730E+02
  4.709E+01  5.707E+00  2.930E+02  0.000E+00  4.179E+02 -2.730E+02
  4.719E+01  5.704E+00  2.930E+02  0.000E+00  4.179E+02 -2.730E+02
  4.729E+01  5.702E+00  2.930E+02  0.000E+00  4.179E+02 -2.730E+02
  4.739E+01  5.699E+00  2.930E+02  0.000E+00  4.179E+02 -2.730E+02
  4.749E+01  5.698E+00  2.930E+02  0.000E+00  4.179E+02 -2.730E+02
  4.759E+01  5.696E+00  2.930E+02  0.000E+00  4.179E+02 -2.730E+02
  4.769E+01  5.695E+00  2.930E+02  0.000E+00  4.179E+02 -2.730E+02
  4.779E+01  5.694E+00  2.930E+02  0.000E+00  4.179E+02 -2.730E+02
  4.789E+01  5.694E+00  2.930E+02  0.000E+00  4.179E+02 -2.730E+02
  4.799E+01  5.694E+00  2.930E+02  0.000E+00  4.179E+02 -2.730E+02
  4.809E+01  5.694E+00  2.930E+02  0.000E+00  4.179E+02 -2.730E+02
  4.819E+01  5.694E+00  2.930E+02  0.000E+00  4.179E+02 -2.730E+02
  4.829E+01  5.695E+00  2.930E+02  0.000E+00  4.179E+02 -2.730E+02
  4.839E+01  5.695E+00  2.930E+02  0.000E+00  4.179E+02 -2.730E+02
  4.849E+01  5.697E+00  2.930E+02  0.000E+00  4.179E+02 -2.730E+02
  4.859E+01  5.698E+00  2.930E+02  0.000E+00  4.179E+02 -2.730E+02
  4.869E+01  5.699E+00  2.930E+02  0.000E+00  4.179E+02 -2.730E+02
  4.879E+01  5.701E+00  2.930E+02  0.000E+00  4.179E+02 -2.730E+02
  4.889E+01  5.703E+00  2.930E+02  0.000E+00  4.179E+02 -2.730E+02
  4.899E+01  5.704E+00  2.930E+02  0.000E+00  4.179E+02 -2.730E+02
  4.909E+01  5.706E+00  2.930E+02  0.000E+00  4.179E+02 -2.730E+02
  4.919E+01  5.708E+00  2.930E+02  0.000E+00  4.179E+02 -2.730E+02
  4.929E+01  5.710E+00  2.930E+02  0.000E+00  4.179E+02 -2.730E+02
  4.939E+01  5.712E+00  2.930E+02  0.000E+00  4.179E+02 -2.730E+02
  4.949E+01  5.714E+00  2.930E+02  0.000E+00  4.179E+02 -2.730E+02
  4.959E+01  5.716E+00  2.930E+02  0.000E+00  4.179E+02 -2.730E+02
  4.969E+01  5.718E+00  2.930E+02  0.000E+00  4.179E+02 -2.730E+02
  4.979E+01  5.720E+00  2.930E+02  0.000E+00  4.179E+02 -2.730E+02
  4.989E+01  5.721E+00  2.930E+02  0.000E+00  4.179E+02 -2.730E+02
  4.999E+01  5.723E+00  2.930E+02  0.000E+00  4.179E+02 -2.730E+02
  5.009E+01  5.724E+00  2.930E+02  0.000E+00  4.179E+02 -2.730E+02
  5.019E+01  5.725E+00  2.930E+02  0.000E+00  4.179E+02 -2.730E+02
  5.029E+01  5.726E+00  2.930E+02  0.000E+00  4.179E+02 -2.730E+02
  5.039E+01  5.727E+00  2.930E+02  0.000E+00  4.179E+02 -2.730E+02
  5.049E+01  5.727E+00  2.930E+02  0.000E+00  4.179E+02 -2.730E+02
  5.059E+01  5.727E+00  2.930E+02  0.000E+00  4.179E+02 -2.730E+02
  5.069E+01  5.727E+00  2.930E+02  0.000E+00  4.179E+02 -2.730E+02
  5.079E+01  5.727E+00  2.930E+02  0.000E+00  4.179E+02 -2.730E+02
  5.089E+01  5.726E+00  2.930E+02  0.000E+00  4.179E+02 -2.730E+02
  5.099E+01  5.725E+00  2.930E+02  0.000E+00  4.179E+02 -2.730E+02
  5.109E+01  5.724E+00  2.930E+02  0.000E+00  4.179E+02 -2.730E+02
  5.119E+01  5.722E+00  2.930E+02  0.000E+00  4.179E+02 -2.730E+02
  5.129E+01  5.720E+00  2.930E+02  0.000E+00  4.179E+02 -2.730E+02
  5.139E+01  5.718E+00  2.930E+02  0.000E+00  4.179E+02 -2.730E+02
  5.149E+01  5.715E+00  2.930E+02  0.000E+00  4.179E+02 -2.730E+02
  5.159E+01  5.712E+00  2.930E+02  0.000E+00  4.179E+02 -2.730E+02
  5.169E+01  5.709E+00  2.930E+02  0.000E+00  4.179E+02 -2.730E+02
  5.179E+01  5.705E+00  2.930E+02  0.000E+00  4.179E+02 -2.730E+02
  5.189E+01  5.701E+00  2.930E+02  0.000E+00  4.179E+02 -2.730E+02
  5.199E+01  5.697E+00  2.930E+02  0.000E+00  4.179E+02 -2.730E+02
  5.209E+01  5.692E+00  2.930E+02  0.000E+00  4.179E+02 -2.730E+02
  5.219E+01  5.687E+00  2.930E+02  0.000E+00  4.179E+02 -2.730E+02
  5.229E+01  5.681E+00  2.930E+02  0.000E+00  4.179E+02 -2.730E+02
  5.239E+01  5.675E+00  2.930E+02  0.000E+00  4.179E+02 -2.730E+02
  5.249E+01  5.669E+00  2.930E+02  0.000E+00  4.179E+02 -2.730E+02
  5.259E+01  5.662E+00  2.930E+02  0.000E+00  4.179E+02 -2.730E+02
  5.269E+01  5.655E+00  2.930E+02  0.000E+00  4.179E+02 -2.730E+02
  5.279E+01  5.648E+00  2.930E+02  0.000E+00  4.179E+02 -2.730E+02
  5.289E+01  5.640E+00  2.930E+02  0.000E+00  4.179E+02 -2.730E+02
  5.299E+01  5.632E+00  2.930E+02  0.000E+00  4.179E+02 -2.730E+02
  5.309E+01  5.623E+00  2.930E+02  0.000E+00  4.179E+02 -2.730E+02
  5.319E+01  5.615E+00  2.930E+02  0.000E+00  4.179E+02 -2.730E+02
  5.329E+01  5.605E+00  2.930E+02  0.000E+00  4.179E+02 -2.730E+02
  5.339E+01  5.596E+00  2.930E+02  0.000E+00  4.179E+02 -2.730E+02
  5.349E+01  5.586E+00  2.930E+02  0.000E+00  4.179E+02 -2.730E+02
  5.359E+01  5.575E+00  2.930E+02  0.000E+00  4.179E+02 -2.730E+02
  5.369E+01  5.565E+00  2.930E+02  0.000E+00  4.179E+02 -2.730E+02
  5.379E+01  5.554E+00  2.930E+02  0.000E+00  4.179E+02 -2.730E+02
  5.389E+01  5.543E+00  2.930E+02  0.000E+00  4.179E+02 -2.730E+02
  5.399E+01  5.531E+00  2.930E+02  0.000E+00  4.179E+02 -2.730E+02
  5.409E+01  5.519E+00  2.930E+02  0.000E+00  4.179E+02 -2.730E+02
  5.419E+01  5.507E+00  2.930E+02  0.000E+00  4.179E+02 -2.730E+02
  5.429E+01  5.495E+00  2.930E+02  0.000E+00  4.179E+02 -2.730E+02
  5.439E+01  5.482E+00  2.930E+02  0.000E+00  4.179E+02 -2.730E+02
  5.449E+01  5.469E+00  2.930E+02  0.000E+00  4.179E+02 -2.730E+02
  5.459E+01  5.456E+00  2.930E+02  0.000E+00  4.179E+02 -2.730E+02
  5.469E+01  5.442E+00  2.930E+02  0.000E+00  4.179E+02 -2.730E+02
  5.479E+01  5.429E+00  2.930E+02  0.000E+00  4.179E+02 -2.730E+02
  5.489E+01  5.415E+00  2.930E+02  0.000E+00  4.179E+02 -2.730E+02
  5.499E+01  5.401E+00  2.930E+02  0.000E+00  4.179E+02 -2.730E+02
  5.509E+01  5.386E+00  2.930E+02  0.000E+00  4.179E+02 -2.730E+02
  5.519E+01  5.372E+00  2.930E+02  0.000E+00  4.179E+02 -2.730E+02
  5.529E+01  5.357E+00  2.930E+02  0.000E+00  4.179E+02 -2.730E+02
  5.539E+01  5.343E+00  2.930E+02  0.000E+00  4.179E+02 -2.730E+02
  5.549E+01  5.328E+00  2.930E+02  0.000E+00  4.179E+02 -2.730E+02
  5.559E+01  5.313E+00  2.930E+02  0.000E+00  4.179E+02 -2.730E+02
  5.569E+01  5.298E+00  2.930E+02  0.000E+00  4.179E+02 -2.730E+02
  5.579E+01  5.283E+00  2.930E+02  0.000E+00  4.179E+02 -2.730E+02
  5.589E+01  5.267E+00  2.930E+02  0.000E+00  4.179E+02 -2.730E+02
  5.599E+01  5.252E+00  2.930E+02  0.000E+00  4.179E+02 -2.730E+02
  5.609E+01  5.237E+00  2.930E+02  0.000E+00  4.179E+02 -2.730E+02
  5.619E+01  5.222E+00  2.930E+02  0.000E+00  4.179E+02 -2.730E+02
  5.629E+01  5.206E+00  2.930E+02  0.000E+00  4.179E+02 -2.730E+02
  5.639E+01  5.191E+00  2.930E+02  0.000E+00  4.179E+02 -2.730E+02
  5.649E+01  5.176E+00  2.930E+02  0.000E+00  4.179E+02 -2.730E+02
  5.659E+01  5.160E+00  2.930E+02  0.000E+00  4.179E+02 -2.730E+02
  5.669E+01  5.145E+00  2.930E+02  0.000E+00  4.179E+02 -2.730E+02
  5.679E+01  5.130E+00  2.930E+02  0.000E+00  4.179E+02 -2.730E+02
  5.689E+01  5.115E+00  2.930E+02  0.000E+00  4.179E+02 -2.730E+02
  5.699E+01  5.101E+00  2.930E+02  0.000E+00  4.179E+02 -2.730E+02
  5.709E+01  5.086E+00  2.930E+02  0.000E+00  4.179E+02 -2.730E+02
  5.719E+01  5.071E+00  2.930E+02  0.000E+00  4.179E+02 -2.730E+02
  5.729E+01  5.057E+00  2.930E+02  0.000E+00  4.179E+02 -2.730E+02
  5.739E+01  5.043E+00  2.930E+02  0.000E+00  4.179E+02 -2.730E+02
  5.749E+01  5.029E+00  2.930E+02  0.000E+00  4.179E+02 -2.730E+02
  5.759E+01  5.015E+00  2.930E+02  0.000E+00  4.179E+02 -2.730E+02
  5.769E+01  5.002E+00  2.930E+02  0.000E+00  4.179E+02 -2.730E+02
  5.779E+01  4.988E+00  2.930E+02  0.000E+00  4.179E+02 -2.730E+02
  5.789E+01  4.975E+00  2.930E+02  0.000E+00  4.179E+02 -2.730E+02
  5.799E+01  4.963E+00  2.930E+02  0.000E+00  4.179E+02 -2.730E+02
  5.809E+01  4.950E+00  2.930E+02  0.000E+00  4.179E+02 -2.730E+02
  5.819E+01  4.938E+00  2.930E+02  0.000E+00  4.179E+02 -2.730E+02
  5.829E+01  4.926E+00  2.930E+02  0.000E+00  4.179E+02 -2.730E+02
  5.839E+01  4.914E+00  2.930E+02  0.000E+00  4.179E+02 -2.730E+02
  5.849E+01  4.903E+00  2.930E+02  0.000E+00  4.179E+02 -2.730E+02
  5.859E+01  4.892E+00  2.930E+02  0.000E+00  4.179E+02 -2.730E+02
  5.869E+01  4.882E+00  2.930E+02  0.000E+00  4.179E+02 -2.730E+02
  5.879E+01  4.871E+00  2.930E+02  0.000E+00  4.179E+02 -2.730E+02
  5.889E+01  4.862E+00  2.930E+02  0.000E+00  4.179E+02 -2.730E+02
  5.899E+01  4.852E+00  2.930E+02  0.000E+00  4.179E+02 -2.730E+02
  5.909E+01  4.843E+00  2.930E+02  0.000E+00  4.179E+02 -2.730E+02
  5.919E+01  4.835E+00  2.930E+02  0.000E+00  4.179E+02 -2.730E+02
  5.929E+01  4.827E+00  2.930E+02  0.000E+00  4.179E+02 -2.730E+02
  5.939E+01  4.819E+00  2.930E+02  0.000E+00  4.179E+02 -2.730E+02
  5.949E+01  4.812E+00  2.930E+02  0.000E+00  4.179E+02 -2.730E+02
  5.959E+01  4.805E+00  2.930E+02  0.000E+00  4.179E+02 -2.730E+02
  5.969E+01  4.799E+00  2.930E+02  0.000E+00  4.179E+02 -2.730E+02
  5.979E+01  4.793E+00  2.930E+02  0.000E+00  4.179E+02 -2.730E+02
  5.989E+01  4.787E+00  2.930E+02  0.000E+00  4.179E+02 -2.730E+02
  5.999E+01  4.782E+00  2.930E+02  0.000E+00  4.179E+02 -2.730E+02
  6.009E+01  4.778E+00  2.930E+02  0.000E+00  4.179E+02 -2.730E+02
