 X( 21)=-4.6481E+01     Y(  9)=-1.9679E+02     Z( 14)= 4.8577E+01

       TIME  Velocity   Temperatur CH4        Max radiat Solid Temp
  1.000E-03  1.924E+01  2.930E+02  0.000E+00  4.179E+02 -2.730E+02
  2.100E-03  1.924E+01  2.930E+02  0.000E+00  4.179E+02 -2.730E+02
  3.111E-03  1.924E+01  2.930E+02  0.000E+00  4.179E+02 -2.730E+02
  4.223E-03  1.922E+01  2.930E+02  0.000E+00  4.179E+02 -2.730E+02
  5.437E-03  1.916E+01  2.930E+02  0.000E+00  4.179E+02 -2.730E+02
  6.772E-03  1.907E+01  2.930E+02  0.000E+00  4.179E+02 -2.730E+02
  8.240E-03  1.909E+01  2.930E+02  0.000E+00  4.179E+02 -2.730E+02
  9.855E-03  1.912E+01  2.930E+02  0.000E+00  4.179E+02 -2.730E+02
  1.163E-02  1.913E+01  2.930E+02  0.000E+00  4.179E+02 -2.730E+02
  1.359E-02  1.912E+01  2.930E+02  0.000E+00  4.179E+02 -2.730E+02
  1.574E-02  1.912E+01  2.930E+02  0.000E+00  4.179E+02 -2.730E+02
  1.810E-02  1.911E+01  2.930E+02  0.000E+00  4.179E+02 -2.730E+02
  2.070E-02  1.910E+01  2.930E+02  0.000E+00  4.179E+02 -2.730E+02
  2.356E-02  1.910E+01  2.930E+02  0.000E+00  4.179E+02 -2.730E+02
  2.671E-02  1.910E+01  2.930E+02  0.000E+00  4.179E+02 -2.730E+02
  3.017E-02  1.910E+01  2.930E+02  0.000E+00  4.179E+02 -2.730E+02
  3.398E-02  1.910E+01  2.930E+02  0.000E+00  4.179E+02 -2.730E+02
  3.817E-02  1.910E+01  2.930E+02  0.000E+00  4.179E+02 -2.730E+02
  4.278E-02  1.910E+01  2.930E+02  0.000E+00  4.179E+02 -2.730E+02
  4.745E-02  1.910E+01  2.930E+02  0.000E+00  4.179E+02 -2.730E+02
  5.260E-02  1.911E+01  2.930E+02  0.000E+00  4.179E+02 -2.730E+02
  5.825E-02  1.911E+01  2.930E+02  0.000E+00  4.179E+02 -2.730E+02
  6.447E-02  1.911E+01  2.930E+02  0.000E+00  4.179E+02 -2.730E+02
  7.131E-02  1.911E+01  2.930E+02  0.000E+00  4.179E+02 -2.730E+02
  7.884E-02  1.910E+01  2.930E+02  0.000E+00  4.179E+02 -2.730E+02
  8.711E-02  1.910E+01  2.930E+02  0.000E+00  4.179E+02 -2.730E+02
  9.621E-02  1.909E+01  2.930E+02  0.000E+00  4.179E+02 -2.730E+02
  1.062E-01  1.909E+01  2.930E+02  0.000E+00  4.179E+02 -2.730E+02
  1.172E-01  1.909E+01  2.930E+02  0.000E+00  4.179E+02 -2.730E+02
  1.293E-01  1.908E+01  2.930E+02  0.000E+00  4.179E+02 -2.730E+02
  1.427E-01  1.908E+01  2.930E+02  0.000E+00  4.179E+02 -2.730E+02
  1.573E-01  1.908E+01  2.930E+02  0.000E+00  4.179E+02 -2.730E+02
  1.735E-01  1.908E+01  2.930E+02  0.000E+00  4.179E+02 -2.730E+02
  1.912E-01  1.908E+01  2.930E+02  0.000E+00  4.179E+02 -2.730E+02
  2.107E-01  1.908E+01  2.930E+02  0.000E+00  4.179E+02 -2.730E+02
  2.322E-01  1.908E+01  2.930E+02  0.000E+00  4.179E+02 -2.730E+02
  2.558E-01  1.907E+01  2.930E+02  0.000E+00  4.179E+02 -2.730E+02
  2.817E-01  1.907E+01  2.930E+02  0.000E+00  4.179E+02 -2.730E+02
  3.102E-01  1.907E+01  2.930E+02  0.000E+00  4.179E+02 -2.730E+02
  3.412E-01  1.907E+01  2.930E+02  0.000E+00  4.179E+02 -2.730E+02
  3.753E-01  1.907E+01  2.930E+02  0.000E+00  4.179E+02 -2.730E+02
  4.128E-01  1.906E+01  2.930E+02  0.000E+00  4.179E+02 -2.730E+02
  4.540E-01  1.906E+01  2.930E+02  0.000E+00  4.179E+02 -2.730E+02
  4.991E-01  1.905E+01  2.930E+02  0.000E+00  4.179E+02 -2.730E+02
  5.486E-01  1.905E+01  2.930E+02  0.000E+00  4.179E+02 -2.730E+02
  6.031E-01  1.904E+01  2.930E+02  0.000E+00  4.179E+02 -2.730E+02
  6.630E-01  1.904E+01  2.930E+02  0.000E+00  4.179E+02 -2.730E+02
  7.287E-01  1.903E+01  2.930E+02  0.000E+00  4.179E+02 -2.730E+02
  8.010E-01  1.903E+01  2.930E+02  0.000E+00  4.179E+02 -2.730E+02
  8.806E-01  1.903E+01  2.930E+02  0.000E+00  4.179E+02 -2.730E+02
  9.664E-01  1.902E+01  2.930E+02  0.000E+00  4.179E+02 -2.730E+02
  1.061E+00  1.902E+01  2.930E+02  0.000E+00  4.179E+02 -2.730E+02
  1.161E+00  1.901E+01  2.930E+02  0.000E+00  4.179E+02 -2.730E+02
  1.261E+00  1.901E+01  2.930E+02  0.000E+00  4.179E+02 -2.730E+02
  1.361E+00  1.901E+01  2.930E+02  0.000E+00  4.179E+02 -2.730E+02
  1.461E+00  1.900E+01  2.930E+02  0.000E+00  4.179E+02 -2.730E+02
  1.561E+00  1.900E+01  2.930E+02  0.000E+00  4.179E+02 -2.730E+02
  1.661E+00  1.899E+01  2.930E+02  0.000E+00  4.179E+02 -2.730E+02
  1.761E+00  1.899E+01  2.930E+02  0.000E+00  4.179E+02 -2.730E+02
  1.861E+00  1.899E+01  2.930E+02  0.000E+00  4.179E+02 -2.730E+02
  1.961E+00  1.898E+01  2.930E+02  0.000E+00  4.179E+02 -2.730E+02
  2.061E+00  1.898E+01  2.930E+02  0.000E+00  4.179E+02 -2.730E+02
  2.161E+00  1.898E+01  2.930E+02  0.000E+00  4.179E+02 -2.730E+02
  2.261E+00  1.897E+01  2.930E+02  0.000E+00  4.179E+02 -2.730E+02
  2.361E+00  1.897E+01  2.930E+02  0.000E+00  4.179E+02 -2.730E+02
  2.461E+00  1.897E+01  2.930E+02  0.000E+00  4.179E+02 -2.730E+02
  2.561E+00  1.896E+01  2.930E+02  0.000E+00  4.179E+02 -2.730E+02
  2.661E+00  1.896E+01  2.930E+02  0.000E+00  4.179E+02 -2.730E+02
  2.761E+00  1.896E+01  2.930E+02  0.000E+00  4.179E+02 -2.730E+02
  2.861E+00  1.896E+01  2.930E+02  0.000E+00  4.179E+02 -2.730E+02
  2.961E+00  1.895E+01  2.930E+02  0.000E+00  4.179E+02 -2.730E+02
  3.061E+00  1.895E+01  2.930E+02  0.000E+00  4.179E+02 -2.730E+02
  3.161E+00  1.895E+01  2.930E+02  0.000E+00  4.179E+02 -2.730E+02
  3.261E+00  1.895E+01  2.930E+02  0.000E+00  4.179E+02 -2.730E+02
  3.361E+00  1.895E+01  2.930E+02  0.000E+00  4.179E+02 -2.730E+02
  3.461E+00  1.894E+01  2.930E+02  0.000E+00  4.179E+02 -2.730E+02
  3.561E+00  1.894E+01  2.930E+02  0.000E+00  4.179E+02 -2.730E+02
  3.661E+00  1.894E+01  2.930E+02  0.000E+00  4.179E+02 -2.730E+02
  3.761E+00  1.894E+01  2.930E+02  0.000E+00  4.179E+02 -2.730E+02
  3.861E+00  1.893E+01  2.930E+02  0.000E+00  4.179E+02 -2.730E+02
  3.961E+00  1.893E+01  2.930E+02  0.000E+00  4.179E+02 -2.730E+02
  4.061E+00  1.893E+01  2.930E+02  0.000E+00  4.179E+02 -2.730E+02
  4.161E+00  1.893E+01  2.930E+02  0.000E+00  4.179E+02 -2.730E+02
  4.261E+00  1.893E+01  2.930E+02  0.000E+00  4.179E+02 -2.730E+02
  4.361E+00  1.893E+01  2.930E+02  0.000E+00  4.179E+02 -2.730E+02
  4.461E+00  1.892E+01  2.930E+02  0.000E+00  4.179E+02 -2.730E+02
  4.561E+00  1.892E+01  2.930E+02  0.000E+00  4.179E+02 -2.730E+02
  4.661E+00  1.892E+01  2.930E+02  0.000E+00  4.179E+02 -2.730E+02
  4.761E+00  1.892E+01  2.930E+02  0.000E+00  4.179E+02 -2.730E+02
  4.861E+00  1.892E+01  2.930E+02  0.000E+00  4.179E+02 -2.730E+02
  4.961E+00  1.892E+01  2.930E+02  0.000E+00  4.179E+02 -2.730E+02
  5.061E+00  1.891E+01  2.930E+02  0.000E+00  4.179E+02 -2.730E+02
  5.161E+00  1.891E+01  2.930E+02  0.000E+00  4.179E+02 -2.730E+02
  5.261E+00  1.891E+01  2.930E+02  0.000E+00  4.179E+02 -2.730E+02
  5.361E+00  1.891E+01  2.930E+02  0.000E+00  4.179E+02 -2.730E+02
  5.461E+00  1.891E+01  2.930E+02  0.000E+00  4.179E+02 -2.730E+02
  5.561E+00  1.891E+01  2.930E+02  0.000E+00  4.179E+02 -2.730E+02
  5.661E+00  1.891E+01  2.930E+02  0.000E+00  4.179E+02 -2.730E+02
  5.761E+00  1.891E+01  2.930E+02  0.000E+00  4.179E+02 -2.730E+02
  5.861E+00  1.890E+01  2.930E+02  0.000E+00  4.179E+02 -2.730E+02
  5.961E+00  1.890E+01  2.930E+02  0.000E+00  4.179E+02 -2.730E+02
  6.061E+00  1.890E+01  2.930E+02  0.000E+00  4.179E+02 -2.730E+02
  6.161E+00  1.890E+01  2.930E+02  0.000E+00  4.179E+02 -2.730E+02
  6.261E+00  1.890E+01  2.930E+02  0.000E+00  4.179E+02 -2.730E+02
  6.361E+00  1.890E+01  2.930E+02  0.000E+00  4.179E+02 -2.730E+02
  6.461E+00  1.890E+01  2.930E+02  0.000E+00  4.179E+02 -2.730E+02
  6.561E+00  1.890E+01  2.930E+02  0.000E+00  4.179E+02 -2.730E+02
  6.661E+00  1.890E+01  2.930E+02  0.000E+00  4.179E+02 -2.730E+02
  6.761E+00  1.890E+01  2.930E+02  0.000E+00  4.179E+02 -2.730E+02
  6.861E+00  1.889E+01  2.930E+02  0.000E+00  4.179E+02 -2.730E+02
  6.961E+00  1.889E+01  2.930E+02  0.000E+00  4.179E+02 -2.730E+02
  7.061E+00  1.889E+01  2.930E+02  0.000E+00  4.179E+02 -2.730E+02
  7.161E+00  1.889E+01  2.930E+02  0.000E+00  4.179E+02 -2.730E+02
  7.261E+00  1.889E+01  2.930E+02  0.000E+00  4.179E+02 -2.730E+02
  7.361E+00  1.889E+01  2.930E+02  0.000E+00  4.179E+02 -2.730E+02
  7.461E+00  1.889E+01  2.930E+02  0.000E+00  4.179E+02 -2.730E+02
  7.561E+00  1.889E+01  2.930E+02  0.000E+00  4.179E+02 -2.730E+02
  7.661E+00  1.889E+01  2.930E+02  0.000E+00  4.179E+02 -2.730E+02
  7.761E+00  1.889E+01  2.930E+02  0.000E+00  4.179E+02 -2.730E+02
  7.861E+00  1.889E+01  2.930E+02  0.000E+00  4.179E+02 -2.730E+02
  7.961E+00  1.889E+01  2.930E+02  0.000E+00  4.179E+02 -2.730E+02
  8.061E+00  1.889E+01  2.930E+02  0.000E+00  4.179E+02 -2.730E+02
  8.161E+00  1.888E+01  2.930E+02  0.000E+00  4.179E+02 -2.730E+02
  8.261E+00  1.888E+01  2.930E+02  0.000E+00  4.179E+02 -2.730E+02
  8.361E+00  1.888E+01  2.930E+02  0.000E+00  4.179E+02 -2.730E+02
  8.461E+00  1.888E+01  2.930E+02  0.000E+00  4.179E+02 -2.730E+02
  8.561E+00  1.888E+01  2.930E+02  0.000E+00  4.179E+02 -2.730E+02
  8.661E+00  1.888E+01  2.930E+02  0.000E+00  4.179E+02 -2.730E+02
  8.761E+00  1.888E+01  2.930E+02  0.000E+00  4.179E+02 -2.730E+02
  8.861E+00  1.888E+01  2.930E+02  0.000E+00  4.179E+02 -2.730E+02
  8.961E+00  1.888E+01  2.930E+02  0.000E+00  4.179E+02 -2.730E+02
  9.061E+00  1.888E+01  2.930E+02  0.000E+00  4.179E+02 -2.730E+02
  9.161E+00  1.888E+01  2.930E+02  0.000E+00  4.179E+02 -2.730E+02
  9.261E+00  1.888E+01  2.930E+02  0.000E+00  4.179E+02 -2.730E+02
  9.361E+00  1.888E+01  2.930E+02  0.000E+00  4.179E+02 -2.730E+02
  9.461E+00  1.888E+01  2.930E+02  0.000E+00  4.179E+02 -2.730E+02
  9.561E+00  1.888E+01  2.930E+02  0.000E+00  4.179E+02 -2.730E+02
  9.661E+00  1.888E+01  2.930E+02  0.000E+00  4.179E+02 -2.730E+02
  9.761E+00  1.888E+01  2.930E+02  0.000E+00  4.179E+02 -2.730E+02
  9.861E+00  1.888E+01  2.930E+02  0.000E+00  4.179E+02 -2.730E+02
  9.961E+00  1.888E+01  2.930E+02  0.000E+00  4.179E+02 -2.730E+02
  1.006E+01  1.888E+01  2.930E+02  0.000E+00  4.179E+02 -2.730E+02
  1.016E+01  1.888E+01  2.930E+02  0.000E+00  4.179E+02 -2.730E+02
  1.026E+01  1.888E+01  2.930E+02  0.000E+00  4.179E+02 -2.730E+02
  1.036E+01  1.888E+01  2.930E+02  0.000E+00  4.179E+02 -2.730E+02
  1.046E+01  1.888E+01  2.930E+02  0.000E+00  4.179E+02 -2.730E+02
  1.056E+01  1.888E+01  2.930E+02  0.000E+00  4.179E+02 -2.730E+02
  1.066E+01  1.888E+01  2.930E+02  0.000E+00  4.179E+02 -2.730E+02
  1.076E+01  1.887E+01  2.930E+02  0.000E+00  4.179E+02 -2.730E+02
  1.086E+01  1.887E+01  2.930E+02  0.000E+00  4.179E+02 -2.730E+02
  1.096E+01  1.887E+01  2.930E+02  0.000E+00  4.179E+02 -2.730E+02
  1.106E+01  1.887E+01  2.930E+02  0.000E+00  4.179E+02 -2.730E+02
  1.116E+01  1.887E+01  2.930E+02  0.000E+00  4.179E+02 -2.730E+02
  1.126E+01  1.887E+01  2.930E+02  0.000E+00  4.179E+02 -2.730E+02
  1.136E+01  1.887E+01  2.930E+02  0.000E+00  4.179E+02 -2.730E+02
  1.146E+01  1.887E+01  2.930E+02  0.000E+00  4.179E+02 -2.730E+02
  1.156E+01  1.887E+01  2.930E+02  0.000E+00  4.179E+02 -2.730E+02
  1.166E+01  1.887E+01  2.930E+02  0.000E+00  4.179E+02 -2.730E+02
  1.176E+01  1.887E+01  2.930E+02  0.000E+00  4.179E+02 -2.730E+02
  1.186E+01  1.887E+01  2.930E+02  0.000E+00  4.179E+02 -2.730E+02
  1.196E+01  1.887E+01  2.930E+02  0.000E+00  4.179E+02 -2.730E+02
  1.206E+01  1.887E+01  2.930E+02  0.000E+00  4.179E+02 -2.730E+02
  1.216E+01  1.887E+01  2.930E+02  0.000E+00  4.179E+02 -2.730E+02
  1.226E+01  1.887E+01  2.930E+02  0.000E+00  4.179E+02 -2.730E+02
  1.236E+01  1.887E+01  2.930E+02  0.000E+00  4.179E+02 -2.730E+02
  1.246E+01  1.887E+01  2.930E+02  0.000E+00  4.179E+02 -2.730E+02
  1.256E+01  1.887E+01  2.930E+02  0.000E+00  4.179E+02 -2.730E+02
  1.266E+01  1.887E+01  2.930E+02  0.000E+00  4.179E+02 -2.730E+02
  1.276E+01  1.887E+01  2.930E+02  0.000E+00  4.179E+02 -2.730E+02
  1.286E+01  1.887E+01  2.930E+02  0.000E+00  4.179E+02 -2.730E+02
  1.296E+01  1.887E+01  2.930E+02  0.000E+00  4.179E+02 -2.730E+02
  1.306E+01  1.887E+01  2.930E+02  0.000E+00  4.179E+02 -2.730E+02
  1.316E+01  1.887E+01  2.930E+02  0.000E+00  4.179E+02 -2.730E+02
  1.326E+01  1.887E+01  2.930E+02  0.000E+00  4.179E+02 -2.730E+02
  1.336E+01  1.887E+01  2.930E+02  0.000E+00  4.179E+02 -2.730E+02
  1.346E+01  1.887E+01  2.930E+02  0.000E+00  4.179E+02 -2.730E+02
  1.356E+01  1.887E+01  2.930E+02  0.000E+00  4.179E+02 -2.730E+02
  1.366E+01  1.887E+01  2.930E+02  0.000E+00  4.179E+02 -2.730E+02
  1.376E+01  1.887E+01  2.930E+02  0.000E+00  4.179E+02 -2.730E+02
  1.386E+01  1.887E+01  2.930E+02  0.000E+00  4.179E+02 -2.730E+02
  1.396E+01  1.887E+01  2.930E+02  0.000E+00  4.179E+02 -2.730E+02
  1.406E+01  1.887E+01  2.930E+02  0.000E+00  4.179E+02 -2.730E+02
  1.416E+01  1.887E+01  2.930E+02  0.000E+00  4.179E+02 -2.730E+02
  1.426E+01  1.887E+01  2.930E+02  0.000E+00  4.179E+02 -2.730E+02
  1.436E+01  1.887E+01  2.930E+02  0.000E+00  4.179E+02 -2.730E+02
  1.446E+01  1.887E+01  2.930E+02  0.000E+00  4.179E+02 -2.730E+02
  1.456E+01  1.887E+01  2.930E+02  0.000E+00  4.179E+02 -2.730E+02
  1.466E+01  1.887E+01  2.930E+02  0.000E+00  4.179E+02 -2.730E+02
  1.476E+01  1.887E+01  2.930E+02  0.000E+00  4.179E+02 -2.730E+02
  1.486E+01  1.887E+01  2.930E+02  0.000E+00  4.179E+02 -2.730E+02
  1.496E+01  1.887E+01  2.930E+02  0.000E+00  4.179E+02 -2.730E+02
  1.506E+01  1.887E+01  2.930E+02  0.000E+00  4.179E+02 -2.730E+02
  1.516E+01  1.887E+01  2.930E+02  0.000E+00  4.179E+02 -2.730E+02
  1.526E+01  1.887E+01  2.930E+02  0.000E+00  4.179E+02 -2.730E+02
  1.536E+01  1.887E+01  2.930E+02  0.000E+00  4.179E+02 -2.730E+02
  1.546E+01  1.887E+01  2.930E+02  0.000E+00  4.179E+02 -2.730E+02
  1.556E+01  1.887E+01  2.930E+02  0.000E+00  4.179E+02 -2.730E+02
  1.566E+01  1.887E+01  2.930E+02  0.000E+00  4.179E+02 -2.730E+02
  1.576E+01  1.887E+01  2.930E+02  0.000E+00  4.179E+02 -2.730E+02
  1.586E+01  1.886E+01  2.930E+02  0.000E+00  4.179E+02 -2.730E+02
  1.596E+01  1.886E+01  2.930E+02  0.000E+00  4.179E+02 -2.730E+02
  1.606E+01  1.886E+01  2.930E+02  0.000E+00  4.179E+02 -2.730E+02
  1.616E+01  1.886E+01  2.930E+02  0.000E+00  4.179E+02 -2.730E+02
  1.626E+01  1.886E+01  2.930E+02  0.000E+00  4.179E+02 -2.730E+02
  1.636E+01  1.886E+01  2.930E+02  0.000E+00  4.179E+02 -2.730E+02
  1.646E+01  1.886E+01  2.930E+02  0.000E+00  4.179E+02 -2.730E+02
  1.656E+01  1.886E+01  2.930E+02  0.000E+00  4.179E+02 -2.730E+02
  1.666E+01  1.886E+01  2.930E+02  0.000E+00  4.179E+02 -2.730E+02
  1.676E+01  1.886E+01  2.930E+02  0.000E+00  4.179E+02 -2.730E+02
  1.686E+01  1.886E+01  2.930E+02  0.000E+00  4.179E+02 -2.730E+02
  1.696E+01  1.886E+01  2.930E+02  0.000E+00  4.179E+02 -2.730E+02
  1.706E+01  1.886E+01  2.930E+02  0.000E+00  4.179E+02 -2.730E+02
  1.716E+01  1.886E+01  2.930E+02  0.000E+00  4.179E+02 -2.730E+02
  1.726E+01  1.886E+01  2.930E+02  0.000E+00  4.179E+02 -2.730E+02
  1.736E+01  1.886E+01  2.930E+02  0.000E+00  4.179E+02 -2.730E+02
  1.746E+01  1.886E+01  2.930E+02  0.000E+00  4.179E+02 -2.730E+02
  1.756E+01  1.886E+01  2.930E+02  0.000E+00  4.179E+02 -2.730E+02
  1.766E+01  1.886E+01  2.930E+02  0.000E+00  4.179E+02 -2.730E+02
  1.776E+01  1.886E+01  2.930E+02  0.000E+00  4.179E+02 -2.730E+02
  1.786E+01  1.886E+01  2.930E+02  0.000E+00  4.179E+02 -2.730E+02
  1.796E+01  1.886E+01  2.930E+02  0.000E+00  4.179E+02 -2.730E+02
  1.806E+01  1.886E+01  2.930E+02  0.000E+00  4.179E+02 -2.730E+02
  1.816E+01  1.886E+01  2.930E+02  0.000E+00  4.179E+02 -2.730E+02
  1.826E+01  1.886E+01  2.930E+02  0.000E+00  4.179E+02 -2.730E+02
  1.836E+01  1.886E+01  2.930E+02  0.000E+00  4.179E+02 -2.730E+02
  1.846E+01  1.886E+01  2.930E+02  0.000E+00  4.179E+02 -2.730E+02
  1.856E+01  1.886E+01  2.930E+02  0.000E+00  4.179E+02 -2.730E+02
  1.866E+01  1.886E+01  2.930E+02  0.000E+00  4.179E+02 -2.730E+02
  1.876E+01  1.886E+01  2.930E+02  0.000E+00  4.179E+02 -2.730E+02
  1.886E+01  1.886E+01  2.930E+02  0.000E+00  4.179E+02 -2.730E+02
  1.896E+01  1.886E+01  2.930E+02  0.000E+00  4.179E+02 -2.730E+02
  1.906E+01  1.886E+01  2.930E+02  0.000E+00  4.179E+02 -2.730E+02
  1.916E+01  1.886E+01  2.930E+02  0.000E+00  4.179E+02 -2.730E+02
  1.926E+01  1.886E+01  2.930E+02  0.000E+00  4.179E+02 -2.730E+02
  1.936E+01  1.886E+01  2.930E+02  0.000E+00  4.179E+02 -2.730E+02
  1.946E+01  1.886E+01  2.930E+02  0.000E+00  4.179E+02 -2.730E+02
  1.956E+01  1.886E+01  2.930E+02  0.000E+00  4.179E+02 -2.730E+02
  1.966E+01  1.886E+01  2.930E+02  0.000E+00  4.179E+02 -2.730E+02
  1.976E+01  1.886E+01  2.930E+02  0.000E+00  4.179E+02 -2.730E+02
  1.986E+01  1.886E+01  2.930E+02  0.000E+00  4.179E+02 -2.730E+02
  1.996E+01  1.886E+01  2.930E+02  0.000E+00  4.179E+02 -2.730E+02
  2.006E+01  1.886E+01  2.930E+02  0.000E+00  4.179E+02 -2.730E+02
  2.016E+01  1.886E+01  2.930E+02  0.000E+00  4.179E+02 -2.730E+02
  2.026E+01  1.886E+01  2.930E+02  0.000E+00  4.179E+02 -2.730E+02
  2.036E+01  1.886E+01  2.930E+02  0.000E+00  4.179E+02 -2.730E+02
  2.046E+01  1.886E+01  2.930E+02  0.000E+00  4.179E+02 -2.730E+02
  2.056E+01  1.886E+01  2.930E+02  0.000E+00  4.179E+02 -2.730E+02
  2.066E+01  1.886E+01  2.930E+02  0.000E+00  4.179E+02 -2.730E+02
  2.076E+01  1.886E+01  2.930E+02  0.000E+00  4.179E+02 -2.730E+02
  2.086E+01  1.885E+01  2.930E+02  0.000E+00  4.179E+02 -2.730E+02
  2.096E+01  1.885E+01  2.930E+02  0.000E+00  4.179E+02 -2.730E+02
  2.106E+01  1.885E+01  2.930E+02  0.000E+00  4.179E+02 -2.730E+02
  2.116E+01  1.885E+01  2.930E+02  0.000E+00  4.179E+02 -2.730E+02
  2.126E+01  1.885E+01  2.930E+02  0.000E+00  4.179E+02 -2.730E+02
  2.136E+01  1.885E+01  2.930E+02  0.000E+00  4.179E+02 -2.730E+02
  2.146E+01  1.885E+01  2.930E+02  0.000E+00  4.179E+02 -2.730E+02
  2.156E+01  1.885E+01  2.930E+02  0.000E+00  4.179E+02 -2.730E+02
  2.166E+01  1.885E+01  2.930E+02  0.000E+00  4.179E+02 -2.730E+02
  2.176E+01  1.885E+01  2.930E+02  0.000E+00  4.179E+02 -2.730E+02
  2.186E+01  1.885E+01  2.930E+02  0.000E+00  4.179E+02 -2.730E+02
  2.196E+01  1.885E+01  2.930E+02  0.000E+00  4.179E+02 -2.730E+02
  2.206E+01  1.885E+01  2.930E+02  0.000E+00  4.179E+02 -2.730E+02
  2.216E+01  1.885E+01  2.930E+02  0.000E+00  4.179E+02 -2.730E+02
  2.226E+01  1.885E+01  2.930E+02  0.000E+00  4.179E+02 -2.730E+02
  2.236E+01  1.885E+01  2.930E+02  0.000E+00  4.179E+02 -2.730E+02
  2.246E+01  1.885E+01  2.930E+02  0.000E+00  4.179E+02 -2.730E+02
  2.256E+01  1.885E+01  2.930E+02  0.000E+00  4.179E+02 -2.730E+02
  2.266E+01  1.885E+01  2.930E+02  0.000E+00  4.179E+02 -2.730E+02
  2.276E+01  1.885E+01  2.930E+02  0.000E+00  4.179E+02 -2.730E+02
  2.286E+01  1.885E+01  2.930E+02  0.000E+00  4.179E+02 -2.730E+02
  2.296E+01  1.885E+01  2.930E+02  0.000E+00  4.179E+02 -2.730E+02
  2.306E+01  1.885E+01  2.930E+02  0.000E+00  4.179E+02 -2.730E+02
  2.316E+01  1.885E+01  2.930E+02  0.000E+00  4.179E+02 -2.730E+02
  2.326E+01  1.885E+01  2.930E+02  0.000E+00  4.179E+02 -2.730E+02
  2.336E+01  1.885E+01  2.930E+02  0.000E+00  4.179E+02 -2.730E+02
  2.346E+01  1.885E+01  2.930E+02  0.000E+00  4.179E+02 -2.730E+02
  2.356E+01  1.885E+01  2.930E+02  0.000E+00  4.179E+02 -2.730E+02
  2.366E+01  1.885E+01  2.930E+02  0.000E+00  4.179E+02 -2.730E+02
  2.376E+01  1.885E+01  2.930E+02  0.000E+00  4.179E+02 -2.730E+02
  2.386E+01  1.885E+01  2.930E+02  0.000E+00  4.179E+02 -2.730E+02
  2.396E+01  1.885E+01  2.930E+02  0.000E+00  4.179E+02 -2.730E+02
  2.406E+01  1.885E+01  2.930E+02  0.000E+00  4.179E+02 -2.730E+02
  2.416E+01  1.885E+01  2.930E+02  0.000E+00  4.179E+02 -2.730E+02
  2.426E+01  1.885E+01  2.930E+02  0.000E+00  4.179E+02 -2.730E+02
  2.436E+01  1.885E+01  2.930E+02  0.000E+00  4.179E+02 -2.730E+02
  2.446E+01  1.885E+01  2.930E+02  0.000E+00  4.179E+02 -2.730E+02
  2.456E+01  1.885E+01  2.930E+02  0.000E+00  4.179E+02 -2.730E+02
  2.466E+01  1.885E+01  2.930E+02  0.000E+00  4.179E+02 -2.730E+02
  2.476E+01  1.885E+01  2.930E+02  0.000E+00  4.179E+02 -2.730E+02
  2.486E+01  1.885E+01  2.930E+02  0.000E+00  4.179E+02 -2.730E+02
  2.496E+01  1.885E+01  2.930E+02  0.000E+00  4.179E+02 -2.730E+02
  2.506E+01  1.885E+01  2.930E+02  0.000E+00  4.179E+02 -2.730E+02
  2.516E+01  1.885E+01  2.930E+02  0.000E+00  4.179E+02 -2.730E+02
  2.526E+01  1.885E+01  2.930E+02  0.000E+00  4.179E+02 -2.730E+02
  2.536E+01  1.885E+01  2.930E+02  0.000E+00  4.179E+02 -2.730E+02
  2.546E+01  1.885E+01  2.930E+02  0.000E+00  4.179E+02 -2.730E+02
  2.556E+01  1.885E+01  2.930E+02  0.000E+00  4.179E+02 -2.730E+02
  2.566E+01  1.884E+01  2.930E+02  0.000E+00  4.179E+02 -2.730E+02
  2.576E+01  1.884E+01  2.930E+02  0.000E+00  4.179E+02 -2.730E+02
  2.586E+01  1.884E+01  2.930E+02  0.000E+00  4.179E+02 -2.730E+02
  2.596E+01  1.884E+01  2.930E+02  0.000E+00  4.179E+02 -2.730E+02
  2.606E+01  1.884E+01  2.930E+02  0.000E+00  4.179E+02 -2.730E+02
  2.616E+01  1.884E+01  2.930E+02  0.000E+00  4.179E+02 -2.730E+02
  2.626E+01  1.884E+01  2.930E+02  0.000E+00  4.179E+02 -2.730E+02
  2.636E+01  1.884E+01  2.930E+02  0.000E+00  4.179E+02 -2.730E+02
  2.646E+01  1.884E+01  2.930E+02  0.000E+00  4.179E+02 -2.730E+02
  2.656E+01  1.884E+01  2.930E+02  0.000E+00  4.179E+02 -2.730E+02
  2.666E+01  1.884E+01  2.930E+02  0.000E+00  4.179E+02 -2.730E+02
  2.676E+01  1.884E+01  2.930E+02  0.000E+00  4.179E+02 -2.730E+02
  2.686E+01  1.884E+01  2.930E+02  0.000E+00  4.179E+02 -2.730E+02
  2.696E+01  1.884E+01  2.930E+02  0.000E+00  4.179E+02 -2.730E+02
  2.706E+01  1.884E+01  2.930E+02  0.000E+00  4.179E+02 -2.730E+02
  2.716E+01  1.884E+01  2.930E+02  0.000E+00  4.179E+02 -2.730E+02
  2.726E+01  1.884E+01  2.930E+02  0.000E+00  4.179E+02 -2.730E+02
  2.736E+01  1.884E+01  2.930E+02  0.000E+00  4.179E+02 -2.730E+02
  2.746E+01  1.884E+01  2.930E+02  0.000E+00  4.179E+02 -2.730E+02
  2.756E+01  1.884E+01  2.930E+02  0.000E+00  4.179E+02 -2.730E+02
  2.766E+01  1.884E+01  2.930E+02  0.000E+00  4.179E+02 -2.730E+02
  2.776E+01  1.884E+01  2.930E+02  0.000E+00  4.179E+02 -2.730E+02
  2.786E+01  1.884E+01  2.930E+02  0.000E+00  4.179E+02 -2.730E+02
  2.796E+01  1.884E+01  2.930E+02  0.000E+00  4.179E+02 -2.730E+02
  2.806E+01  1.884E+01  2.930E+02  0.000E+00  4.179E+02 -2.730E+02
  2.816E+01  1.884E+01  2.930E+02  0.000E+00  4.179E+02 -2.730E+02
  2.826E+01  1.884E+01  2.930E+02  0.000E+00  4.179E+02 -2.730E+02
  2.836E+01  1.884E+01  2.930E+02  0.000E+00  4.179E+02 -2.730E+02
  2.846E+01  1.884E+01  2.930E+02  0.000E+00  4.179E+02 -2.730E+02
  2.856E+01  1.884E+01  2.930E+02  0.000E+00  4.179E+02 -2.730E+02
  2.866E+01  1.884E+01  2.930E+02  0.000E+00  4.179E+02 -2.730E+02
  2.876E+01  1.884E+01  2.930E+02  0.000E+00  4.179E+02 -2.730E+02
  2.886E+01  1.884E+01  2.930E+02  0.000E+00  4.179E+02 -2.730E+02
  2.896E+01  1.884E+01  2.930E+02  0.000E+00  4.179E+02 -2.730E+02
  2.906E+01  1.884E+01  2.930E+02  0.000E+00  4.179E+02 -2.730E+02
  2.916E+01  1.884E+01  2.930E+02  0.000E+00  4.179E+02 -2.730E+02
  2.926E+01  1.884E+01  2.930E+02  0.000E+00  4.179E+02 -2.730E+02
  2.936E+01  1.884E+01  2.930E+02  0.000E+00  4.179E+02 -2.730E+02
  2.946E+01  1.884E+01  2.930E+02  0.000E+00  4.179E+02 -2.730E+02
  2.956E+01  1.884E+01  2.930E+02  0.000E+00  4.179E+02 -2.730E+02
  2.966E+01  1.884E+01  2.930E+02  0.000E+00  4.179E+02 -2.730E+02
  2.976E+01  1.884E+01  2.930E+02  0.000E+00  4.179E+02 -2.730E+02
  2.986E+01  1.884E+01  2.930E+02  0.000E+00  4.179E+02 -2.730E+02
  2.996E+01  1.884E+01  2.930E+02  0.000E+00  4.179E+02 -2.730E+02
  3.006E+01  1.884E+01  2.930E+02  0.000E+00  4.179E+02 -2.730E+02
  3.016E+01  1.884E+01  2.930E+02  0.000E+00  4.179E+02 -2.730E+02
  3.026E+01  1.884E+01  2.930E+02  0.000E+00  4.179E+02 -2.730E+02
  3.036E+01  1.884E+01  2.930E+02  0.000E+00  4.179E+02 -2.730E+02
  3.046E+01  1.884E+01  2.930E+02  0.000E+00  4.179E+02 -2.730E+02
  3.056E+01  1.884E+01  2.930E+02  0.000E+00  4.179E+02 -2.730E+02
  3.066E+01  1.884E+01  2.930E+02  0.000E+00  4.179E+02 -2.730E+02
  3.076E+01  1.884E+01  2.930E+02  0.000E+00  4.179E+02 -2.730E+02
  3.086E+01  1.884E+01  2.930E+02  0.000E+00  4.179E+02 -2.730E+02
  3.096E+01  1.884E+01  2.930E+02  0.000E+00  4.179E+02 -2.730E+02
  3.106E+01  1.883E+01  2.930E+02  0.000E+00  4.179E+02 -2.730E+02
  3.116E+01  1.883E+01  2.930E+02  0.000E+00  4.179E+02 -2.730E+02
  3.126E+01  1.883E+01  2.930E+02  0.000E+00  4.179E+02 -2.730E+02
  3.136E+01  1.883E+01  2.930E+02  0.000E+00  4.179E+02 -2.730E+02
  3.146E+01  1.883E+01  2.930E+02  0.000E+00  4.179E+02 -2.730E+02
  3.156E+01  1.883E+01  2.930E+02  0.000E+00  4.179E+02 -2.730E+02
  3.166E+01  1.883E+01  2.930E+02  0.000E+00  4.179E+02 -2.730E+02
  3.176E+01  1.883E+01  2.930E+02  0.000E+00  4.179E+02 -2.730E+02
  3.186E+01  1.883E+01  2.930E+02  0.000E+00  4.179E+02 -2.730E+02
  3.196E+01  1.883E+01  2.930E+02  0.000E+00  4.179E+02 -2.730E+02
  3.206E+01  1.883E+01  2.930E+02  0.000E+00  4.179E+02 -2.730E+02
  3.216E+01  1.883E+01  2.930E+02  0.000E+00  4.179E+02 -2.730E+02
  3.226E+01  1.883E+01  2.930E+02  0.000E+00  4.179E+02 -2.730E+02
  3.236E+01  1.883E+01  2.930E+02  0.000E+00  4.179E+02 -2.730E+02
  3.246E+01  1.883E+01  2.930E+02  0.000E+00  4.179E+02 -2.730E+02
  3.256E+01  1.883E+01  2.930E+02  0.000E+00  4.179E+02 -2.730E+02
  3.266E+01  1.883E+01  2.930E+02  0.000E+00  4.179E+02 -2.730E+02
  3.276E+01  1.883E+01  2.930E+02  0.000E+00  4.179E+02 -2.730E+02
  3.286E+01  1.883E+01  2.930E+02  0.000E+00  4.179E+02 -2.730E+02
  3.296E+01  1.883E+01  2.930E+02  0.000E+00  4.179E+02 -2.730E+02
  3.306E+01  1.883E+01  2.930E+02  0.000E+00  4.179E+02 -2.730E+02
  3.316E+01  1.883E+01  2.930E+02  0.000E+00  4.179E+02 -2.730E+02
  3.326E+01  1.883E+01  2.930E+02  0.000E+00  4.179E+02 -2.730E+02
  3.336E+01  1.883E+01  2.930E+02  0.000E+00  4.179E+02 -2.730E+02
  3.346E+01  1.883E+01  2.930E+02  0.000E+00  4.179E+02 -2.730E+02
  3.356E+01  1.883E+01  2.930E+02  0.000E+00  4.179E+02 -2.730E+02
  3.366E+01  1.883E+01  2.930E+02  0.000E+00  4.179E+02 -2.730E+02
  3.376E+01  1.883E+01  2.930E+02  0.000E+00  4.179E+02 -2.730E+02
  3.386E+01  1.883E+01  2.930E+02  0.000E+00  4.179E+02 -2.730E+02
  3.396E+01  1.883E+01  2.930E+02  0.000E+00  4.179E+02 -2.730E+02
  3.406E+01  1.883E+01  2.930E+02  0.000E+00  4.179E+02 -2.730E+02
  3.416E+01  1.883E+01  2.930E+02  0.000E+00  4.179E+02 -2.730E+02
  3.426E+01  1.883E+01  2.930E+02  0.000E+00  4.179E+02 -2.730E+02
  3.436E+01  1.883E+01  2.930E+02  0.000E+00  4.179E+02 -2.730E+02
  3.446E+01  1.883E+01  2.930E+02  0.000E+00  4.179E+02 -2.730E+02
  3.456E+01  1.883E+01  2.930E+02  0.000E+00  4.179E+02 -2.730E+02
  3.466E+01  1.883E+01  2.930E+02  0.000E+00  4.179E+02 -2.730E+02
  3.476E+01  1.883E+01  2.930E+02  0.000E+00  4.179E+02 -2.730E+02
  3.486E+01  1.883E+01  2.930E+02  0.000E+00  4.179E+02 -2.730E+02
  3.496E+01  1.883E+01  2.930E+02  0.000E+00  4.179E+02 -2.730E+02
  3.506E+01  1.883E+01  2.930E+02  0.000E+00  4.179E+02 -2.730E+02
  3.516E+01  1.883E+01  2.930E+02  0.000E+00  4.179E+02 -2.730E+02
  3.526E+01  1.883E+01  2.930E+02  0.000E+00  4.179E+02 -2.730E+02
  3.536E+01  1.883E+01  2.930E+02  0.000E+00  4.179E+02 -2.730E+02
  3.546E+01  1.883E+01  2.930E+02  0.000E+00  4.179E+02 -2.730E+02
  3.556E+01  1.883E+01  2.930E+02  0.000E+00  4.179E+02 -2.730E+02
  3.566E+01  1.883E+01  2.930E+02  0.000E+00  4.179E+02 -2.730E+02
  3.576E+01  1.883E+01  2.930E+02  0.000E+00  4.179E+02 -2.730E+02
  3.586E+01  1.883E+01  2.930E+02  0.000E+00  4.179E+02 -2.730E+02
  3.596E+01  1.883E+01  2.930E+02  0.000E+00  4.179E+02 -2.730E+02
  3.606E+01  1.883E+01  2.930E+02  0.000E+00  4.179E+02 -2.730E+02
  3.616E+01  1.883E+01  2.930E+02  0.000E+00  4.179E+02 -2.730E+02
  3.626E+01  1.883E+01  2.930E+02  0.000E+00  4.179E+02 -2.730E+02
  3.636E+01  1.883E+01  2.930E+02  0.000E+00  4.179E+02 -2.730E+02
  3.646E+01  1.883E+01  2.930E+02  0.000E+00  4.179E+02 -2.730E+02
  3.656E+01  1.883E+01  2.930E+02  0.000E+00  4.179E+02 -2.730E+02
  3.666E+01  1.883E+01  2.930E+02  0.000E+00  4.179E+02 -2.730E+02
  3.676E+01  1.883E+01  2.930E+02  0.000E+00  4.179E+02 -2.730E+02
  3.686E+01  1.883E+01  2.930E+02  0.000E+00  4.179E+02 -2.730E+02
  3.696E+01  1.883E+01  2.930E+02  0.000E+00  4.179E+02 -2.730E+02
  3.706E+01  1.883E+01  2.930E+02  0.000E+00  4.179E+02 -2.730E+02
  3.716E+01  1.883E+01  2.930E+02  0.000E+00  4.179E+02 -2.730E+02
  3.726E+01  1.883E+01  2.930E+02  0.000E+00  4.179E+02 -2.730E+02
  3.736E+01  1.883E+01  2.930E+02  0.000E+00  4.179E+02 -2.730E+02
  3.746E+01  1.883E+01  2.930E+02  0.000E+00  4.179E+02 -2.730E+02
  3.756E+01  1.882E+01  2.930E+02  0.000E+00  4.179E+02 -2.730E+02
  3.766E+01  1.882E+01  2.930E+02  0.000E+00  4.179E+02 -2.730E+02
  3.776E+01  1.882E+01  2.930E+02  0.000E+00  4.179E+02 -2.730E+02
  3.786E+01  1.882E+01  2.930E+02  0.000E+00  4.179E+02 -2.730E+02
  3.796E+01  1.882E+01  2.930E+02  0.000E+00  4.179E+02 -2.730E+02
  3.806E+01  1.882E+01  2.930E+02  0.000E+00  4.179E+02 -2.730E+02
  3.816E+01  1.882E+01  2.930E+02  0.000E+00  4.179E+02 -2.730E+02
  3.826E+01  1.882E+01  2.930E+02  0.000E+00  4.179E+02 -2.730E+02
  3.836E+01  1.882E+01  2.930E+02  0.000E+00  4.179E+02 -2.730E+02
  3.846E+01  1.882E+01  2.930E+02  0.000E+00  4.179E+02 -2.730E+02
  3.856E+01  1.882E+01  2.930E+02  0.000E+00  4.179E+02 -2.730E+02
  3.866E+01  1.882E+01  2.930E+02  0.000E+00  4.179E+02 -2.730E+02
  3.876E+01  1.882E+01  2.930E+02  0.000E+00  4.179E+02 -2.730E+02
  3.886E+01  1.882E+01  2.930E+02  0.000E+00  4.179E+02 -2.730E+02
  3.896E+01  1.882E+01  2.930E+02  0.000E+00  4.179E+02 -2.730E+02
  3.906E+01  1.882E+01  2.930E+02  0.000E+00  4.179E+02 -2.730E+02
  3.916E+01  1.882E+01  2.930E+02  0.000E+00  4.179E+02 -2.730E+02
  3.926E+01  1.882E+01  2.930E+02  0.000E+00  4.179E+02 -2.730E+02
  3.936E+01  1.882E+01  2.930E+02  0.000E+00  4.179E+02 -2.730E+02
  3.946E+01  1.882E+01  2.930E+02  0.000E+00  4.179E+02 -2.730E+02
  3.956E+01  1.882E+01  2.930E+02  0.000E+00  4.179E+02 -2.730E+02
  3.966E+01  1.882E+01  2.930E+02  0.000E+00  4.179E+02 -2.730E+02
  3.976E+01  1.882E+01  2.930E+02  0.000E+00  4.179E+02 -2.730E+02
  3.986E+01  1.882E+01  2.930E+02  0.000E+00  4.179E+02 -2.730E+02
  3.996E+01  1.882E+01  2.930E+02  0.000E+00  4.179E+02 -2.730E+02
  4.006E+01  1.882E+01  2.930E+02  0.000E+00  4.179E+02 -2.730E+02
  4.016E+01  1.882E+01  2.930E+02  0.000E+00  4.179E+02 -2.730E+02
  4.026E+01  1.882E+01  2.930E+02  0.000E+00  4.179E+02 -2.730E+02
  4.036E+01  1.882E+01  2.930E+02  0.000E+00  4.179E+02 -2.730E+02
  4.046E+01  1.882E+01  2.930E+02  0.000E+00  4.179E+02 -2.730E+02
  4.056E+01  1.882E+01  2.930E+02  0.000E+00  4.179E+02 -2.730E+02
  4.066E+01  1.882E+01  2.930E+02  0.000E+00  4.179E+02 -2.730E+02
  4.076E+01  1.882E+01  2.930E+02  0.000E+00  4.179E+02 -2.730E+02
  4.086E+01  1.882E+01  2.930E+02  0.000E+00  4.179E+02 -2.730E+02
  4.096E+01  1.882E+01  2.930E+02  0.000E+00  4.179E+02 -2.730E+02
  4.106E+01  1.882E+01  2.930E+02  0.000E+00  4.179E+02 -2.730E+02
  4.116E+01  1.882E+01  2.930E+02  0.000E+00  4.179E+02 -2.730E+02
  4.126E+01  1.882E+01  2.930E+02  0.000E+00  4.179E+02 -2.730E+02
  4.136E+01  1.882E+01  2.930E+02  0.000E+00  4.179E+02 -2.730E+02
  4.146E+01  1.882E+01  2.930E+02  0.000E+00  4.179E+02 -2.730E+02
  4.156E+01  1.882E+01  2.930E+02  0.000E+00  4.179E+02 -2.730E+02
  4.166E+01  1.882E+01  2.930E+02  0.000E+00  4.179E+02 -2.730E+02
  4.176E+01  1.882E+01  2.930E+02  0.000E+00  4.179E+02 -2.730E+02
  4.186E+01  1.882E+01  2.930E+02  0.000E+00  4.179E+02 -2.730E+02
  4.196E+01  1.882E+01  2.930E+02  0.000E+00  4.179E+02 -2.730E+02
  4.206E+01  1.882E+01  2.930E+02  0.000E+00  4.179E+02 -2.730E+02
  4.216E+01  1.882E+01  2.930E+02  0.000E+00  4.179E+02 -2.730E+02
  4.226E+01  1.882E+01  2.930E+02  0.000E+00  4.179E+02 -2.730E+02
  4.236E+01  1.882E+01  2.930E+02  0.000E+00  4.179E+02 -2.730E+02
  4.246E+01  1.882E+01  2.930E+02  0.000E+00  4.179E+02 -2.730E+02
  4.256E+01  1.882E+01  2.930E+02  0.000E+00  4.179E+02 -2.730E+02
  4.266E+01  1.882E+01  2.930E+02  0.000E+00  4.179E+02 -2.730E+02
  4.276E+01  1.882E+01  2.930E+02  0.000E+00  4.179E+02 -2.730E+02
  4.286E+01  1.882E+01  2.930E+02  0.000E+00  4.179E+02 -2.730E+02
  4.296E+01  1.882E+01  2.930E+02  0.000E+00  4.179E+02 -2.730E+02
  4.306E+01  1.882E+01  2.930E+02  0.000E+00  4.179E+02 -2.730E+02
  4.316E+01  1.882E+01  2.930E+02  0.000E+00  4.179E+02 -2.730E+02
  4.326E+01  1.882E+01  2.930E+02  0.000E+00  4.179E+02 -2.730E+02
  4.336E+01  1.882E+01  2.930E+02  0.000E+00  4.179E+02 -2.730E+02
  4.346E+01  1.882E+01  2.930E+02  0.000E+00  4.179E+02 -2.730E+02
  4.356E+01  1.882E+01  2.930E+02  0.000E+00  4.179E+02 -2.730E+02
  4.366E+01  1.882E+01  2.930E+02  0.000E+00  4.179E+02 -2.730E+02
  4.376E+01  1.882E+01  2.930E+02  0.000E+00  4.179E+02 -2.730E+02
  4.386E+01  1.882E+01  2.930E+02  0.000E+00  4.179E+02 -2.730E+02
  4.396E+01  1.882E+01  2.930E+02  0.000E+00  4.179E+02 -2.730E+02
  4.406E+01  1.882E+01  2.930E+02  0.000E+00  4.179E+02 -2.730E+02
  4.416E+01  1.882E+01  2.930E+02  0.000E+00  4.179E+02 -2.730E+02
  4.426E+01  1.882E+01  2.930E+02  0.000E+00  4.179E+02 -2.730E+02
  4.436E+01  1.882E+01  2.930E+02  0.000E+00  4.179E+02 -2.730E+02
  4.446E+01  1.882E+01  2.930E+02  0.000E+00  4.179E+02 -2.730E+02
  4.456E+01  1.882E+01  2.930E+02  0.000E+00  4.179E+02 -2.730E+02
  4.466E+01  1.882E+01  2.930E+02  0.000E+00  4.179E+02 -2.730E+02
  4.476E+01  1.882E+01  2.930E+02  0.000E+00  4.179E+02 -2.730E+02
  4.486E+01  1.882E+01  2.930E+02  0.000E+00  4.179E+02 -2.730E+02
  4.496E+01  1.882E+01  2.930E+02  0.000E+00  4.179E+02 -2.730E+02
  4.506E+01  1.882E+01  2.930E+02  0.000E+00  4.179E+02 -2.730E+02
  4.516E+01  1.882E+01  2.930E+02  0.000E+00  4.179E+02 -2.730E+02
  4.526E+01  1.882E+01  2.930E+02  0.000E+00  4.179E+02 -2.730E+02
  4.536E+01  1.882E+01  2.930E+02  0.000E+00  4.179E+02 -2.730E+02
  4.546E+01  1.882E+01  2.930E+02  0.000E+00  4.179E+02 -2.730E+02
  4.556E+01  1.882E+01  2.930E+02  0.000E+00  4.179E+02 -2.730E+02
  4.566E+01  1.881E+01  2.930E+02  0.000E+00  4.179E+02 -2.730E+02
  4.576E+01  1.881E+01  2.930E+02  0.000E+00  4.179E+02 -2.730E+02
  4.586E+01  1.881E+01  2.930E+02  0.000E+00  4.179E+02 -2.730E+02
  4.596E+01  1.881E+01  2.930E+02  0.000E+00  4.179E+02 -2.730E+02
  4.606E+01  1.881E+01  2.930E+02  0.000E+00  4.179E+02 -2.730E+02
  4.616E+01  1.881E+01  2.930E+02  0.000E+00  4.179E+02 -2.730E+02
  4.626E+01  1.881E+01  2.930E+02  0.000E+00  4.179E+02 -2.730E+02
  4.636E+01  1.881E+01  2.930E+02  0.000E+00  4.179E+02 -2.730E+02
  4.646E+01  1.881E+01  2.930E+02  0.000E+00  4.179E+02 -2.730E+02
  4.656E+01  1.881E+01  2.930E+02  0.000E+00  4.179E+02 -2.730E+02
  4.666E+01  1.881E+01  2.930E+02  0.000E+00  4.179E+02 -2.730E+02
  4.676E+01  1.881E+01  2.930E+02  0.000E+00  4.179E+02 -2.730E+02
  4.686E+01  1.881E+01  2.930E+02  0.000E+00  4.179E+02 -2.730E+02
  4.696E+01  1.881E+01  2.930E+02  0.000E+00  4.179E+02 -2.730E+02
  4.706E+01  1.881E+01  2.930E+02  0.000E+00  4.179E+02 -2.730E+02
  4.716E+01  1.881E+01  2.930E+02  0.000E+00  4.179E+02 -2.730E+02
  4.726E+01  1.881E+01  2.930E+02  0.000E+00  4.179E+02 -2.730E+02
  4.736E+01  1.881E+01  2.930E+02  0.000E+00  4.179E+02 -2.730E+02
  4.746E+01  1.881E+01  2.930E+02  0.000E+00  4.179E+02 -2.730E+02
  4.756E+01  1.881E+01  2.930E+02  0.000E+00  4.179E+02 -2.730E+02
  4.766E+01  1.881E+01  2.930E+02  0.000E+00  4.179E+02 -2.730E+02
  4.776E+01  1.881E+01  2.930E+02  0.000E+00  4.179E+02 -2.730E+02
  4.786E+01  1.881E+01  2.930E+02  0.000E+00  4.179E+02 -2.730E+02
  4.796E+01  1.881E+01  2.930E+02  0.000E+00  4.179E+02 -2.730E+02
  4.806E+01  1.881E+01  2.930E+02  0.000E+00  4.179E+02 -2.730E+02
  4.816E+01  1.881E+01  2.930E+02  0.000E+00  4.179E+02 -2.730E+02
  4.826E+01  1.881E+01  2.930E+02  0.000E+00  4.179E+02 -2.730E+02
  4.836E+01  1.881E+01  2.930E+02  0.000E+00  4.179E+02 -2.730E+02
  4.846E+01  1.881E+01  2.930E+02  0.000E+00  4.179E+02 -2.730E+02
  4.856E+01  1.881E+01  2.930E+02  0.000E+00  4.179E+02 -2.730E+02
  4.866E+01  1.881E+01  2.930E+02  0.000E+00  4.179E+02 -2.730E+02
  4.876E+01  1.881E+01  2.930E+02  0.000E+00  4.179E+02 -2.730E+02
  4.886E+01  1.881E+01  2.930E+02  0.000E+00  4.179E+02 -2.730E+02
  4.896E+01  1.881E+01  2.930E+02  0.000E+00  4.179E+02 -2.730E+02
  4.906E+01  1.881E+01  2.930E+02  0.000E+00  4.179E+02 -2.730E+02
  4.916E+01  1.881E+01  2.930E+02  0.000E+00  4.179E+02 -2.730E+02
  4.926E+01  1.881E+01  2.930E+02  0.000E+00  4.179E+02 -2.730E+02
  4.936E+01  1.881E+01  2.930E+02  0.000E+00  4.179E+02 -2.730E+02
  4.946E+01  1.881E+01  2.930E+02  0.000E+00  4.179E+02 -2.730E+02
  4.956E+01  1.881E+01  2.930E+02  0.000E+00  4.179E+02 -2.730E+02
  4.966E+01  1.881E+01  2.930E+02  0.000E+00  4.179E+02 -2.730E+02
  4.976E+01  1.881E+01  2.930E+02  0.000E+00  4.179E+02 -2.730E+02
  4.986E+01  1.881E+01  2.930E+02  0.000E+00  4.179E+02 -2.730E+02
  4.996E+01  1.881E+01  2.930E+02  0.000E+00  4.179E+02 -2.730E+02
  5.006E+01  1.881E+01  2.930E+02  0.000E+00  4.179E+02 -2.730E+02
  5.016E+01  1.881E+01  2.930E+02  0.000E+00  4.179E+02 -2.730E+02
  5.026E+01  1.881E+01  2.930E+02  0.000E+00  4.179E+02 -2.730E+02
  5.036E+01  1.881E+01  2.930E+02  0.000E+00  4.179E+02 -2.730E+02
  5.046E+01  1.881E+01  2.930E+02  0.000E+00  4.179E+02 -2.730E+02
  5.056E+01  1.881E+01  2.930E+02  0.000E+00  4.179E+02 -2.730E+02
  5.066E+01  1.881E+01  2.930E+02  0.000E+00  4.179E+02 -2.730E+02
  5.076E+01  1.881E+01  2.930E+02  0.000E+00  4.179E+02 -2.730E+02
  5.086E+01  1.881E+01  2.930E+02  0.000E+00  4.179E+02 -2.730E+02
  5.096E+01  1.881E+01  2.930E+02  0.000E+00  4.179E+02 -2.730E+02
  5.106E+01  1.881E+01  2.930E+02  0.000E+00  4.179E+02 -2.730E+02
  5.116E+01  1.881E+01  2.930E+02  0.000E+00  4.179E+02 -2.730E+02
  5.126E+01  1.881E+01  2.930E+02  0.000E+00  4.179E+02 -2.730E+02
  5.136E+01  1.881E+01  2.930E+02  0.000E+00  4.179E+02 -2.730E+02
  5.146E+01  1.881E+01  2.930E+02  0.000E+00  4.179E+02 -2.730E+02
  5.156E+01  1.881E+01  2.930E+02  0.000E+00  4.179E+02 -2.730E+02
  5.166E+01  1.881E+01  2.930E+02  0.000E+00  4.179E+02 -2.730E+02
  5.176E+01  1.881E+01  2.930E+02  0.000E+00  4.179E+02 -2.730E+02
  5.186E+01  1.881E+01  2.930E+02  0.000E+00  4.179E+02 -2.730E+02
  5.196E+01  1.881E+01  2.930E+02  0.000E+00  4.179E+02 -2.730E+02
  5.206E+01  1.881E+01  2.930E+02  0.000E+00  4.179E+02 -2.730E+02
  5.216E+01  1.881E+01  2.930E+02  0.000E+00  4.179E+02 -2.730E+02
  5.226E+01  1.881E+01  2.930E+02  0.000E+00  4.179E+02 -2.730E+02
  5.236E+01  1.881E+01  2.930E+02  0.000E+00  4.179E+02 -2.730E+02
  5.246E+01  1.881E+01  2.930E+02  0.000E+00  4.179E+02 -2.730E+02
  5.256E+01  1.881E+01  2.930E+02  0.000E+00  4.179E+02 -2.730E+02
  5.266E+01  1.881E+01  2.930E+02  0.000E+00  4.179E+02 -2.730E+02
  5.276E+01  1.881E+01  2.930E+02  0.000E+00  4.179E+02 -2.730E+02
  5.286E+01  1.881E+01  2.930E+02  0.000E+00  4.179E+02 -2.730E+02
  5.296E+01  1.881E+01  2.930E+02  0.000E+00  4.179E+02 -2.730E+02
  5.306E+01  1.881E+01  2.930E+02  0.000E+00  4.179E+02 -2.730E+02
  5.316E+01  1.881E+01  2.930E+02  0.000E+00  4.179E+02 -2.730E+02
  5.326E+01  1.881E+01  2.930E+02  0.000E+00  4.179E+02 -2.730E+02
  5.336E+01  1.881E+01  2.930E+02  0.000E+00  4.179E+02 -2.730E+02
  5.346E+01  1.881E+01  2.930E+02  0.000E+00  4.179E+02 -2.730E+02
  5.356E+01  1.881E+01  2.930E+02  0.000E+00  4.179E+02 -2.730E+02
  5.366E+01  1.881E+01  2.930E+02  0.000E+00  4.179E+02 -2.730E+02
  5.376E+01  1.881E+01  2.930E+02  0.000E+00  4.179E+02 -2.730E+02
  5.386E+01  1.881E+01  2.930E+02  0.000E+00  4.179E+02 -2.730E+02
  5.396E+01  1.881E+01  2.930E+02  0.000E+00  4.179E+02 -2.730E+02
  5.406E+01  1.881E+01  2.930E+02  0.000E+00  4.179E+02 -2.730E+02
  5.416E+01  1.881E+01  2.930E+02  0.000E+00  4.179E+02 -2.730E+02
  5.426E+01  1.881E+01  2.930E+02  0.000E+00  4.179E+02 -2.730E+02
  5.436E+01  1.881E+01  2.930E+02  0.000E+00  4.179E+02 -2.730E+02
  5.446E+01  1.881E+01  2.930E+02  0.000E+00  4.179E+02 -2.730E+02
  5.456E+01  1.881E+01  2.930E+02  0.000E+00  4.179E+02 -2.730E+02
  5.466E+01  1.881E+01  2.930E+02  0.000E+00  4.179E+02 -2.730E+02
  5.476E+01  1.881E+01  2.930E+02  0.000E+00  4.179E+02 -2.730E+02
  5.486E+01  1.881E+01  2.930E+02  0.000E+00  4.179E+02 -2.730E+02
  5.496E+01  1.881E+01  2.930E+02  0.000E+00  4.179E+02 -2.730E+02
  5.506E+01  1.881E+01  2.930E+02  0.000E+00  4.179E+02 -2.730E+02
  5.516E+01  1.881E+01  2.930E+02  0.000E+00  4.179E+02 -2.730E+02
  5.526E+01  1.881E+01  2.930E+02  0.000E+00  4.179E+02 -2.730E+02
  5.536E+01  1.881E+01  2.930E+02  0.000E+00  4.179E+02 -2.730E+02
  5.546E+01  1.881E+01  2.930E+02  0.000E+00  4.179E+02 -2.730E+02
  5.556E+01  1.881E+01  2.930E+02  0.000E+00  4.179E+02 -2.730E+02
  5.566E+01  1.881E+01  2.930E+02  0.000E+00  4.179E+02 -2.730E+02
  5.576E+01  1.881E+01  2.930E+02  0.000E+00  4.179E+02 -2.730E+02
  5.586E+01  1.880E+01  2.930E+02  0.000E+00  4.179E+02 -2.730E+02
  5.596E+01  1.880E+01  2.930E+02  0.000E+00  4.179E+02 -2.730E+02
  5.606E+01  1.880E+01  2.930E+02  0.000E+00  4.179E+02 -2.730E+02
  5.616E+01  1.880E+01  2.930E+02  0.000E+00  4.179E+02 -2.730E+02
  5.626E+01  1.880E+01  2.930E+02  0.000E+00  4.179E+02 -2.730E+02
  5.636E+01  1.880E+01  2.930E+02  0.000E+00  4.179E+02 -2.730E+02
  5.646E+01  1.880E+01  2.930E+02  0.000E+00  4.179E+02 -2.730E+02
  5.656E+01  1.880E+01  2.930E+02  0.000E+00  4.179E+02 -2.730E+02
  5.666E+01  1.880E+01  2.930E+02  0.000E+00  4.179E+02 -2.730E+02
  5.676E+01  1.880E+01  2.930E+02  0.000E+00  4.179E+02 -2.730E+02
  5.686E+01  1.880E+01  2.930E+02  0.000E+00  4.179E+02 -2.730E+02
  5.696E+01  1.880E+01  2.930E+02  0.000E+00  4.179E+02 -2.730E+02
  5.706E+01  1.880E+01  2.930E+02  0.000E+00  4.179E+02 -2.730E+02
  5.716E+01  1.880E+01  2.930E+02  0.000E+00  4.179E+02 -2.730E+02
  5.726E+01  1.880E+01  2.930E+02  0.000E+00  4.179E+02 -2.730E+02
  5.736E+01  1.880E+01  2.930E+02  0.000E+00  4.179E+02 -2.730E+02
  5.746E+01  1.880E+01  2.930E+02  0.000E+00  4.179E+02 -2.730E+02
  5.756E+01  1.880E+01  2.930E+02  0.000E+00  4.179E+02 -2.730E+02
  5.766E+01  1.880E+01  2.930E+02  0.000E+00  4.179E+02 -2.730E+02
  5.776E+01  1.880E+01  2.930E+02  0.000E+00  4.179E+02 -2.730E+02
  5.786E+01  1.880E+01  2.930E+02  0.000E+00  4.179E+02 -2.730E+02
  5.796E+01  1.880E+01  2.930E+02  0.000E+00  4.179E+02 -2.730E+02
  5.806E+01  1.880E+01  2.930E+02  0.000E+00  4.179E+02 -2.730E+02
  5.816E+01  1.880E+01  2.930E+02  0.000E+00  4.179E+02 -2.730E+02
  5.826E+01  1.880E+01  2.930E+02  0.000E+00  4.179E+02 -2.730E+02
  5.836E+01  1.880E+01  2.930E+02  0.000E+00  4.179E+02 -2.730E+02
  5.846E+01  1.880E+01  2.930E+02  0.000E+00  4.179E+02 -2.730E+02
  5.856E+01  1.880E+01  2.930E+02  0.000E+00  4.179E+02 -2.730E+02
  5.866E+01  1.880E+01  2.930E+02  0.000E+00  4.179E+02 -2.730E+02
  5.876E+01  1.880E+01  2.930E+02  0.000E+00  4.179E+02 -2.730E+02
  5.886E+01  1.880E+01  2.930E+02  0.000E+00  4.179E+02 -2.730E+02
  5.896E+01  1.880E+01  2.930E+02  0.000E+00  4.179E+02 -2.730E+02
  5.906E+01  1.880E+01  2.930E+02  0.000E+00  4.179E+02 -2.730E+02
  5.916E+01  1.880E+01  2.930E+02  0.000E+00  4.179E+02 -2.730E+02
  5.926E+01  1.880E+01  2.930E+02  0.000E+00  4.179E+02 -2.730E+02
  5.936E+01  1.880E+01  2.930E+02  0.000E+00  4.179E+02 -2.730E+02
  5.946E+01  1.880E+01  2.930E+02  0.000E+00  4.179E+02 -2.730E+02
  5.956E+01  1.880E+01  2.930E+02  0.000E+00  4.179E+02 -2.730E+02
  5.966E+01  1.880E+01  2.930E+02  0.000E+00  4.179E+02 -2.730E+02
  5.976E+01  1.880E+01  2.930E+02  0.000E+00  4.179E+02 -2.730E+02
  5.986E+01  1.880E+01  2.930E+02  0.000E+00  4.179E+02 -2.730E+02
  5.996E+01  1.880E+01  2.930E+02  0.000E+00  4.179E+02 -2.730E+02
  6.006E+01  1.880E+01  2.930E+02  0.000E+00  4.179E+02 -2.730E+02
