 X( 13)=-1.0461E+02     Y( 17)=-8.4573E+01     Z( 14)= 4.8577E+01

       TIME  Velocity   Temperatur CH4        Max radiat Solid Temp
  1.000E-03  1.924E+01  2.930E+02  0.000E+00  4.179E+02 -2.730E+02
  2.100E-03  1.923E+01  2.930E+02  0.000E+00  4.179E+02 -2.730E+02
  3.100E-03  1.920E+01  2.930E+02  0.000E+00  4.179E+02 -2.730E+02
  4.184E-03  1.917E+01  2.930E+02  0.000E+00  4.179E+02 -2.730E+02
  5.375E-03  1.912E+01  2.930E+02  0.000E+00  4.179E+02 -2.730E+02
  6.686E-03  1.910E+01  2.930E+02  0.000E+00  4.179E+02 -2.730E+02
  8.129E-03  1.911E+01  2.930E+02  0.000E+00  4.179E+02 -2.730E+02
  9.715E-03  1.911E+01  2.930E+02  0.000E+00  4.179E+02 -2.730E+02
  1.146E-02  1.911E+01  2.930E+02  0.000E+00  4.179E+02 -2.730E+02
  1.338E-02  1.911E+01  2.930E+02  0.000E+00  4.179E+02 -2.730E+02
  1.549E-02  1.911E+01  2.930E+02  0.000E+00  4.179E+02 -2.730E+02
  1.781E-02  1.911E+01  2.930E+02  0.000E+00  4.179E+02 -2.730E+02
  2.037E-02  1.911E+01  2.930E+02  0.000E+00  4.179E+02 -2.730E+02
  2.318E-02  1.912E+01  2.930E+02  0.000E+00  4.179E+02 -2.730E+02
  2.626E-02  1.912E+01  2.930E+02  0.000E+00  4.179E+02 -2.730E+02
  2.966E-02  1.912E+01  2.930E+02  0.000E+00  4.179E+02 -2.730E+02
  3.339E-02  1.912E+01  2.930E+02  0.000E+00  4.179E+02 -2.730E+02
  3.750E-02  1.912E+01  2.930E+02  0.000E+00  4.179E+02 -2.730E+02
  4.202E-02  1.912E+01  2.930E+02  0.000E+00  4.179E+02 -2.730E+02
  4.697E-02  1.912E+01  2.930E+02  0.000E+00  4.179E+02 -2.730E+02
  5.243E-02  1.911E+01  2.930E+02  0.000E+00  4.179E+02 -2.730E+02
  5.842E-02  1.911E+01  2.930E+02  0.000E+00  4.179E+02 -2.730E+02
  6.502E-02  1.911E+01  2.930E+02  0.000E+00  4.179E+02 -2.730E+02
  7.228E-02  1.910E+01  2.930E+02  0.000E+00  4.179E+02 -2.730E+02
  8.026E-02  1.910E+01  2.930E+02  0.000E+00  4.179E+02 -2.730E+02
  8.904E-02  1.910E+01  2.930E+02  0.000E+00  4.179E+02 -2.730E+02
  9.870E-02  1.910E+01  2.930E+02  0.000E+00  4.179E+02 -2.730E+02
  1.093E-01  1.910E+01  2.930E+02  0.000E+00  4.179E+02 -2.730E+02
  1.210E-01  1.910E+01  2.930E+02  0.000E+00  4.179E+02 -2.730E+02
  1.339E-01  1.910E+01  2.930E+02  0.000E+00  4.179E+02 -2.730E+02
  1.480E-01  1.910E+01  2.930E+02  0.000E+00  4.179E+02 -2.730E+02
  1.636E-01  1.910E+01  2.930E+02  0.000E+00  4.179E+02 -2.730E+02
  1.807E-01  1.910E+01  2.930E+02  0.000E+00  4.179E+02 -2.730E+02
  1.995E-01  1.910E+01  2.930E+02  0.000E+00  4.179E+02 -2.730E+02
  2.202E-01  1.910E+01  2.930E+02  0.000E+00  4.179E+02 -2.730E+02
  2.430E-01  1.910E+01  2.930E+02  0.000E+00  4.179E+02 -2.730E+02
  2.680E-01  1.910E+01  2.930E+02  0.000E+00  4.179E+02 -2.730E+02
  2.956E-01  1.910E+01  2.930E+02  0.000E+00  4.179E+02 -2.730E+02
  3.259E-01  1.910E+01  2.930E+02  0.000E+00  4.179E+02 -2.730E+02
  3.593E-01  1.909E+01  2.930E+02  0.000E+00  4.179E+02 -2.730E+02
  3.960E-01  1.909E+01  2.930E+02  0.000E+00  4.179E+02 -2.730E+02
  4.363E-01  1.909E+01  2.930E+02  0.000E+00  4.179E+02 -2.730E+02
  4.807E-01  1.908E+01  2.930E+02  0.000E+00  4.179E+02 -2.730E+02
  5.295E-01  1.908E+01  2.930E+02  0.000E+00  4.179E+02 -2.730E+02
  5.832E-01  1.907E+01  2.930E+02  0.000E+00  4.179E+02 -2.730E+02
  6.423E-01  1.907E+01  2.930E+02  0.000E+00  4.179E+02 -2.730E+02
  7.073E-01  1.907E+01  2.930E+02  0.000E+00  4.179E+02 -2.730E+02
  7.788E-01  1.907E+01  2.930E+02  0.000E+00  4.179E+02 -2.730E+02
  8.574E-01  1.907E+01  2.930E+02  0.000E+00  4.179E+02 -2.730E+02
  9.439E-01  1.906E+01  2.930E+02  0.000E+00  4.179E+02 -2.730E+02
  1.039E+00  1.906E+01  2.930E+02  0.000E+00  4.179E+02 -2.730E+02
  1.139E+00  1.906E+01  2.930E+02  0.000E+00  4.179E+02 -2.730E+02
  1.239E+00  1.906E+01  2.930E+02  0.000E+00  4.179E+02 -2.730E+02
  1.339E+00  1.906E+01  2.930E+02  0.000E+00  4.179E+02 -2.730E+02
  1.439E+00  1.905E+01  2.930E+02  0.000E+00  4.179E+02 -2.730E+02
  1.539E+00  1.905E+01  2.930E+02  0.000E+00  4.179E+02 -2.730E+02
  1.639E+00  1.905E+01  2.930E+02  0.000E+00  4.179E+02 -2.730E+02
  1.739E+00  1.905E+01  2.930E+02  0.000E+00  4.179E+02 -2.730E+02
  1.839E+00  1.904E+01  2.930E+02  0.000E+00  4.179E+02 -2.730E+02
  1.939E+00  1.904E+01  2.930E+02  0.000E+00  4.179E+02 -2.730E+02
  2.039E+00  1.904E+01  2.930E+02  0.000E+00  4.179E+02 -2.730E+02
  2.139E+00  1.904E+01  2.930E+02  0.000E+00  4.179E+02 -2.730E+02
  2.239E+00  1.904E+01  2.930E+02  0.000E+00  4.179E+02 -2.730E+02
  2.339E+00  1.903E+01  2.930E+02  0.000E+00  4.179E+02 -2.730E+02
  2.439E+00  1.903E+01  2.930E+02  0.000E+00  4.179E+02 -2.730E+02
  2.539E+00  1.903E+01  2.930E+02  0.000E+00  4.179E+02 -2.730E+02
  2.639E+00  1.903E+01  2.930E+02  0.000E+00  4.179E+02 -2.730E+02
  2.739E+00  1.903E+01  2.930E+02  0.000E+00  4.179E+02 -2.730E+02
  2.839E+00  1.903E+01  2.930E+02  0.000E+00  4.179E+02 -2.730E+02
  2.939E+00  1.902E+01  2.930E+02  0.000E+00  4.179E+02 -2.730E+02
  3.039E+00  1.902E+01  2.930E+02  0.000E+00  4.179E+02 -2.730E+02
  3.139E+00  1.902E+01  2.930E+02  0.000E+00  4.179E+02 -2.730E+02
  3.239E+00  1.902E+01  2.930E+02  0.000E+00  4.179E+02 -2.730E+02
  3.339E+00  1.902E+01  2.930E+02  0.000E+00  4.179E+02 -2.730E+02
  3.439E+00  1.902E+01  2.930E+02  0.000E+00  4.179E+02 -2.730E+02
  3.539E+00  1.902E+01  2.930E+02  0.000E+00  4.179E+02 -2.730E+02
  3.639E+00  1.902E+01  2.930E+02  0.000E+00  4.179E+02 -2.730E+02
  3.739E+00  1.901E+01  2.930E+02  0.000E+00  4.179E+02 -2.730E+02
  3.839E+00  1.901E+01  2.930E+02  0.000E+00  4.179E+02 -2.730E+02
  3.939E+00  1.901E+01  2.930E+02  0.000E+00  4.179E+02 -2.730E+02
  4.039E+00  1.901E+01  2.930E+02  0.000E+00  4.179E+02 -2.730E+02
  4.139E+00  1.901E+01  2.930E+02  0.000E+00  4.179E+02 -2.730E+02
  4.239E+00  1.901E+01  2.930E+02  0.000E+00  4.179E+02 -2.730E+02
  4.339E+00  1.901E+01  2.930E+02  0.000E+00  4.179E+02 -2.730E+02
  4.439E+00  1.901E+01  2.930E+02  0.000E+00  4.179E+02 -2.730E+02
  4.539E+00  1.901E+01  2.930E+02  0.000E+00  4.179E+02 -2.730E+02
  4.639E+00  1.901E+01  2.930E+02  0.000E+00  4.179E+02 -2.730E+02
  4.739E+00  1.901E+01  2.930E+02  0.000E+00  4.179E+02 -2.730E+02
  4.839E+00  1.901E+01  2.930E+02  0.000E+00  4.179E+02 -2.730E+02
  4.939E+00  1.901E+01  2.930E+02  0.000E+00  4.179E+02 -2.730E+02
  5.039E+00  1.900E+01  2.930E+02  0.000E+00  4.179E+02 -2.730E+02
  5.139E+00  1.900E+01  2.930E+02  0.000E+00  4.179E+02 -2.730E+02
  5.239E+00  1.900E+01  2.930E+02  0.000E+00  4.179E+02 -2.730E+02
  5.339E+00  1.900E+01  2.930E+02  0.000E+00  4.179E+02 -2.730E+02
  5.439E+00  1.900E+01  2.930E+02  0.000E+00  4.179E+02 -2.730E+02
  5.539E+00  1.900E+01  2.930E+02  0.000E+00  4.179E+02 -2.730E+02
  5.639E+00  1.900E+01  2.930E+02  0.000E+00  4.179E+02 -2.730E+02
  5.739E+00  1.900E+01  2.930E+02  0.000E+00  4.179E+02 -2.730E+02
  5.839E+00  1.900E+01  2.930E+02  0.000E+00  4.179E+02 -2.730E+02
  5.939E+00  1.900E+01  2.930E+02  0.000E+00  4.179E+02 -2.730E+02
  6.039E+00  1.900E+01  2.930E+02  0.000E+00  4.179E+02 -2.730E+02
  6.139E+00  1.900E+01  2.930E+02  0.000E+00  4.179E+02 -2.730E+02
  6.239E+00  1.900E+01  2.930E+02  0.000E+00  4.179E+02 -2.730E+02
  6.339E+00  1.900E+01  2.930E+02  0.000E+00  4.179E+02 -2.730E+02
  6.439E+00  1.900E+01  2.930E+02  0.000E+00  4.179E+02 -2.730E+02
  6.539E+00  1.900E+01  2.930E+02  0.000E+00  4.179E+02 -2.730E+02
  6.639E+00  1.900E+01  2.930E+02  0.000E+00  4.179E+02 -2.730E+02
  6.739E+00  1.900E+01  2.930E+02  0.000E+00  4.179E+02 -2.730E+02
  6.839E+00  1.900E+01  2.930E+02  0.000E+00  4.179E+02 -2.730E+02
  6.939E+00  1.900E+01  2.930E+02  0.000E+00  4.179E+02 -2.730E+02
  7.039E+00  1.900E+01  2.930E+02  0.000E+00  4.179E+02 -2.730E+02
  7.139E+00  1.900E+01  2.930E+02  0.000E+00  4.179E+02 -2.730E+02
  7.239E+00  1.900E+01  2.930E+02  0.000E+00  4.179E+02 -2.730E+02
  7.339E+00  1.900E+01  2.930E+02  0.000E+00  4.179E+02 -2.730E+02
  7.439E+00  1.900E+01  2.930E+02  0.000E+00  4.179E+02 -2.730E+02
  7.539E+00  1.900E+01  2.930E+02  0.000E+00  4.179E+02 -2.730E+02
  7.639E+00  1.900E+01  2.930E+02  0.000E+00  4.179E+02 -2.730E+02
  7.739E+00  1.900E+01  2.930E+02  0.000E+00  4.179E+02 -2.730E+02
  7.839E+00  1.900E+01  2.930E+02  0.000E+00  4.179E+02 -2.730E+02
  7.939E+00  1.900E+01  2.930E+02  0.000E+00  4.179E+02 -2.730E+02
  8.039E+00  1.900E+01  2.930E+02  0.000E+00  4.179E+02 -2.730E+02
  8.139E+00  1.900E+01  2.930E+02  0.000E+00  4.179E+02 -2.730E+02
  8.239E+00  1.900E+01  2.930E+02  0.000E+00  4.179E+02 -2.730E+02
  8.339E+00  1.900E+01  2.930E+02  0.000E+00  4.179E+02 -2.730E+02
  8.439E+00  1.900E+01  2.930E+02  0.000E+00  4.179E+02 -2.730E+02
  8.539E+00  1.900E+01  2.930E+02  0.000E+00  4.179E+02 -2.730E+02
  8.639E+00  1.900E+01  2.930E+02  0.000E+00  4.179E+02 -2.730E+02
  8.739E+00  1.900E+01  2.930E+02  0.000E+00  4.179E+02 -2.730E+02
  8.839E+00  1.900E+01  2.930E+02  0.000E+00  4.179E+02 -2.730E+02
  8.939E+00  1.900E+01  2.930E+02  0.000E+00  4.179E+02 -2.730E+02
  9.039E+00  1.900E+01  2.930E+02  0.000E+00  4.179E+02 -2.730E+02
  9.139E+00  1.900E+01  2.930E+02  0.000E+00  4.179E+02 -2.730E+02
  9.239E+00  1.900E+01  2.930E+02  0.000E+00  4.179E+02 -2.730E+02
  9.339E+00  1.900E+01  2.930E+02  0.000E+00  4.179E+02 -2.730E+02
  9.439E+00  1.900E+01  2.930E+02  0.000E+00  4.179E+02 -2.730E+02
  9.539E+00  1.900E+01  2.930E+02  0.000E+00  4.179E+02 -2.730E+02
  9.639E+00  1.900E+01  2.930E+02  0.000E+00  4.179E+02 -2.730E+02
  9.739E+00  1.900E+01  2.930E+02  0.000E+00  4.179E+02 -2.730E+02
  9.839E+00  1.900E+01  2.930E+02  0.000E+00  4.179E+02 -2.730E+02
  9.939E+00  1.900E+01  2.930E+02  0.000E+00  4.179E+02 -2.730E+02
  1.004E+01  1.900E+01  2.930E+02  0.000E+00  4.179E+02 -2.730E+02
  1.014E+01  1.900E+01  2.930E+02  0.000E+00  4.179E+02 -2.730E+02
  1.024E+01  1.900E+01  2.930E+02  0.000E+00  4.179E+02 -2.730E+02
  1.034E+01  1.900E+01  2.930E+02  0.000E+00  4.179E+02 -2.730E+02
  1.044E+01  1.900E+01  2.930E+02  0.000E+00  4.179E+02 -2.730E+02
  1.054E+01  1.900E+01  2.930E+02  0.000E+00  4.179E+02 -2.730E+02
  1.064E+01  1.900E+01  2.930E+02  0.000E+00  4.179E+02 -2.730E+02
  1.074E+01  1.900E+01  2.930E+02  0.000E+00  4.179E+02 -2.730E+02
  1.084E+01  1.900E+01  2.930E+02  0.000E+00  4.179E+02 -2.730E+02
  1.094E+01  1.900E+01  2.930E+02  0.000E+00  4.179E+02 -2.730E+02
  1.104E+01  1.900E+01  2.930E+02  0.000E+00  4.179E+02 -2.730E+02
  1.114E+01  1.900E+01  2.930E+02  0.000E+00  4.179E+02 -2.730E+02
  1.124E+01  1.900E+01  2.930E+02  0.000E+00  4.179E+02 -2.730E+02
  1.134E+01  1.900E+01  2.930E+02  0.000E+00  4.179E+02 -2.730E+02
  1.144E+01  1.900E+01  2.930E+02  0.000E+00  4.179E+02 -2.730E+02
  1.154E+01  1.900E+01  2.930E+02  0.000E+00  4.179E+02 -2.730E+02
  1.164E+01  1.900E+01  2.930E+02  0.000E+00  4.179E+02 -2.730E+02
  1.174E+01  1.900E+01  2.930E+02  0.000E+00  4.179E+02 -2.730E+02
  1.184E+01  1.900E+01  2.930E+02  0.000E+00  4.179E+02 -2.730E+02
  1.194E+01  1.900E+01  2.930E+02  0.000E+00  4.179E+02 -2.730E+02
  1.204E+01  1.900E+01  2.930E+02  0.000E+00  4.179E+02 -2.730E+02
  1.214E+01  1.900E+01  2.930E+02  0.000E+00  4.179E+02 -2.730E+02
  1.224E+01  1.900E+01  2.930E+02  0.000E+00  4.179E+02 -2.730E+02
  1.234E+01  1.900E+01  2.930E+02  0.000E+00  4.179E+02 -2.730E+02
  1.244E+01  1.900E+01  2.930E+02  0.000E+00  4.179E+02 -2.730E+02
  1.254E+01  1.900E+01  2.930E+02  0.000E+00  4.179E+02 -2.730E+02
  1.264E+01  1.900E+01  2.930E+02  0.000E+00  4.179E+02 -2.730E+02
  1.274E+01  1.900E+01  2.930E+02  0.000E+00  4.179E+02 -2.730E+02
  1.284E+01  1.900E+01  2.930E+02  0.000E+00  4.179E+02 -2.730E+02
  1.294E+01  1.900E+01  2.930E+02  0.000E+00  4.179E+02 -2.730E+02
  1.304E+01  1.900E+01  2.930E+02  0.000E+00  4.179E+02 -2.730E+02
  1.314E+01  1.900E+01  2.930E+02  0.000E+00  4.179E+02 -2.730E+02
  1.324E+01  1.900E+01  2.930E+02  0.000E+00  4.179E+02 -2.730E+02
  1.334E+01  1.900E+01  2.930E+02  0.000E+00  4.179E+02 -2.730E+02
  1.344E+01  1.900E+01  2.930E+02  0.000E+00  4.179E+02 -2.730E+02
  1.354E+01  1.900E+01  2.930E+02  0.000E+00  4.179E+02 -2.730E+02
  1.364E+01  1.900E+01  2.930E+02  0.000E+00  4.179E+02 -2.730E+02
  1.374E+01  1.900E+01  2.930E+02  0.000E+00  4.179E+02 -2.730E+02
  1.384E+01  1.900E+01  2.930E+02  0.000E+00  4.179E+02 -2.730E+02
  1.394E+01  1.900E+01  2.930E+02  0.000E+00  4.179E+02 -2.730E+02
  1.404E+01  1.900E+01  2.930E+02  0.000E+00  4.179E+02 -2.730E+02
  1.414E+01  1.900E+01  2.930E+02  0.000E+00  4.179E+02 -2.730E+02
  1.424E+01  1.900E+01  2.930E+02  0.000E+00  4.179E+02 -2.730E+02
  1.434E+01  1.900E+01  2.930E+02  0.000E+00  4.179E+02 -2.730E+02
  1.444E+01  1.900E+01  2.930E+02  0.000E+00  4.179E+02 -2.730E+02
  1.454E+01  1.900E+01  2.930E+02  0.000E+00  4.179E+02 -2.730E+02
  1.464E+01  1.900E+01  2.930E+02  0.000E+00  4.179E+02 -2.730E+02
  1.474E+01  1.900E+01  2.930E+02  0.000E+00  4.179E+02 -2.730E+02
  1.484E+01  1.900E+01  2.930E+02  0.000E+00  4.179E+02 -2.730E+02
  1.494E+01  1.900E+01  2.930E+02  0.000E+00  4.179E+02 -2.730E+02
  1.504E+01  1.900E+01  2.930E+02  0.000E+00  4.179E+02 -2.730E+02
  1.514E+01  1.900E+01  2.930E+02  0.000E+00  4.179E+02 -2.730E+02
  1.524E+01  1.900E+01  2.930E+02  0.000E+00  4.179E+02 -2.730E+02
  1.534E+01  1.900E+01  2.930E+02  0.000E+00  4.179E+02 -2.730E+02
  1.544E+01  1.900E+01  2.930E+02  0.000E+00  4.179E+02 -2.730E+02
  1.554E+01  1.900E+01  2.930E+02  0.000E+00  4.179E+02 -2.730E+02
  1.564E+01  1.900E+01  2.930E+02  0.000E+00  4.179E+02 -2.730E+02
  1.574E+01  1.900E+01  2.930E+02  0.000E+00  4.179E+02 -2.730E+02
  1.584E+01  1.900E+01  2.930E+02  0.000E+00  4.179E+02 -2.730E+02
  1.594E+01  1.900E+01  2.930E+02  0.000E+00  4.179E+02 -2.730E+02
  1.604E+01  1.900E+01  2.930E+02  0.000E+00  4.179E+02 -2.730E+02
  1.614E+01  1.900E+01  2.930E+02  0.000E+00  4.179E+02 -2.730E+02
  1.624E+01  1.900E+01  2.930E+02  0.000E+00  4.179E+02 -2.730E+02
  1.634E+01  1.900E+01  2.930E+02  0.000E+00  4.179E+02 -2.730E+02
  1.644E+01  1.900E+01  2.930E+02  0.000E+00  4.179E+02 -2.730E+02
  1.654E+01  1.900E+01  2.930E+02  0.000E+00  4.179E+02 -2.730E+02
  1.664E+01  1.900E+01  2.930E+02  0.000E+00  4.179E+02 -2.730E+02
  1.674E+01  1.900E+01  2.930E+02  0.000E+00  4.179E+02 -2.730E+02
  1.684E+01  1.900E+01  2.930E+02  0.000E+00  4.179E+02 -2.730E+02
  1.694E+01  1.900E+01  2.930E+02  0.000E+00  4.179E+02 -2.730E+02
  1.704E+01  1.900E+01  2.930E+02  0.000E+00  4.179E+02 -2.730E+02
  1.714E+01  1.900E+01  2.930E+02  0.000E+00  4.179E+02 -2.730E+02
  1.724E+01  1.900E+01  2.930E+02  0.000E+00  4.179E+02 -2.730E+02
  1.734E+01  1.900E+01  2.930E+02  0.000E+00  4.179E+02 -2.730E+02
  1.744E+01  1.900E+01  2.930E+02  0.000E+00  4.179E+02 -2.730E+02
  1.754E+01  1.900E+01  2.930E+02  0.000E+00  4.179E+02 -2.730E+02
  1.764E+01  1.900E+01  2.930E+02  0.000E+00  4.179E+02 -2.730E+02
  1.774E+01  1.900E+01  2.930E+02  0.000E+00  4.179E+02 -2.730E+02
  1.784E+01  1.900E+01  2.930E+02  0.000E+00  4.179E+02 -2.730E+02
  1.794E+01  1.900E+01  2.930E+02  0.000E+00  4.179E+02 -2.730E+02
  1.804E+01  1.900E+01  2.930E+02  0.000E+00  4.179E+02 -2.730E+02
  1.814E+01  1.900E+01  2.930E+02  0.000E+00  4.179E+02 -2.730E+02
  1.824E+01  1.900E+01  2.930E+02  0.000E+00  4.179E+02 -2.730E+02
  1.834E+01  1.900E+01  2.930E+02  0.000E+00  4.179E+02 -2.730E+02
  1.844E+01  1.900E+01  2.930E+02  0.000E+00  4.179E+02 -2.730E+02
  1.854E+01  1.900E+01  2.930E+02  0.000E+00  4.179E+02 -2.730E+02
  1.864E+01  1.900E+01  2.930E+02  0.000E+00  4.179E+02 -2.730E+02
  1.874E+01  1.900E+01  2.930E+02  0.000E+00  4.179E+02 -2.730E+02
  1.884E+01  1.900E+01  2.930E+02  0.000E+00  4.179E+02 -2.730E+02
  1.894E+01  1.900E+01  2.930E+02  0.000E+00  4.179E+02 -2.730E+02
  1.904E+01  1.900E+01  2.930E+02  0.000E+00  4.179E+02 -2.730E+02
  1.914E+01  1.900E+01  2.930E+02  0.000E+00  4.179E+02 -2.730E+02
  1.924E+01  1.900E+01  2.930E+02  0.000E+00  4.179E+02 -2.730E+02
  1.934E+01  1.900E+01  2.930E+02  0.000E+00  4.179E+02 -2.730E+02
  1.944E+01  1.900E+01  2.930E+02  0.000E+00  4.179E+02 -2.730E+02
  1.954E+01  1.900E+01  2.930E+02  0.000E+00  4.179E+02 -2.730E+02
  1.964E+01  1.900E+01  2.930E+02  0.000E+00  4.179E+02 -2.730E+02
  1.974E+01  1.900E+01  2.930E+02  0.000E+00  4.179E+02 -2.730E+02
  1.984E+01  1.900E+01  2.930E+02  0.000E+00  4.179E+02 -2.730E+02
  1.994E+01  1.900E+01  2.930E+02  0.000E+00  4.179E+02 -2.730E+02
  2.004E+01  1.900E+01  2.930E+02  0.000E+00  4.179E+02 -2.730E+02
  2.014E+01  1.900E+01  2.930E+02  0.000E+00  4.179E+02 -2.730E+02
  2.024E+01  1.900E+01  2.930E+02  0.000E+00  4.179E+02 -2.730E+02
  2.034E+01  1.900E+01  2.930E+02  0.000E+00  4.179E+02 -2.730E+02
  2.044E+01  1.900E+01  2.930E+02  0.000E+00  4.179E+02 -2.730E+02
  2.054E+01  1.900E+01  2.930E+02  0.000E+00  4.179E+02 -2.730E+02
  2.064E+01  1.900E+01  2.930E+02  0.000E+00  4.179E+02 -2.730E+02
  2.074E+01  1.900E+01  2.930E+02  0.000E+00  4.179E+02 -2.730E+02
  2.084E+01  1.900E+01  2.930E+02  0.000E+00  4.179E+02 -2.730E+02
  2.094E+01  1.900E+01  2.930E+02  0.000E+00  4.179E+02 -2.730E+02
  2.104E+01  1.899E+01  2.930E+02  0.000E+00  4.179E+02 -2.730E+02
  2.114E+01  1.899E+01  2.930E+02  0.000E+00  4.179E+02 -2.730E+02
  2.124E+01  1.899E+01  2.930E+02  0.000E+00  4.179E+02 -2.730E+02
  2.134E+01  1.899E+01  2.930E+02  0.000E+00  4.179E+02 -2.730E+02
  2.144E+01  1.899E+01  2.930E+02  0.000E+00  4.179E+02 -2.730E+02
  2.154E+01  1.899E+01  2.930E+02  0.000E+00  4.179E+02 -2.730E+02
  2.164E+01  1.899E+01  2.930E+02  0.000E+00  4.179E+02 -2.730E+02
  2.174E+01  1.899E+01  2.930E+02  0.000E+00  4.179E+02 -2.730E+02
  2.184E+01  1.899E+01  2.930E+02  0.000E+00  4.179E+02 -2.730E+02
  2.194E+01  1.899E+01  2.930E+02  0.000E+00  4.179E+02 -2.730E+02
  2.204E+01  1.899E+01  2.930E+02  0.000E+00  4.179E+02 -2.730E+02
  2.214E+01  1.899E+01  2.930E+02  0.000E+00  4.179E+02 -2.730E+02
  2.224E+01  1.899E+01  2.930E+02  0.000E+00  4.179E+02 -2.730E+02
  2.234E+01  1.899E+01  2.930E+02  0.000E+00  4.179E+02 -2.730E+02
  2.244E+01  1.899E+01  2.930E+02  0.000E+00  4.179E+02 -2.730E+02
  2.254E+01  1.899E+01  2.930E+02  0.000E+00  4.179E+02 -2.730E+02
  2.264E+01  1.899E+01  2.930E+02  0.000E+00  4.179E+02 -2.730E+02
  2.274E+01  1.899E+01  2.930E+02  0.000E+00  4.179E+02 -2.730E+02
  2.284E+01  1.899E+01  2.930E+02  0.000E+00  4.179E+02 -2.730E+02
  2.294E+01  1.899E+01  2.930E+02  0.000E+00  4.179E+02 -2.730E+02
  2.304E+01  1.899E+01  2.930E+02  0.000E+00  4.179E+02 -2.730E+02
  2.314E+01  1.899E+01  2.930E+02  0.000E+00  4.179E+02 -2.730E+02
  2.324E+01  1.899E+01  2.930E+02  0.000E+00  4.179E+02 -2.730E+02
  2.334E+01  1.899E+01  2.930E+02  0.000E+00  4.179E+02 -2.730E+02
  2.344E+01  1.899E+01  2.930E+02  0.000E+00  4.179E+02 -2.730E+02
  2.354E+01  1.899E+01  2.930E+02  0.000E+00  4.179E+02 -2.730E+02
  2.364E+01  1.899E+01  2.930E+02  0.000E+00  4.179E+02 -2.730E+02
  2.374E+01  1.899E+01  2.930E+02  0.000E+00  4.179E+02 -2.730E+02
  2.384E+01  1.899E+01  2.930E+02  0.000E+00  4.179E+02 -2.730E+02
  2.394E+01  1.899E+01  2.930E+02  0.000E+00  4.179E+02 -2.730E+02
  2.404E+01  1.899E+01  2.930E+02  0.000E+00  4.179E+02 -2.730E+02
  2.414E+01  1.899E+01  2.930E+02  0.000E+00  4.179E+02 -2.730E+02
  2.424E+01  1.899E+01  2.930E+02  0.000E+00  4.179E+02 -2.730E+02
  2.434E+01  1.899E+01  2.930E+02  0.000E+00  4.179E+02 -2.730E+02
  2.444E+01  1.899E+01  2.930E+02  0.000E+00  4.179E+02 -2.730E+02
  2.454E+01  1.899E+01  2.930E+02  0.000E+00  4.179E+02 -2.730E+02
  2.464E+01  1.899E+01  2.930E+02  0.000E+00  4.179E+02 -2.730E+02
  2.474E+01  1.899E+01  2.930E+02  0.000E+00  4.179E+02 -2.730E+02
  2.484E+01  1.899E+01  2.930E+02  0.000E+00  4.179E+02 -2.730E+02
  2.494E+01  1.899E+01  2.930E+02  0.000E+00  4.179E+02 -2.730E+02
  2.504E+01  1.899E+01  2.930E+02  0.000E+00  4.179E+02 -2.730E+02
  2.514E+01  1.899E+01  2.930E+02  0.000E+00  4.179E+02 -2.730E+02
  2.524E+01  1.899E+01  2.930E+02  0.000E+00  4.179E+02 -2.730E+02
  2.534E+01  1.899E+01  2.930E+02  0.000E+00  4.179E+02 -2.730E+02
  2.544E+01  1.899E+01  2.930E+02  0.000E+00  4.179E+02 -2.730E+02
  2.554E+01  1.899E+01  2.930E+02  0.000E+00  4.179E+02 -2.730E+02
  2.564E+01  1.899E+01  2.930E+02  0.000E+00  4.179E+02 -2.730E+02
  2.574E+01  1.899E+01  2.930E+02  0.000E+00  4.179E+02 -2.730E+02
  2.584E+01  1.899E+01  2.930E+02  0.000E+00  4.179E+02 -2.730E+02
  2.594E+01  1.899E+01  2.930E+02  0.000E+00  4.179E+02 -2.730E+02
  2.604E+01  1.899E+01  2.930E+02  0.000E+00  4.179E+02 -2.730E+02
  2.614E+01  1.899E+01  2.930E+02  0.000E+00  4.179E+02 -2.730E+02
  2.624E+01  1.899E+01  2.930E+02  0.000E+00  4.179E+02 -2.730E+02
  2.634E+01  1.899E+01  2.930E+02  0.000E+00  4.179E+02 -2.730E+02
  2.644E+01  1.899E+01  2.930E+02  0.000E+00  4.179E+02 -2.730E+02
  2.654E+01  1.899E+01  2.930E+02  0.000E+00  4.179E+02 -2.730E+02
  2.664E+01  1.899E+01  2.930E+02  0.000E+00  4.179E+02 -2.730E+02
  2.674E+01  1.899E+01  2.930E+02  0.000E+00  4.179E+02 -2.730E+02
  2.684E+01  1.899E+01  2.930E+02  0.000E+00  4.179E+02 -2.730E+02
  2.694E+01  1.899E+01  2.930E+02  0.000E+00  4.179E+02 -2.730E+02
  2.704E+01  1.899E+01  2.930E+02  0.000E+00  4.179E+02 -2.730E+02
  2.714E+01  1.899E+01  2.930E+02  0.000E+00  4.179E+02 -2.730E+02
  2.724E+01  1.899E+01  2.930E+02  0.000E+00  4.179E+02 -2.730E+02
  2.734E+01  1.899E+01  2.930E+02  0.000E+00  4.179E+02 -2.730E+02
  2.744E+01  1.899E+01  2.930E+02  0.000E+00  4.179E+02 -2.730E+02
  2.754E+01  1.899E+01  2.930E+02  0.000E+00  4.179E+02 -2.730E+02
  2.764E+01  1.899E+01  2.930E+02  0.000E+00  4.179E+02 -2.730E+02
  2.774E+01  1.899E+01  2.930E+02  0.000E+00  4.179E+02 -2.730E+02
  2.784E+01  1.899E+01  2.930E+02  0.000E+00  4.179E+02 -2.730E+02
  2.794E+01  1.899E+01  2.930E+02  0.000E+00  4.179E+02 -2.730E+02
  2.804E+01  1.899E+01  2.930E+02  0.000E+00  4.179E+02 -2.730E+02
  2.814E+01  1.899E+01  2.930E+02  0.000E+00  4.179E+02 -2.730E+02
  2.824E+01  1.899E+01  2.930E+02  0.000E+00  4.179E+02 -2.730E+02
  2.834E+01  1.899E+01  2.930E+02  0.000E+00  4.179E+02 -2.730E+02
  2.844E+01  1.899E+01  2.930E+02  0.000E+00  4.179E+02 -2.730E+02
  2.854E+01  1.899E+01  2.930E+02  0.000E+00  4.179E+02 -2.730E+02
  2.864E+01  1.899E+01  2.930E+02  0.000E+00  4.179E+02 -2.730E+02
  2.874E+01  1.899E+01  2.930E+02  0.000E+00  4.179E+02 -2.730E+02
  2.884E+01  1.899E+01  2.930E+02  0.000E+00  4.179E+02 -2.730E+02
  2.894E+01  1.899E+01  2.930E+02  0.000E+00  4.179E+02 -2.730E+02
  2.904E+01  1.899E+01  2.930E+02  0.000E+00  4.179E+02 -2.730E+02
  2.914E+01  1.899E+01  2.930E+02  0.000E+00  4.179E+02 -2.730E+02
  2.924E+01  1.899E+01  2.930E+02  0.000E+00  4.179E+02 -2.730E+02
  2.934E+01  1.899E+01  2.930E+02  0.000E+00  4.179E+02 -2.730E+02
  2.944E+01  1.899E+01  2.930E+02  0.000E+00  4.179E+02 -2.730E+02
  2.954E+01  1.899E+01  2.930E+02  0.000E+00  4.179E+02 -2.730E+02
  2.964E+01  1.899E+01  2.930E+02  0.000E+00  4.179E+02 -2.730E+02
  2.974E+01  1.899E+01  2.930E+02  0.000E+00  4.179E+02 -2.730E+02
  2.984E+01  1.899E+01  2.930E+02  0.000E+00  4.179E+02 -2.730E+02
  2.994E+01  1.899E+01  2.930E+02  0.000E+00  4.179E+02 -2.730E+02
  3.004E+01  1.899E+01  2.930E+02  0.000E+00  4.179E+02 -2.730E+02
  3.014E+01  1.899E+01  2.930E+02  0.000E+00  4.179E+02 -2.730E+02
  3.024E+01  1.899E+01  2.930E+02  0.000E+00  4.179E+02 -2.730E+02
  3.034E+01  1.899E+01  2.930E+02  0.000E+00  4.179E+02 -2.730E+02
  3.044E+01  1.899E+01  2.930E+02  0.000E+00  4.179E+02 -2.730E+02
  3.054E+01  1.899E+01  2.930E+02  0.000E+00  4.179E+02 -2.730E+02
  3.064E+01  1.899E+01  2.930E+02  0.000E+00  4.179E+02 -2.730E+02
  3.074E+01  1.899E+01  2.930E+02  0.000E+00  4.179E+02 -2.730E+02
  3.084E+01  1.899E+01  2.930E+02  0.000E+00  4.179E+02 -2.730E+02
  3.094E+01  1.899E+01  2.930E+02  0.000E+00  4.179E+02 -2.730E+02
  3.104E+01  1.899E+01  2.930E+02  0.000E+00  4.179E+02 -2.730E+02
  3.114E+01  1.899E+01  2.930E+02  0.000E+00  4.179E+02 -2.730E+02
  3.124E+01  1.899E+01  2.930E+02  0.000E+00  4.179E+02 -2.730E+02
  3.134E+01  1.899E+01  2.930E+02  0.000E+00  4.179E+02 -2.730E+02
  3.144E+01  1.899E+01  2.930E+02  0.000E+00  4.179E+02 -2.730E+02
  3.154E+01  1.899E+01  2.930E+02  0.000E+00  4.179E+02 -2.730E+02
  3.164E+01  1.899E+01  2.930E+02  0.000E+00  4.179E+02 -2.730E+02
  3.174E+01  1.899E+01  2.930E+02  0.000E+00  4.179E+02 -2.730E+02
  3.184E+01  1.899E+01  2.930E+02  0.000E+00  4.179E+02 -2.730E+02
  3.194E+01  1.899E+01  2.930E+02  0.000E+00  4.179E+02 -2.730E+02
  3.204E+01  1.899E+01  2.930E+02  0.000E+00  4.179E+02 -2.730E+02
  3.214E+01  1.899E+01  2.930E+02  0.000E+00  4.179E+02 -2.730E+02
  3.224E+01  1.899E+01  2.930E+02  0.000E+00  4.179E+02 -2.730E+02
  3.234E+01  1.899E+01  2.930E+02  0.000E+00  4.179E+02 -2.730E+02
  3.244E+01  1.899E+01  2.930E+02  0.000E+00  4.179E+02 -2.730E+02
  3.254E+01  1.899E+01  2.930E+02  0.000E+00  4.179E+02 -2.730E+02
  3.264E+01  1.899E+01  2.930E+02  0.000E+00  4.179E+02 -2.730E+02
  3.274E+01  1.899E+01  2.930E+02  0.000E+00  4.179E+02 -2.730E+02
  3.284E+01  1.899E+01  2.930E+02  0.000E+00  4.179E+02 -2.730E+02
  3.294E+01  1.899E+01  2.930E+02  0.000E+00  4.179E+02 -2.730E+02
  3.304E+01  1.899E+01  2.930E+02  0.000E+00  4.179E+02 -2.730E+02
  3.314E+01  1.899E+01  2.930E+02  0.000E+00  4.179E+02 -2.730E+02
  3.324E+01  1.899E+01  2.930E+02  0.000E+00  4.179E+02 -2.730E+02
  3.334E+01  1.899E+01  2.930E+02  0.000E+00  4.179E+02 -2.730E+02
  3.344E+01  1.899E+01  2.930E+02  0.000E+00  4.179E+02 -2.730E+02
  3.354E+01  1.899E+01  2.930E+02  0.000E+00  4.179E+02 -2.730E+02
  3.364E+01  1.899E+01  2.930E+02  0.000E+00  4.179E+02 -2.730E+02
  3.374E+01  1.899E+01  2.930E+02  0.000E+00  4.179E+02 -2.730E+02
  3.384E+01  1.899E+01  2.930E+02  0.000E+00  4.179E+02 -2.730E+02
  3.394E+01  1.899E+01  2.930E+02  0.000E+00  4.179E+02 -2.730E+02
  3.404E+01  1.899E+01  2.930E+02  0.000E+00  4.179E+02 -2.730E+02
  3.414E+01  1.899E+01  2.930E+02  0.000E+00  4.179E+02 -2.730E+02
  3.424E+01  1.899E+01  2.930E+02  0.000E+00  4.179E+02 -2.730E+02
  3.434E+01  1.899E+01  2.930E+02  0.000E+00  4.179E+02 -2.730E+02
  3.444E+01  1.899E+01  2.930E+02  0.000E+00  4.179E+02 -2.730E+02
  3.454E+01  1.899E+01  2.930E+02  0.000E+00  4.179E+02 -2.730E+02
  3.464E+01  1.899E+01  2.930E+02  0.000E+00  4.179E+02 -2.730E+02
  3.474E+01  1.899E+01  2.930E+02  0.000E+00  4.179E+02 -2.730E+02
  3.484E+01  1.899E+01  2.930E+02  0.000E+00  4.179E+02 -2.730E+02
  3.494E+01  1.899E+01  2.930E+02  0.000E+00  4.179E+02 -2.730E+02
  3.504E+01  1.899E+01  2.930E+02  0.000E+00  4.179E+02 -2.730E+02
  3.514E+01  1.899E+01  2.930E+02  0.000E+00  4.179E+02 -2.730E+02
  3.524E+01  1.899E+01  2.930E+02  0.000E+00  4.179E+02 -2.730E+02
  3.534E+01  1.899E+01  2.930E+02  0.000E+00  4.179E+02 -2.730E+02
  3.544E+01  1.899E+01  2.930E+02  0.000E+00  4.179E+02 -2.730E+02
  3.554E+01  1.899E+01  2.930E+02  0.000E+00  4.179E+02 -2.730E+02
  3.564E+01  1.899E+01  2.930E+02  0.000E+00  4.179E+02 -2.730E+02
  3.574E+01  1.899E+01  2.930E+02  0.000E+00  4.179E+02 -2.730E+02
  3.584E+01  1.899E+01  2.930E+02  0.000E+00  4.179E+02 -2.730E+02
  3.594E+01  1.899E+01  2.930E+02  0.000E+00  4.179E+02 -2.730E+02
  3.604E+01  1.899E+01  2.930E+02  0.000E+00  4.179E+02 -2.730E+02
  3.614E+01  1.899E+01  2.930E+02  0.000E+00  4.179E+02 -2.730E+02
  3.624E+01  1.899E+01  2.930E+02  0.000E+00  4.179E+02 -2.730E+02
  3.634E+01  1.899E+01  2.930E+02  0.000E+00  4.179E+02 -2.730E+02
  3.644E+01  1.899E+01  2.930E+02  0.000E+00  4.179E+02 -2.730E+02
  3.654E+01  1.899E+01  2.930E+02  0.000E+00  4.179E+02 -2.730E+02
  3.664E+01  1.899E+01  2.930E+02  0.000E+00  4.179E+02 -2.730E+02
  3.674E+01  1.899E+01  2.930E+02  0.000E+00  4.179E+02 -2.730E+02
  3.684E+01  1.899E+01  2.930E+02  0.000E+00  4.179E+02 -2.730E+02
  3.694E+01  1.899E+01  2.930E+02  0.000E+00  4.179E+02 -2.730E+02
  3.704E+01  1.899E+01  2.930E+02  0.000E+00  4.179E+02 -2.730E+02
  3.714E+01  1.899E+01  2.930E+02  0.000E+00  4.179E+02 -2.730E+02
  3.724E+01  1.899E+01  2.930E+02  0.000E+00  4.179E+02 -2.730E+02
  3.734E+01  1.899E+01  2.930E+02  0.000E+00  4.179E+02 -2.730E+02
  3.744E+01  1.899E+01  2.930E+02  0.000E+00  4.179E+02 -2.730E+02
  3.754E+01  1.899E+01  2.930E+02  0.000E+00  4.179E+02 -2.730E+02
  3.764E+01  1.899E+01  2.930E+02  0.000E+00  4.179E+02 -2.730E+02
  3.774E+01  1.899E+01  2.930E+02  0.000E+00  4.179E+02 -2.730E+02
  3.784E+01  1.899E+01  2.930E+02  0.000E+00  4.179E+02 -2.730E+02
  3.794E+01  1.899E+01  2.930E+02  0.000E+00  4.179E+02 -2.730E+02
  3.804E+01  1.899E+01  2.930E+02  0.000E+00  4.179E+02 -2.730E+02
  3.814E+01  1.899E+01  2.930E+02  0.000E+00  4.179E+02 -2.730E+02
  3.824E+01  1.899E+01  2.930E+02  0.000E+00  4.179E+02 -2.730E+02
  3.834E+01  1.899E+01  2.930E+02  0.000E+00  4.179E+02 -2.730E+02
  3.844E+01  1.899E+01  2.930E+02  0.000E+00  4.179E+02 -2.730E+02
  3.854E+01  1.899E+01  2.930E+02  0.000E+00  4.179E+02 -2.730E+02
  3.864E+01  1.899E+01  2.930E+02  0.000E+00  4.179E+02 -2.730E+02
  3.874E+01  1.899E+01  2.930E+02  0.000E+00  4.179E+02 -2.730E+02
  3.884E+01  1.899E+01  2.930E+02  0.000E+00  4.179E+02 -2.730E+02
  3.894E+01  1.899E+01  2.930E+02  0.000E+00  4.179E+02 -2.730E+02
  3.904E+01  1.899E+01  2.930E+02  0.000E+00  4.179E+02 -2.730E+02
  3.914E+01  1.899E+01  2.930E+02  0.000E+00  4.179E+02 -2.730E+02
  3.924E+01  1.899E+01  2.930E+02  0.000E+00  4.179E+02 -2.730E+02
  3.934E+01  1.899E+01  2.930E+02  0.000E+00  4.179E+02 -2.730E+02
  3.944E+01  1.899E+01  2.930E+02  0.000E+00  4.179E+02 -2.730E+02
  3.954E+01  1.899E+01  2.930E+02  0.000E+00  4.179E+02 -2.730E+02
  3.964E+01  1.899E+01  2.930E+02  0.000E+00  4.179E+02 -2.730E+02
  3.974E+01  1.899E+01  2.930E+02  0.000E+00  4.179E+02 -2.730E+02
  3.984E+01  1.899E+01  2.930E+02  0.000E+00  4.179E+02 -2.730E+02
  3.994E+01  1.899E+01  2.930E+02  0.000E+00  4.179E+02 -2.730E+02
  4.004E+01  1.899E+01  2.930E+02  0.000E+00  4.179E+02 -2.730E+02
  4.014E+01  1.899E+01  2.930E+02  0.000E+00  4.179E+02 -2.730E+02
  4.024E+01  1.899E+01  2.930E+02  0.000E+00  4.179E+02 -2.730E+02
  4.034E+01  1.899E+01  2.930E+02  0.000E+00  4.179E+02 -2.730E+02
  4.044E+01  1.899E+01  2.930E+02  0.000E+00  4.179E+02 -2.730E+02
  4.054E+01  1.899E+01  2.930E+02  0.000E+00  4.179E+02 -2.730E+02
  4.064E+01  1.899E+01  2.930E+02  0.000E+00  4.179E+02 -2.730E+02
  4.074E+01  1.899E+01  2.930E+02  0.000E+00  4.179E+02 -2.730E+02
  4.084E+01  1.899E+01  2.930E+02  0.000E+00  4.179E+02 -2.730E+02
  4.094E+01  1.899E+01  2.930E+02  0.000E+00  4.179E+02 -2.730E+02
  4.104E+01  1.899E+01  2.930E+02  0.000E+00  4.179E+02 -2.730E+02
  4.114E+01  1.899E+01  2.930E+02  0.000E+00  4.179E+02 -2.730E+02
  4.124E+01  1.899E+01  2.930E+02  0.000E+00  4.179E+02 -2.730E+02
  4.134E+01  1.899E+01  2.930E+02  0.000E+00  4.179E+02 -2.730E+02
  4.144E+01  1.899E+01  2.930E+02  0.000E+00  4.179E+02 -2.730E+02
  4.154E+01  1.899E+01  2.930E+02  0.000E+00  4.179E+02 -2.730E+02
  4.164E+01  1.899E+01  2.930E+02  0.000E+00  4.179E+02 -2.730E+02
  4.174E+01  1.899E+01  2.930E+02  0.000E+00  4.179E+02 -2.730E+02
  4.184E+01  1.899E+01  2.930E+02  0.000E+00  4.179E+02 -2.730E+02
  4.194E+01  1.899E+01  2.930E+02  0.000E+00  4.179E+02 -2.730E+02
  4.204E+01  1.899E+01  2.930E+02  0.000E+00  4.179E+02 -2.730E+02
  4.214E+01  1.899E+01  2.930E+02  0.000E+00  4.179E+02 -2.730E+02
  4.224E+01  1.899E+01  2.930E+02  0.000E+00  4.179E+02 -2.730E+02
  4.234E+01  1.899E+01  2.930E+02  0.000E+00  4.179E+02 -2.730E+02
  4.244E+01  1.899E+01  2.930E+02  0.000E+00  4.179E+02 -2.730E+02
  4.254E+01  1.899E+01  2.930E+02  0.000E+00  4.179E+02 -2.730E+02
  4.264E+01  1.899E+01  2.930E+02  0.000E+00  4.179E+02 -2.730E+02
  4.274E+01  1.899E+01  2.930E+02  0.000E+00  4.179E+02 -2.730E+02
  4.284E+01  1.899E+01  2.930E+02  0.000E+00  4.179E+02 -2.730E+02
  4.294E+01  1.899E+01  2.930E+02  0.000E+00  4.179E+02 -2.730E+02
  4.304E+01  1.899E+01  2.930E+02  0.000E+00  4.179E+02 -2.730E+02
  4.314E+01  1.899E+01  2.930E+02  0.000E+00  4.179E+02 -2.730E+02
  4.324E+01  1.899E+01  2.930E+02  0.000E+00  4.179E+02 -2.730E+02
  4.334E+01  1.899E+01  2.930E+02  0.000E+00  4.179E+02 -2.730E+02
  4.344E+01  1.899E+01  2.930E+02  0.000E+00  4.179E+02 -2.730E+02
  4.354E+01  1.899E+01  2.930E+02  0.000E+00  4.179E+02 -2.730E+02
  4.364E+01  1.899E+01  2.930E+02  0.000E+00  4.179E+02 -2.730E+02
  4.374E+01  1.899E+01  2.930E+02  0.000E+00  4.179E+02 -2.730E+02
  4.384E+01  1.899E+01  2.930E+02  0.000E+00  4.179E+02 -2.730E+02
  4.394E+01  1.899E+01  2.930E+02  0.000E+00  4.179E+02 -2.730E+02
  4.404E+01  1.899E+01  2.930E+02  0.000E+00  4.179E+02 -2.730E+02
  4.414E+01  1.899E+01  2.930E+02  0.000E+00  4.179E+02 -2.730E+02
  4.424E+01  1.899E+01  2.930E+02  0.000E+00  4.179E+02 -2.730E+02
  4.434E+01  1.899E+01  2.930E+02  0.000E+00  4.179E+02 -2.730E+02
  4.444E+01  1.899E+01  2.930E+02  0.000E+00  4.179E+02 -2.730E+02
  4.454E+01  1.899E+01  2.930E+02  0.000E+00  4.179E+02 -2.730E+02
  4.464E+01  1.899E+01  2.930E+02  0.000E+00  4.179E+02 -2.730E+02
  4.474E+01  1.899E+01  2.930E+02  0.000E+00  4.179E+02 -2.730E+02
  4.484E+01  1.899E+01  2.930E+02  0.000E+00  4.179E+02 -2.730E+02
  4.494E+01  1.899E+01  2.930E+02  0.000E+00  4.179E+02 -2.730E+02
  4.504E+01  1.899E+01  2.930E+02  0.000E+00  4.179E+02 -2.730E+02
  4.514E+01  1.899E+01  2.930E+02  0.000E+00  4.179E+02 -2.730E+02
  4.524E+01  1.899E+01  2.930E+02  0.000E+00  4.179E+02 -2.730E+02
  4.534E+01  1.899E+01  2.930E+02  0.000E+00  4.179E+02 -2.730E+02
  4.544E+01  1.899E+01  2.930E+02  0.000E+00  4.179E+02 -2.730E+02
  4.554E+01  1.899E+01  2.930E+02  0.000E+00  4.179E+02 -2.730E+02
  4.564E+01  1.899E+01  2.930E+02  0.000E+00  4.179E+02 -2.730E+02
  4.574E+01  1.899E+01  2.930E+02  0.000E+00  4.179E+02 -2.730E+02
  4.584E+01  1.899E+01  2.930E+02  0.000E+00  4.179E+02 -2.730E+02
  4.594E+01  1.899E+01  2.930E+02  0.000E+00  4.179E+02 -2.730E+02
  4.604E+01  1.899E+01  2.930E+02  0.000E+00  4.179E+02 -2.730E+02
  4.614E+01  1.899E+01  2.930E+02  0.000E+00  4.179E+02 -2.730E+02
  4.624E+01  1.899E+01  2.930E+02  0.000E+00  4.179E+02 -2.730E+02
  4.634E+01  1.899E+01  2.930E+02  0.000E+00  4.179E+02 -2.730E+02
  4.644E+01  1.899E+01  2.930E+02  0.000E+00  4.179E+02 -2.730E+02
  4.654E+01  1.899E+01  2.930E+02  0.000E+00  4.179E+02 -2.730E+02
  4.664E+01  1.899E+01  2.930E+02  0.000E+00  4.179E+02 -2.730E+02
  4.674E+01  1.899E+01  2.930E+02  0.000E+00  4.179E+02 -2.730E+02
  4.684E+01  1.899E+01  2.930E+02  0.000E+00  4.179E+02 -2.730E+02
  4.694E+01  1.899E+01  2.930E+02  0.000E+00  4.179E+02 -2.730E+02
  4.704E+01  1.899E+01  2.930E+02  0.000E+00  4.179E+02 -2.730E+02
  4.714E+01  1.899E+01  2.930E+02  0.000E+00  4.179E+02 -2.730E+02
  4.724E+01  1.899E+01  2.930E+02  0.000E+00  4.179E+02 -2.730E+02
  4.734E+01  1.899E+01  2.930E+02  0.000E+00  4.179E+02 -2.730E+02
  4.744E+01  1.899E+01  2.930E+02  0.000E+00  4.179E+02 -2.730E+02
  4.754E+01  1.899E+01  2.930E+02  0.000E+00  4.179E+02 -2.730E+02
  4.764E+01  1.899E+01  2.930E+02  0.000E+00  4.179E+02 -2.730E+02
  4.774E+01  1.899E+01  2.930E+02  0.000E+00  4.179E+02 -2.730E+02
  4.784E+01  1.899E+01  2.930E+02  0.000E+00  4.179E+02 -2.730E+02
  4.794E+01  1.899E+01  2.930E+02  0.000E+00  4.179E+02 -2.730E+02
  4.804E+01  1.899E+01  2.930E+02  0.000E+00  4.179E+02 -2.730E+02
  4.814E+01  1.899E+01  2.930E+02  0.000E+00  4.179E+02 -2.730E+02
  4.824E+01  1.899E+01  2.930E+02  0.000E+00  4.179E+02 -2.730E+02
  4.834E+01  1.899E+01  2.930E+02  0.000E+00  4.179E+02 -2.730E+02
  4.844E+01  1.899E+01  2.930E+02  0.000E+00  4.179E+02 -2.730E+02
  4.854E+01  1.899E+01  2.930E+02  0.000E+00  4.179E+02 -2.730E+02
  4.864E+01  1.899E+01  2.930E+02  0.000E+00  4.179E+02 -2.730E+02
  4.874E+01  1.899E+01  2.930E+02  0.000E+00  4.179E+02 -2.730E+02
  4.884E+01  1.899E+01  2.930E+02  0.000E+00  4.179E+02 -2.730E+02
  4.894E+01  1.899E+01  2.930E+02  0.000E+00  4.179E+02 -2.730E+02
  4.904E+01  1.899E+01  2.930E+02  0.000E+00  4.179E+02 -2.730E+02
  4.914E+01  1.899E+01  2.930E+02  0.000E+00  4.179E+02 -2.730E+02
  4.924E+01  1.899E+01  2.930E+02  0.000E+00  4.179E+02 -2.730E+02
  4.934E+01  1.899E+01  2.930E+02  0.000E+00  4.179E+02 -2.730E+02
  4.944E+01  1.899E+01  2.930E+02  0.000E+00  4.179E+02 -2.730E+02
  4.954E+01  1.899E+01  2.930E+02  0.000E+00  4.179E+02 -2.730E+02
  4.964E+01  1.899E+01  2.930E+02  0.000E+00  4.179E+02 -2.730E+02
  4.974E+01  1.899E+01  2.930E+02  0.000E+00  4.179E+02 -2.730E+02
  4.984E+01  1.899E+01  2.930E+02  0.000E+00  4.179E+02 -2.730E+02
  4.994E+01  1.899E+01  2.930E+02  0.000E+00  4.179E+02 -2.730E+02
  5.004E+01  1.899E+01  2.930E+02  0.000E+00  4.179E+02 -2.730E+02
  5.014E+01  1.899E+01  2.930E+02  0.000E+00  4.179E+02 -2.730E+02
  5.024E+01  1.899E+01  2.930E+02  0.000E+00  4.179E+02 -2.730E+02
  5.034E+01  1.899E+01  2.930E+02  0.000E+00  4.179E+02 -2.730E+02
  5.044E+01  1.899E+01  2.930E+02  0.000E+00  4.179E+02 -2.730E+02
  5.054E+01  1.899E+01  2.930E+02  0.000E+00  4.179E+02 -2.730E+02
  5.064E+01  1.899E+01  2.930E+02  0.000E+00  4.179E+02 -2.730E+02
  5.074E+01  1.899E+01  2.930E+02  0.000E+00  4.179E+02 -2.730E+02
  5.084E+01  1.899E+01  2.930E+02  0.000E+00  4.179E+02 -2.730E+02
  5.094E+01  1.899E+01  2.930E+02  0.000E+00  4.179E+02 -2.730E+02
  5.104E+01  1.899E+01  2.930E+02  0.000E+00  4.179E+02 -2.730E+02
  5.114E+01  1.899E+01  2.930E+02  0.000E+00  4.179E+02 -2.730E+02
  5.124E+01  1.899E+01  2.930E+02  0.000E+00  4.179E+02 -2.730E+02
  5.134E+01  1.899E+01  2.930E+02  0.000E+00  4.179E+02 -2.730E+02
  5.144E+01  1.899E+01  2.930E+02  0.000E+00  4.179E+02 -2.730E+02
  5.154E+01  1.899E+01  2.930E+02  0.000E+00  4.179E+02 -2.730E+02
  5.164E+01  1.899E+01  2.930E+02  0.000E+00  4.179E+02 -2.730E+02
  5.174E+01  1.899E+01  2.930E+02  0.000E+00  4.179E+02 -2.730E+02
  5.184E+01  1.899E+01  2.930E+02  0.000E+00  4.179E+02 -2.730E+02
  5.194E+01  1.899E+01  2.930E+02  0.000E+00  4.179E+02 -2.730E+02
  5.204E+01  1.899E+01  2.930E+02  0.000E+00  4.179E+02 -2.730E+02
  5.214E+01  1.899E+01  2.930E+02  0.000E+00  4.179E+02 -2.730E+02
  5.224E+01  1.899E+01  2.930E+02  0.000E+00  4.179E+02 -2.730E+02
  5.234E+01  1.899E+01  2.930E+02  0.000E+00  4.179E+02 -2.730E+02
  5.244E+01  1.899E+01  2.930E+02  0.000E+00  4.179E+02 -2.730E+02
  5.254E+01  1.899E+01  2.930E+02  0.000E+00  4.179E+02 -2.730E+02
  5.264E+01  1.899E+01  2.930E+02  0.000E+00  4.179E+02 -2.730E+02
  5.274E+01  1.899E+01  2.930E+02  0.000E+00  4.179E+02 -2.730E+02
  5.284E+01  1.899E+01  2.930E+02  0.000E+00  4.179E+02 -2.730E+02
  5.294E+01  1.899E+01  2.930E+02  0.000E+00  4.179E+02 -2.730E+02
  5.304E+01  1.899E+01  2.930E+02  0.000E+00  4.179E+02 -2.730E+02
  5.314E+01  1.899E+01  2.930E+02  0.000E+00  4.179E+02 -2.730E+02
  5.324E+01  1.899E+01  2.930E+02  0.000E+00  4.179E+02 -2.730E+02
  5.334E+01  1.899E+01  2.930E+02  0.000E+00  4.179E+02 -2.730E+02
  5.344E+01  1.899E+01  2.930E+02  0.000E+00  4.179E+02 -2.730E+02
  5.354E+01  1.899E+01  2.930E+02  0.000E+00  4.179E+02 -2.730E+02
  5.364E+01  1.899E+01  2.930E+02  0.000E+00  4.179E+02 -2.730E+02
  5.374E+01  1.899E+01  2.930E+02  0.000E+00  4.179E+02 -2.730E+02
  5.384E+01  1.899E+01  2.930E+02  0.000E+00  4.179E+02 -2.730E+02
  5.394E+01  1.899E+01  2.930E+02  0.000E+00  4.179E+02 -2.730E+02
  5.404E+01  1.899E+01  2.930E+02  0.000E+00  4.179E+02 -2.730E+02
  5.414E+01  1.899E+01  2.930E+02  0.000E+00  4.179E+02 -2.730E+02
  5.424E+01  1.899E+01  2.930E+02  0.000E+00  4.179E+02 -2.730E+02
  5.434E+01  1.899E+01  2.930E+02  0.000E+00  4.179E+02 -2.730E+02
  5.444E+01  1.899E+01  2.930E+02  0.000E+00  4.179E+02 -2.730E+02
  5.454E+01  1.899E+01  2.930E+02  0.000E+00  4.179E+02 -2.730E+02
  5.464E+01  1.899E+01  2.930E+02  0.000E+00  4.179E+02 -2.730E+02
  5.474E+01  1.899E+01  2.930E+02  0.000E+00  4.179E+02 -2.730E+02
  5.484E+01  1.899E+01  2.930E+02  0.000E+00  4.179E+02 -2.730E+02
  5.494E+01  1.899E+01  2.930E+02  0.000E+00  4.179E+02 -2.730E+02
  5.504E+01  1.899E+01  2.930E+02  0.000E+00  4.179E+02 -2.730E+02
  5.514E+01  1.899E+01  2.930E+02  0.000E+00  4.179E+02 -2.730E+02
  5.524E+01  1.899E+01  2.930E+02  0.000E+00  4.179E+02 -2.730E+02
  5.534E+01  1.899E+01  2.930E+02  0.000E+00  4.179E+02 -2.730E+02
  5.544E+01  1.899E+01  2.930E+02  0.000E+00  4.179E+02 -2.730E+02
  5.554E+01  1.899E+01  2.930E+02  0.000E+00  4.179E+02 -2.730E+02
  5.564E+01  1.899E+01  2.930E+02  0.000E+00  4.179E+02 -2.730E+02
  5.574E+01  1.899E+01  2.930E+02  0.000E+00  4.179E+02 -2.730E+02
  5.584E+01  1.899E+01  2.930E+02  0.000E+00  4.179E+02 -2.730E+02
  5.594E+01  1.899E+01  2.930E+02  0.000E+00  4.179E+02 -2.730E+02
  5.604E+01  1.899E+01  2.930E+02  0.000E+00  4.179E+02 -2.730E+02
  5.614E+01  1.899E+01  2.930E+02  0.000E+00  4.179E+02 -2.730E+02
  5.624E+01  1.899E+01  2.930E+02  0.000E+00  4.179E+02 -2.730E+02
  5.634E+01  1.899E+01  2.930E+02  0.000E+00  4.179E+02 -2.730E+02
  5.644E+01  1.899E+01  2.930E+02  0.000E+00  4.179E+02 -2.730E+02
  5.654E+01  1.899E+01  2.930E+02  0.000E+00  4.179E+02 -2.730E+02
  5.664E+01  1.899E+01  2.930E+02  0.000E+00  4.179E+02 -2.730E+02
  5.674E+01  1.899E+01  2.930E+02  0.000E+00  4.179E+02 -2.730E+02
  5.684E+01  1.899E+01  2.930E+02  0.000E+00  4.179E+02 -2.730E+02
  5.694E+01  1.899E+01  2.930E+02  0.000E+00  4.179E+02 -2.730E+02
  5.704E+01  1.899E+01  2.930E+02  0.000E+00  4.179E+02 -2.730E+02
  5.714E+01  1.899E+01  2.930E+02  0.000E+00  4.179E+02 -2.730E+02
  5.724E+01  1.899E+01  2.930E+02  0.000E+00  4.179E+02 -2.730E+02
  5.734E+01  1.899E+01  2.930E+02  0.000E+00  4.179E+02 -2.730E+02
  5.744E+01  1.899E+01  2.930E+02  0.000E+00  4.179E+02 -2.730E+02
  5.754E+01  1.899E+01  2.930E+02  0.000E+00  4.179E+02 -2.730E+02
  5.764E+01  1.899E+01  2.930E+02  0.000E+00  4.179E+02 -2.730E+02
  5.774E+01  1.899E+01  2.930E+02  0.000E+00  4.179E+02 -2.730E+02
  5.784E+01  1.899E+01  2.930E+02  0.000E+00  4.179E+02 -2.730E+02
  5.794E+01  1.899E+01  2.930E+02  0.000E+00  4.179E+02 -2.730E+02
  5.804E+01  1.899E+01  2.930E+02  0.000E+00  4.179E+02 -2.730E+02
  5.814E+01  1.899E+01  2.930E+02  0.000E+00  4.179E+02 -2.730E+02
  5.824E+01  1.899E+01  2.930E+02  0.000E+00  4.179E+02 -2.730E+02
  5.834E+01  1.899E+01  2.930E+02  0.000E+00  4.179E+02 -2.730E+02
  5.844E+01  1.899E+01  2.930E+02  0.000E+00  4.179E+02 -2.730E+02
  5.854E+01  1.899E+01  2.930E+02  0.000E+00  4.179E+02 -2.730E+02
  5.864E+01  1.899E+01  2.930E+02  0.000E+00  4.179E+02 -2.730E+02
  5.874E+01  1.899E+01  2.930E+02  0.000E+00  4.179E+02 -2.730E+02
  5.884E+01  1.899E+01  2.930E+02  0.000E+00  4.179E+02 -2.730E+02
  5.894E+01  1.899E+01  2.930E+02  0.000E+00  4.179E+02 -2.730E+02
  5.904E+01  1.899E+01  2.930E+02  0.000E+00  4.179E+02 -2.730E+02
  5.914E+01  1.899E+01  2.930E+02  0.000E+00  4.179E+02 -2.730E+02
  5.924E+01  1.899E+01  2.930E+02  0.000E+00  4.179E+02 -2.730E+02
  5.934E+01  1.899E+01  2.930E+02  0.000E+00  4.179E+02 -2.730E+02
  5.944E+01  1.899E+01  2.930E+02  0.000E+00  4.179E+02 -2.730E+02
  5.954E+01  1.899E+01  2.930E+02  0.000E+00  4.179E+02 -2.730E+02
  5.964E+01  1.899E+01  2.930E+02  0.000E+00  4.179E+02 -2.730E+02
  5.974E+01  1.899E+01  2.930E+02  0.000E+00  4.179E+02 -2.730E+02
  5.984E+01  1.899E+01  2.930E+02  0.000E+00  4.179E+02 -2.730E+02
  5.994E+01  1.899E+01  2.930E+02  0.000E+00  4.179E+02 -2.730E+02
  6.004E+01  1.899E+01  2.930E+02  0.000E+00  4.179E+02 -2.730E+02
