 X( 21)=-4.6481E+01     Y(  9)=-1.9679E+02     Z( 14)= 4.8577E+01

       TIME  Velocity   Temperatur CH4        Max radiat Solid Temp
  1.000E-03  1.924E+01  2.930E+02  0.000E+00  4.179E+02 -2.730E+02
  2.100E-03  1.924E+01  2.930E+02  0.000E+00  4.179E+02 -2.730E+02
  3.129E-03  1.923E+01  2.930E+02  0.000E+00  4.179E+02 -2.730E+02
  4.189E-03  1.921E+01  2.930E+02  0.000E+00  4.179E+02 -2.730E+02
  5.321E-03  1.916E+01  2.930E+02  0.000E+00  4.179E+02 -2.730E+02
  6.567E-03  1.908E+01  2.930E+02  0.000E+00  4.179E+02 -2.730E+02
  7.919E-03  1.908E+01  2.930E+02  0.000E+00  4.179E+02 -2.730E+02
  9.406E-03  1.910E+01  2.930E+02  0.000E+00  4.179E+02 -2.730E+02
  1.104E-02  1.911E+01  2.930E+02  0.000E+00  4.179E+02 -2.730E+02
  1.284E-02  1.911E+01  2.930E+02  0.000E+00  4.179E+02 -2.730E+02
  1.482E-02  1.911E+01  2.930E+02  0.000E+00  4.179E+02 -2.730E+02
  1.700E-02  1.910E+01  2.930E+02  0.000E+00  4.179E+02 -2.730E+02
  1.939E-02  1.909E+01  2.930E+02  0.000E+00  4.179E+02 -2.730E+02
  2.202E-02  1.909E+01  2.930E+02  0.000E+00  4.179E+02 -2.730E+02
  2.492E-02  1.909E+01  2.930E+02  0.000E+00  4.179E+02 -2.730E+02
  2.811E-02  1.909E+01  2.930E+02  0.000E+00  4.179E+02 -2.730E+02
  3.161E-02  1.909E+01  2.930E+02  0.000E+00  4.179E+02 -2.730E+02
  3.547E-02  1.909E+01  2.930E+02  0.000E+00  4.179E+02 -2.730E+02
  3.971E-02  1.909E+01  2.930E+02  0.000E+00  4.179E+02 -2.730E+02
  4.438E-02  1.909E+01  2.930E+02  0.000E+00  4.179E+02 -2.730E+02
  4.951E-02  1.909E+01  2.930E+02  0.000E+00  4.179E+02 -2.730E+02
  5.516E-02  1.909E+01  2.930E+02  0.000E+00  4.179E+02 -2.730E+02
  6.137E-02  1.909E+01  2.930E+02  0.000E+00  4.179E+02 -2.730E+02
  6.820E-02  1.909E+01  2.930E+02  0.000E+00  4.179E+02 -2.730E+02
  7.572E-02  1.909E+01  2.930E+02  0.000E+00  4.179E+02 -2.730E+02
  8.398E-02  1.909E+01  2.930E+02  0.000E+00  4.179E+02 -2.730E+02
  9.308E-02  1.909E+01  2.930E+02  0.000E+00  4.179E+02 -2.730E+02
  1.031E-01  1.908E+01  2.930E+02  0.000E+00  4.179E+02 -2.730E+02
  1.141E-01  1.908E+01  2.930E+02  0.000E+00  4.179E+02 -2.730E+02
  1.262E-01  1.908E+01  2.930E+02  0.000E+00  4.179E+02 -2.730E+02
  1.395E-01  1.907E+01  2.930E+02  0.000E+00  4.179E+02 -2.730E+02
  1.541E-01  1.907E+01  2.930E+02  0.000E+00  4.179E+02 -2.730E+02
  1.703E-01  1.907E+01  2.930E+02  0.000E+00  4.179E+02 -2.730E+02
  1.880E-01  1.906E+01  2.930E+02  0.000E+00  4.179E+02 -2.730E+02
  2.075E-01  1.906E+01  2.930E+02  0.000E+00  4.179E+02 -2.730E+02
  2.289E-01  1.906E+01  2.930E+02  0.000E+00  4.179E+02 -2.730E+02
  2.525E-01  1.905E+01  2.930E+02  0.000E+00  4.179E+02 -2.730E+02
  2.784E-01  1.905E+01  2.930E+02  0.000E+00  4.179E+02 -2.730E+02
  3.070E-01  1.905E+01  2.930E+02  0.000E+00  4.179E+02 -2.730E+02
  3.384E-01  1.905E+01  2.930E+02  0.000E+00  4.179E+02 -2.730E+02
  3.729E-01  1.904E+01  2.930E+02  0.000E+00  4.179E+02 -2.730E+02
  4.109E-01  1.904E+01  2.930E+02  0.000E+00  4.179E+02 -2.730E+02
  4.527E-01  1.904E+01  2.930E+02  0.000E+00  4.179E+02 -2.730E+02
  4.986E-01  1.903E+01  2.930E+02  0.000E+00  4.179E+02 -2.730E+02
  5.492E-01  1.903E+01  2.930E+02  0.000E+00  4.179E+02 -2.730E+02
  6.048E-01  1.903E+01  2.930E+02  0.000E+00  4.179E+02 -2.730E+02
  6.660E-01  1.902E+01  2.930E+02  0.000E+00  4.179E+02 -2.730E+02
  7.333E-01  1.901E+01  2.930E+02  0.000E+00  4.179E+02 -2.730E+02
  8.073E-01  1.901E+01  2.930E+02  0.000E+00  4.179E+02 -2.730E+02
  8.887E-01  1.900E+01  2.930E+02  0.000E+00  4.179E+02 -2.730E+02
  9.783E-01  1.900E+01  2.930E+02  0.000E+00  4.179E+02 -2.730E+02
  1.077E+00  1.899E+01  2.930E+02  0.000E+00  4.179E+02 -2.730E+02
  1.177E+00  1.898E+01  2.930E+02  0.000E+00  4.179E+02 -2.730E+02
  1.277E+00  1.898E+01  2.930E+02  0.000E+00  4.179E+02 -2.730E+02
  1.377E+00  1.897E+01  2.930E+02  0.000E+00  4.179E+02 -2.730E+02
  1.477E+00  1.896E+01  2.930E+02  0.000E+00  4.179E+02 -2.730E+02
  1.577E+00  1.896E+01  2.930E+02  0.000E+00  4.179E+02 -2.730E+02
  1.677E+00  1.895E+01  2.930E+02  0.000E+00  4.179E+02 -2.730E+02
  1.777E+00  1.895E+01  2.930E+02  0.000E+00  4.179E+02 -2.730E+02
  1.877E+00  1.894E+01  2.930E+02  0.000E+00  4.179E+02 -2.730E+02
  1.977E+00  1.894E+01  2.930E+02  0.000E+00  4.179E+02 -2.730E+02
  2.077E+00  1.893E+01  2.930E+02  0.000E+00  4.179E+02 -2.730E+02
  2.177E+00  1.892E+01  2.930E+02  0.000E+00  4.179E+02 -2.730E+02
  2.277E+00  1.892E+01  2.930E+02  0.000E+00  4.179E+02 -2.730E+02
  2.377E+00  1.891E+01  2.930E+02  0.000E+00  4.179E+02 -2.730E+02
  2.477E+00  1.891E+01  2.930E+02  0.000E+00  4.179E+02 -2.730E+02
  2.577E+00  1.890E+01  2.930E+02  0.000E+00  4.179E+02 -2.730E+02
  2.677E+00  1.889E+01  2.930E+02  0.000E+00  4.179E+02 -2.730E+02
  2.777E+00  1.889E+01  2.930E+02  0.000E+00  4.179E+02 -2.730E+02
  2.877E+00  1.888E+01  2.930E+02  0.000E+00  4.179E+02 -2.730E+02
  2.977E+00  1.888E+01  2.930E+02  0.000E+00  4.179E+02 -2.730E+02
  3.077E+00  1.887E+01  2.930E+02  0.000E+00  4.179E+02 -2.730E+02
  3.177E+00  1.887E+01  2.930E+02  0.000E+00  4.179E+02 -2.730E+02
  3.277E+00  1.886E+01  2.930E+02  0.000E+00  4.179E+02 -2.730E+02
  3.377E+00  1.886E+01  2.930E+02  0.000E+00  4.179E+02 -2.730E+02
  3.477E+00  1.885E+01  2.930E+02  0.000E+00  4.179E+02 -2.730E+02
  3.577E+00  1.884E+01  2.930E+02  0.000E+00  4.179E+02 -2.730E+02
  3.677E+00  1.884E+01  2.930E+02  0.000E+00  4.179E+02 -2.730E+02
  3.777E+00  1.883E+01  2.930E+02  0.000E+00  4.179E+02 -2.730E+02
  3.877E+00  1.883E+01  2.930E+02  0.000E+00  4.179E+02 -2.730E+02
  3.977E+00  1.882E+01  2.930E+02  0.000E+00  4.179E+02 -2.730E+02
  4.077E+00  1.882E+01  2.930E+02  0.000E+00  4.179E+02 -2.730E+02
  4.177E+00  1.881E+01  2.930E+02  0.000E+00  4.179E+02 -2.730E+02
  4.277E+00  1.880E+01  2.930E+02  0.000E+00  4.179E+02 -2.730E+02
  4.377E+00  1.880E+01  2.930E+02  0.000E+00  4.179E+02 -2.730E+02
  4.477E+00  1.879E+01  2.930E+02  0.000E+00  4.179E+02 -2.730E+02
  4.577E+00  1.879E+01  2.930E+02  0.000E+00  4.179E+02 -2.730E+02
  4.677E+00  1.878E+01  2.930E+02  0.000E+00  4.179E+02 -2.730E+02
  4.777E+00  1.878E+01  2.930E+02  0.000E+00  4.179E+02 -2.730E+02
  4.877E+00  1.877E+01  2.930E+02  0.000E+00  4.179E+02 -2.730E+02
  4.977E+00  1.876E+01  2.930E+02  0.000E+00  4.179E+02 -2.730E+02
  5.077E+00  1.876E+01  2.930E+02  0.000E+00  4.179E+02 -2.730E+02
  5.177E+00  1.875E+01  2.930E+02  0.000E+00  4.179E+02 -2.730E+02
  5.277E+00  1.875E+01  2.930E+02  0.000E+00  4.179E+02 -2.730E+02
  5.377E+00  1.874E+01  2.930E+02  0.000E+00  4.179E+02 -2.730E+02
  5.477E+00  1.874E+01  2.930E+02  0.000E+00  4.179E+02 -2.730E+02
  5.577E+00  1.873E+01  2.930E+02  0.000E+00  4.179E+02 -2.730E+02
  5.677E+00  1.872E+01  2.930E+02  0.000E+00  4.179E+02 -2.730E+02
  5.777E+00  1.872E+01  2.930E+02  0.000E+00  4.179E+02 -2.730E+02
  5.877E+00  1.871E+01  2.930E+02  0.000E+00  4.179E+02 -2.730E+02
  5.977E+00  1.870E+01  2.930E+02  0.000E+00  4.179E+02 -2.730E+02
  6.077E+00  1.870E+01  2.930E+02  0.000E+00  4.179E+02 -2.730E+02
  6.177E+00  1.869E+01  2.930E+02  0.000E+00  4.179E+02 -2.730E+02
  6.277E+00  1.868E+01  2.930E+02  0.000E+00  4.179E+02 -2.730E+02
  6.377E+00  1.868E+01  2.930E+02  0.000E+00  4.179E+02 -2.730E+02
  6.477E+00  1.867E+01  2.930E+02  0.000E+00  4.179E+02 -2.730E+02
  6.577E+00  1.866E+01  2.930E+02  0.000E+00  4.179E+02 -2.730E+02
  6.677E+00  1.866E+01  2.930E+02  0.000E+00  4.179E+02 -2.730E+02
  6.777E+00  1.865E+01  2.930E+02  0.000E+00  4.179E+02 -2.730E+02
  6.877E+00  1.864E+01  2.930E+02  0.000E+00  4.179E+02 -2.730E+02
  6.977E+00  1.863E+01  2.930E+02  0.000E+00  4.179E+02 -2.730E+02
  7.077E+00  1.862E+01  2.930E+02  0.000E+00  4.179E+02 -2.730E+02
  7.177E+00  1.861E+01  2.930E+02  0.000E+00  4.179E+02 -2.730E+02
  7.277E+00  1.860E+01  2.930E+02  0.000E+00  4.179E+02 -2.730E+02
  7.377E+00  1.859E+01  2.930E+02  0.000E+00  4.179E+02 -2.730E+02
  7.477E+00  1.858E+01  2.930E+02  0.000E+00  4.179E+02 -2.730E+02
  7.577E+00  1.857E+01  2.930E+02  0.000E+00  4.179E+02 -2.730E+02
  7.677E+00  1.856E+01  2.930E+02  0.000E+00  4.179E+02 -2.730E+02
  7.777E+00  1.855E+01  2.930E+02  0.000E+00  4.179E+02 -2.730E+02
  7.877E+00  1.853E+01  2.930E+02  0.000E+00  4.179E+02 -2.730E+02
  7.977E+00  1.852E+01  2.930E+02  0.000E+00  4.179E+02 -2.730E+02
  8.077E+00  1.851E+01  2.930E+02  0.000E+00  4.179E+02 -2.730E+02
  8.177E+00  1.850E+01  2.930E+02  0.000E+00  4.179E+02 -2.730E+02
  8.277E+00  1.848E+01  2.930E+02  0.000E+00  4.179E+02 -2.730E+02
  8.377E+00  1.847E+01  2.930E+02  0.000E+00  4.179E+02 -2.730E+02
  8.477E+00  1.845E+01  2.930E+02  0.000E+00  4.179E+02 -2.730E+02
  8.577E+00  1.844E+01  2.930E+02  0.000E+00  4.179E+02 -2.730E+02
  8.677E+00  1.842E+01  2.930E+02  0.000E+00  4.179E+02 -2.730E+02
  8.777E+00  1.841E+01  2.930E+02  0.000E+00  4.179E+02 -2.730E+02
  8.877E+00  1.839E+01  2.930E+02  0.000E+00  4.179E+02 -2.730E+02
  8.977E+00  1.838E+01  2.930E+02  0.000E+00  4.179E+02 -2.730E+02
  9.077E+00  1.836E+01  2.930E+02  0.000E+00  4.179E+02 -2.730E+02
  9.177E+00  1.834E+01  2.930E+02  0.000E+00  4.179E+02 -2.730E+02
  9.277E+00  1.832E+01  2.930E+02  0.000E+00  4.179E+02 -2.730E+02
  9.377E+00  1.831E+01  2.930E+02  0.000E+00  4.179E+02 -2.730E+02
  9.477E+00  1.829E+01  2.930E+02  0.000E+00  4.179E+02 -2.730E+02
  9.577E+00  1.827E+01  2.930E+02  0.000E+00  4.179E+02 -2.730E+02
  9.677E+00  1.825E+01  2.930E+02  0.000E+00  4.179E+02 -2.730E+02
  9.777E+00  1.823E+01  2.930E+02  0.000E+00  4.179E+02 -2.730E+02
  9.877E+00  1.821E+01  2.930E+02  0.000E+00  4.179E+02 -2.730E+02
  9.977E+00  1.819E+01  2.930E+02  0.000E+00  4.179E+02 -2.730E+02
  1.008E+01  1.817E+01  2.930E+02  0.000E+00  4.179E+02 -2.730E+02
  1.018E+01  1.814E+01  2.930E+02  0.000E+00  4.179E+02 -2.730E+02
  1.028E+01  1.812E+01  2.930E+02  0.000E+00  4.179E+02 -2.730E+02
  1.038E+01  1.810E+01  2.930E+02  0.000E+00  4.179E+02 -2.730E+02
  1.048E+01  1.807E+01  2.930E+02  0.000E+00  4.179E+02 -2.730E+02
  1.058E+01  1.804E+01  2.930E+02  0.000E+00  4.179E+02 -2.730E+02
  1.068E+01  1.802E+01  2.930E+02  0.000E+00  4.179E+02 -2.730E+02
  1.078E+01  1.799E+01  2.930E+02  0.000E+00  4.179E+02 -2.730E+02
  1.088E+01  1.796E+01  2.930E+02  0.000E+00  4.179E+02 -2.730E+02
  1.098E+01  1.793E+01  2.930E+02  0.000E+00  4.179E+02 -2.730E+02
  1.108E+01  1.790E+01  2.930E+02  0.000E+00  4.179E+02 -2.730E+02
  1.118E+01  1.787E+01  2.930E+02  0.000E+00  4.179E+02 -2.730E+02
  1.128E+01  1.784E+01  2.930E+02  0.000E+00  4.179E+02 -2.730E+02
  1.138E+01  1.781E+01  2.930E+02  0.000E+00  4.179E+02 -2.730E+02
  1.148E+01  1.777E+01  2.930E+02  0.000E+00  4.179E+02 -2.730E+02
  1.158E+01  1.774E+01  2.930E+02  0.000E+00  4.179E+02 -2.730E+02
  1.168E+01  1.770E+01  2.930E+02  0.000E+00  4.179E+02 -2.730E+02
  1.178E+01  1.766E+01  2.930E+02  0.000E+00  4.179E+02 -2.730E+02
  1.188E+01  1.763E+01  2.930E+02  0.000E+00  4.179E+02 -2.730E+02
  1.198E+01  1.759E+01  2.930E+02  0.000E+00  4.179E+02 -2.730E+02
  1.208E+01  1.755E+01  2.930E+02  0.000E+00  4.179E+02 -2.730E+02
  1.218E+01  1.751E+01  2.930E+02  0.000E+00  4.179E+02 -2.730E+02
  1.228E+01  1.747E+01  2.930E+02  0.000E+00  4.179E+02 -2.730E+02
  1.238E+01  1.743E+01  2.930E+02  0.000E+00  4.179E+02 -2.730E+02
  1.248E+01  1.739E+01  2.930E+02  0.000E+00  4.179E+02 -2.730E+02
  1.258E+01  1.734E+01  2.930E+02  0.000E+00  4.179E+02 -2.730E+02
  1.268E+01  1.730E+01  2.930E+02  0.000E+00  4.179E+02 -2.730E+02
  1.278E+01  1.725E+01  2.930E+02  0.000E+00  4.179E+02 -2.730E+02
  1.288E+01  1.721E+01  2.930E+02  0.000E+00  4.179E+02 -2.730E+02
  1.298E+01  1.716E+01  2.930E+02  0.000E+00  4.179E+02 -2.730E+02
  1.308E+01  1.712E+01  2.930E+02  0.000E+00  4.179E+02 -2.730E+02
  1.318E+01  1.707E+01  2.930E+02  0.000E+00  4.179E+02 -2.730E+02
  1.328E+01  1.702E+01  2.930E+02  0.000E+00  4.179E+02 -2.730E+02
  1.338E+01  1.697E+01  2.930E+02  0.000E+00  4.179E+02 -2.730E+02
  1.348E+01  1.692E+01  2.930E+02  0.000E+00  4.179E+02 -2.730E+02
  1.358E+01  1.687E+01  2.930E+02  0.000E+00  4.179E+02 -2.730E+02
  1.368E+01  1.682E+01  2.930E+02  0.000E+00  4.179E+02 -2.730E+02
  1.378E+01  1.677E+01  2.930E+02  0.000E+00  4.179E+02 -2.730E+02
  1.388E+01  1.672E+01  2.930E+02  0.000E+00  4.179E+02 -2.730E+02
  1.398E+01  1.667E+01  2.930E+02  0.000E+00  4.179E+02 -2.730E+02
  1.408E+01  1.661E+01  2.930E+02  0.000E+00  4.179E+02 -2.730E+02
  1.418E+01  1.656E+01  2.930E+02  0.000E+00  4.179E+02 -2.730E+02
  1.428E+01  1.651E+01  2.930E+02  0.000E+00  4.179E+02 -2.730E+02
  1.438E+01  1.645E+01  2.930E+02  0.000E+00  4.179E+02 -2.730E+02
  1.448E+01  1.640E+01  2.930E+02  0.000E+00  4.179E+02 -2.730E+02
  1.458E+01  1.634E+01  2.930E+02  0.000E+00  4.179E+02 -2.730E+02
  1.468E+01  1.629E+01  2.930E+02  0.000E+00  4.179E+02 -2.730E+02
  1.478E+01  1.623E+01  2.930E+02  0.000E+00  4.179E+02 -2.730E+02
  1.488E+01  1.617E+01  2.930E+02  0.000E+00  4.179E+02 -2.730E+02
  1.498E+01  1.612E+01  2.930E+02  0.000E+00  4.179E+02 -2.730E+02
  1.508E+01  1.606E+01  2.930E+02  0.000E+00  4.179E+02 -2.730E+02
  1.518E+01  1.600E+01  2.930E+02  0.000E+00  4.179E+02 -2.730E+02
  1.528E+01  1.594E+01  2.930E+02  0.000E+00  4.179E+02 -2.730E+02
  1.538E+01  1.588E+01  2.930E+02  0.000E+00  4.179E+02 -2.730E+02
  1.548E+01  1.582E+01  2.930E+02  0.000E+00  4.179E+02 -2.730E+02
  1.558E+01  1.576E+01  2.930E+02  0.000E+00  4.179E+02 -2.730E+02
  1.568E+01  1.570E+01  2.930E+02  0.000E+00  4.179E+02 -2.730E+02
  1.578E+01  1.564E+01  2.930E+02  0.000E+00  4.179E+02 -2.730E+02
  1.588E+01  1.558E+01  2.930E+02  0.000E+00  4.179E+02 -2.730E+02
  1.598E+01  1.551E+01  2.930E+02  0.000E+00  4.179E+02 -2.730E+02
  1.608E+01  1.545E+01  2.930E+02  0.000E+00  4.179E+02 -2.730E+02
  1.618E+01  1.539E+01  2.930E+02  0.000E+00  4.179E+02 -2.730E+02
  1.628E+01  1.532E+01  2.930E+02  0.000E+00  4.179E+02 -2.730E+02
  1.638E+01  1.526E+01  2.930E+02  0.000E+00  4.179E+02 -2.730E+02
  1.648E+01  1.519E+01  2.930E+02  0.000E+00  4.179E+02 -2.730E+02
  1.658E+01  1.512E+01  2.930E+02  0.000E+00  4.179E+02 -2.730E+02
  1.668E+01  1.506E+01  2.930E+02  0.000E+00  4.179E+02 -2.730E+02
  1.678E+01  1.499E+01  2.930E+02  0.000E+00  4.179E+02 -2.730E+02
  1.688E+01  1.492E+01  2.930E+02  0.000E+00  4.179E+02 -2.730E+02
  1.698E+01  1.485E+01  2.930E+02  0.000E+00  4.179E+02 -2.730E+02
  1.708E+01  1.478E+01  2.930E+02  0.000E+00  4.179E+02 -2.730E+02
  1.718E+01  1.471E+01  2.930E+02  0.000E+00  4.179E+02 -2.730E+02
  1.728E+01  1.464E+01  2.930E+02  0.000E+00  4.179E+02 -2.730E+02
  1.738E+01  1.456E+01  2.930E+02  0.000E+00  4.179E+02 -2.730E+02
  1.748E+01  1.449E+01  2.930E+02  0.000E+00  4.179E+02 -2.730E+02
  1.758E+01  1.442E+01  2.930E+02  0.000E+00  4.179E+02 -2.730E+02
  1.768E+01  1.434E+01  2.930E+02  0.000E+00  4.179E+02 -2.730E+02
  1.778E+01  1.426E+01  2.930E+02  0.000E+00  4.179E+02 -2.730E+02
  1.788E+01  1.419E+01  2.930E+02  0.000E+00  4.179E+02 -2.730E+02
  1.798E+01  1.411E+01  2.930E+02  0.000E+00  4.179E+02 -2.730E+02
  1.808E+01  1.403E+01  2.930E+02  0.000E+00  4.179E+02 -2.730E+02
  1.818E+01  1.395E+01  2.930E+02  0.000E+00  4.179E+02 -2.730E+02
  1.828E+01  1.387E+01  2.930E+02  0.000E+00  4.179E+02 -2.730E+02
  1.838E+01  1.378E+01  2.930E+02  0.000E+00  4.179E+02 -2.730E+02
  1.848E+01  1.370E+01  2.930E+02  0.000E+00  4.179E+02 -2.730E+02
  1.858E+01  1.361E+01  2.930E+02  0.000E+00  4.179E+02 -2.730E+02
  1.868E+01  1.353E+01  2.930E+02  0.000E+00  4.179E+02 -2.730E+02
  1.878E+01  1.344E+01  2.930E+02  0.000E+00  4.179E+02 -2.730E+02
  1.888E+01  1.335E+01  2.930E+02  0.000E+00  4.179E+02 -2.730E+02
  1.898E+01  1.326E+01  2.930E+02  0.000E+00  4.179E+02 -2.730E+02
  1.908E+01  1.316E+01  2.930E+02  0.000E+00  4.179E+02 -2.730E+02
  1.918E+01  1.307E+01  2.930E+02  0.000E+00  4.179E+02 -2.730E+02
  1.928E+01  1.297E+01  2.930E+02  0.000E+00  4.179E+02 -2.730E+02
  1.938E+01  1.288E+01  2.930E+02  0.000E+00  4.179E+02 -2.730E+02
  1.948E+01  1.278E+01  2.930E+02  0.000E+00  4.179E+02 -2.730E+02
  1.958E+01  1.268E+01  2.930E+02  0.000E+00  4.179E+02 -2.730E+02
  1.968E+01  1.257E+01  2.930E+02  0.000E+00  4.179E+02 -2.730E+02
  1.978E+01  1.247E+01  2.930E+02  0.000E+00  4.179E+02 -2.730E+02
  1.988E+01  1.236E+01  2.930E+02  0.000E+00  4.179E+02 -2.730E+02
  1.998E+01  1.225E+01  2.930E+02  0.000E+00  4.179E+02 -2.730E+02
  2.008E+01  1.214E+01  2.930E+02  0.000E+00  4.179E+02 -2.730E+02
  2.018E+01  1.203E+01  2.930E+02  0.000E+00  4.179E+02 -2.730E+02
  2.028E+01  1.191E+01  2.930E+02  0.000E+00  4.179E+02 -2.730E+02
  2.038E+01  1.179E+01  2.930E+02  0.000E+00  4.179E+02 -2.730E+02
  2.048E+01  1.168E+01  2.930E+02  0.000E+00  4.179E+02 -2.730E+02
  2.058E+01  1.155E+01  2.930E+02  0.000E+00  4.179E+02 -2.730E+02
  2.068E+01  1.143E+01  2.930E+02  0.000E+00  4.179E+02 -2.730E+02
  2.078E+01  1.131E+01  2.930E+02  0.000E+00  4.179E+02 -2.730E+02
  2.088E+01  1.118E+01  2.930E+02  0.000E+00  4.179E+02 -2.730E+02
  2.098E+01  1.105E+01  2.930E+02  0.000E+00  4.179E+02 -2.730E+02
  2.108E+01  1.092E+01  2.930E+02  0.000E+00  4.179E+02 -2.730E+02
  2.118E+01  1.079E+01  2.930E+02  0.000E+00  4.179E+02 -2.730E+02
  2.128E+01  1.065E+01  2.930E+02  0.000E+00  4.179E+02 -2.730E+02
  2.138E+01  1.052E+01  2.930E+02  0.000E+00  4.179E+02 -2.730E+02
  2.148E+01  1.038E+01  2.930E+02  0.000E+00  4.179E+02 -2.730E+02
  2.158E+01  1.024E+01  2.930E+02  0.000E+00  4.179E+02 -2.730E+02
  2.168E+01  1.010E+01  2.930E+02  0.000E+00  4.179E+02 -2.730E+02
  2.178E+01  9.952E+00  2.930E+02  0.000E+00  4.179E+02 -2.730E+02
  2.188E+01  9.807E+00  2.930E+02  0.000E+00  4.179E+02 -2.730E+02
  2.198E+01  9.660E+00  2.930E+02  0.000E+00  4.179E+02 -2.730E+02
  2.208E+01  9.512E+00  2.930E+02  0.000E+00  4.179E+02 -2.730E+02
  2.218E+01  9.363E+00  2.930E+02  0.000E+00  4.179E+02 -2.730E+02
  2.228E+01  9.212E+00  2.930E+02  0.000E+00  4.179E+02 -2.730E+02
  2.238E+01  9.060E+00  2.930E+02  0.000E+00  4.179E+02 -2.730E+02
  2.248E+01  8.907E+00  2.930E+02  0.000E+00  4.179E+02 -2.730E+02
  2.258E+01  8.754E+00  2.930E+02  0.000E+00  4.179E+02 -2.730E+02
  2.268E+01  8.599E+00  2.930E+02  0.000E+00  4.179E+02 -2.730E+02
  2.278E+01  8.444E+00  2.930E+02  0.000E+00  4.179E+02 -2.730E+02
  2.288E+01  8.289E+00  2.930E+02  0.000E+00  4.179E+02 -2.730E+02
  2.298E+01  8.133E+00  2.930E+02  0.000E+00  4.179E+02 -2.730E+02
  2.308E+01  7.977E+00  2.930E+02  0.000E+00  4.179E+02 -2.730E+02
  2.318E+01  7.821E+00  2.930E+02  0.000E+00  4.179E+02 -2.730E+02
  2.328E+01  7.665E+00  2.930E+02  0.000E+00  4.179E+02 -2.730E+02
  2.338E+01  7.509E+00  2.930E+02  0.000E+00  4.179E+02 -2.730E+02
  2.348E+01  7.354E+00  2.930E+02  0.000E+00  4.179E+02 -2.730E+02
  2.358E+01  7.200E+00  2.930E+02  0.000E+00  4.179E+02 -2.730E+02
  2.368E+01  7.047E+00  2.930E+02  0.000E+00  4.179E+02 -2.730E+02
  2.378E+01  6.894E+00  2.930E+02  0.000E+00  4.179E+02 -2.730E+02
  2.388E+01  6.743E+00  2.930E+02  0.000E+00  4.179E+02 -2.730E+02
  2.398E+01  6.593E+00  2.930E+02  0.000E+00  4.179E+02 -2.730E+02
  2.408E+01  6.445E+00  2.930E+02  0.000E+00  4.179E+02 -2.730E+02
  2.418E+01  6.299E+00  2.930E+02  0.000E+00  4.179E+02 -2.730E+02
  2.428E+01  6.156E+00  2.930E+02  0.000E+00  4.179E+02 -2.730E+02
  2.438E+01  6.014E+00  2.930E+02  0.000E+00  4.179E+02 -2.730E+02
  2.448E+01  5.876E+00  2.930E+02  0.000E+00  4.179E+02 -2.730E+02
  2.458E+01  5.740E+00  2.930E+02  0.000E+00  4.179E+02 -2.730E+02
  2.468E+01  5.608E+00  2.930E+02  0.000E+00  4.179E+02 -2.730E+02
  2.478E+01  5.479E+00  2.930E+02  0.000E+00  4.179E+02 -2.730E+02
  2.488E+01  5.354E+00  2.930E+02  0.000E+00  4.179E+02 -2.730E+02
  2.498E+01  5.233E+00  2.930E+02  0.000E+00  4.179E+02 -2.730E+02
  2.508E+01  5.117E+00  2.930E+02  0.000E+00  4.179E+02 -2.730E+02
  2.518E+01  5.005E+00  2.930E+02  0.000E+00  4.179E+02 -2.730E+02
  2.528E+01  4.898E+00  2.930E+02  0.000E+00  4.179E+02 -2.730E+02
  2.538E+01  4.797E+00  2.930E+02  0.000E+00  4.179E+02 -2.730E+02
  2.548E+01  4.701E+00  2.930E+02  0.000E+00  4.179E+02 -2.730E+02
  2.558E+01  4.610E+00  2.930E+02  0.000E+00  4.179E+02 -2.730E+02
  2.568E+01  4.526E+00  2.930E+02  0.000E+00  4.179E+02 -2.730E+02
  2.578E+01  4.448E+00  2.930E+02  0.000E+00  4.179E+02 -2.730E+02
  2.588E+01  4.377E+00  2.930E+02  0.000E+00  4.179E+02 -2.730E+02
  2.598E+01  4.313E+00  2.930E+02  0.000E+00  4.179E+02 -2.730E+02
  2.608E+01  4.255E+00  2.930E+02  0.000E+00  4.179E+02 -2.730E+02
  2.618E+01  4.205E+00  2.930E+02  0.000E+00  4.179E+02 -2.730E+02
  2.628E+01  4.161E+00  2.930E+02  0.000E+00  4.179E+02 -2.730E+02
  2.638E+01  4.124E+00  2.930E+02  0.000E+00  4.179E+02 -2.730E+02
  2.648E+01  4.094E+00  2.930E+02  0.000E+00  4.179E+02 -2.730E+02
  2.658E+01  4.071E+00  2.930E+02  0.000E+00  4.179E+02 -2.730E+02
  2.668E+01  4.055E+00  2.930E+02  0.000E+00  4.179E+02 -2.730E+02
  2.678E+01  4.045E+00  2.930E+02  0.000E+00  4.179E+02 -2.730E+02
  2.688E+01  4.041E+00  2.930E+02  0.000E+00  4.179E+02 -2.730E+02
  2.698E+01  4.044E+00  2.930E+02  0.000E+00  4.179E+02 -2.730E+02
  2.708E+01  4.052E+00  2.930E+02  0.000E+00  4.179E+02 -2.730E+02
  2.718E+01  4.066E+00  2.930E+02  0.000E+00  4.179E+02 -2.730E+02
  2.728E+01  4.085E+00  2.930E+02  0.000E+00  4.179E+02 -2.730E+02
  2.738E+01  4.109E+00  2.930E+02  0.000E+00  4.179E+02 -2.730E+02
  2.748E+01  4.137E+00  2.930E+02  0.000E+00  4.179E+02 -2.730E+02
  2.758E+01  4.169E+00  2.930E+02  0.000E+00  4.179E+02 -2.730E+02
  2.768E+01  4.205E+00  2.930E+02  0.000E+00  4.179E+02 -2.730E+02
  2.778E+01  4.244E+00  2.930E+02  0.000E+00  4.179E+02 -2.730E+02
  2.788E+01  4.286E+00  2.930E+02  0.000E+00  4.179E+02 -2.730E+02
  2.798E+01  4.331E+00  2.930E+02  0.000E+00  4.179E+02 -2.730E+02
  2.808E+01  4.377E+00  2.930E+02  0.000E+00  4.179E+02 -2.730E+02
  2.818E+01  4.426E+00  2.930E+02  0.000E+00  4.179E+02 -2.730E+02
  2.828E+01  4.476E+00  2.930E+02  0.000E+00  4.179E+02 -2.730E+02
  2.838E+01  4.528E+00  2.930E+02  0.000E+00  4.179E+02 -2.730E+02
  2.848E+01  4.580E+00  2.930E+02  0.000E+00  4.179E+02 -2.730E+02
  2.858E+01  4.633E+00  2.930E+02  0.000E+00  4.179E+02 -2.730E+02
  2.868E+01  4.687E+00  2.930E+02  0.000E+00  4.179E+02 -2.730E+02
  2.878E+01  4.741E+00  2.930E+02  0.000E+00  4.179E+02 -2.730E+02
  2.888E+01  4.794E+00  2.930E+02  0.000E+00  4.179E+02 -2.730E+02
  2.898E+01  4.848E+00  2.930E+02  0.000E+00  4.179E+02 -2.730E+02
  2.908E+01  4.902E+00  2.930E+02  0.000E+00  4.179E+02 -2.730E+02
  2.918E+01  4.955E+00  2.930E+02  0.000E+00  4.179E+02 -2.730E+02
  2.928E+01  5.008E+00  2.930E+02  0.000E+00  4.179E+02 -2.730E+02
  2.938E+01  5.059E+00  2.930E+02  0.000E+00  4.179E+02 -2.730E+02
  2.948E+01  5.110E+00  2.930E+02  0.000E+00  4.179E+02 -2.730E+02
  2.958E+01  5.159E+00  2.930E+02  0.000E+00  4.179E+02 -2.730E+02
  2.968E+01  5.208E+00  2.930E+02  0.000E+00  4.179E+02 -2.730E+02
  2.978E+01  5.254E+00  2.930E+02  0.000E+00  4.179E+02 -2.730E+02
  2.988E+01  5.300E+00  2.930E+02  0.000E+00  4.179E+02 -2.730E+02
  2.998E+01  5.344E+00  2.930E+02  0.000E+00  4.179E+02 -2.730E+02
  3.008E+01  5.387E+00  2.930E+02  0.000E+00  4.179E+02 -2.730E+02
  3.018E+01  5.429E+00  2.930E+02  0.000E+00  4.179E+02 -2.730E+02
  3.028E+01  5.469E+00  2.930E+02  0.000E+00  4.179E+02 -2.730E+02
  3.038E+01  5.507E+00  2.930E+02  0.000E+00  4.179E+02 -2.730E+02
  3.048E+01  5.544E+00  2.930E+02  0.000E+00  4.179E+02 -2.730E+02
  3.058E+01  5.579E+00  2.930E+02  0.000E+00  4.179E+02 -2.730E+02
  3.068E+01  5.612E+00  2.930E+02  0.000E+00  4.179E+02 -2.730E+02
  3.078E+01  5.643E+00  2.930E+02  0.000E+00  4.179E+02 -2.730E+02
  3.088E+01  5.672E+00  2.930E+02  0.000E+00  4.179E+02 -2.730E+02
  3.098E+01  5.700E+00  2.930E+02  0.000E+00  4.179E+02 -2.730E+02
  3.108E+01  5.726E+00  2.930E+02  0.000E+00  4.179E+02 -2.730E+02
  3.118E+01  5.752E+00  2.930E+02  0.000E+00  4.179E+02 -2.730E+02
  3.128E+01  5.777E+00  2.930E+02  0.000E+00  4.179E+02 -2.730E+02
  3.138E+01  5.800E+00  2.930E+02  0.000E+00  4.179E+02 -2.730E+02
  3.148E+01  5.822E+00  2.930E+02  0.000E+00  4.179E+02 -2.730E+02
  3.158E+01  5.843E+00  2.930E+02  0.000E+00  4.179E+02 -2.730E+02
  3.168E+01  5.862E+00  2.930E+02  0.000E+00  4.179E+02 -2.730E+02
  3.178E+01  5.879E+00  2.930E+02  0.000E+00  4.179E+02 -2.730E+02
  3.188E+01  5.895E+00  2.930E+02  0.000E+00  4.179E+02 -2.730E+02
  3.198E+01  5.909E+00  2.930E+02  0.000E+00  4.179E+02 -2.730E+02
  3.208E+01  5.920E+00  2.930E+02  0.000E+00  4.179E+02 -2.730E+02
  3.218E+01  5.928E+00  2.930E+02  0.000E+00  4.179E+02 -2.730E+02
  3.228E+01  5.933E+00  2.930E+02  0.000E+00  4.179E+02 -2.730E+02
  3.238E+01  5.937E+00  2.930E+02  0.000E+00  4.179E+02 -2.730E+02
  3.248E+01  5.938E+00  2.930E+02  0.000E+00  4.179E+02 -2.730E+02
  3.258E+01  5.937E+00  2.930E+02  0.000E+00  4.179E+02 -2.730E+02
  3.268E+01  5.933E+00  2.930E+02  0.000E+00  4.179E+02 -2.730E+02
  3.278E+01  5.926E+00  2.930E+02  0.000E+00  4.179E+02 -2.730E+02
  3.288E+01  5.916E+00  2.930E+02  0.000E+00  4.179E+02 -2.730E+02
  3.298E+01  5.903E+00  2.930E+02  0.000E+00  4.179E+02 -2.730E+02
  3.308E+01  5.888E+00  2.930E+02  0.000E+00  4.179E+02 -2.730E+02
  3.318E+01  5.871E+00  2.930E+02  0.000E+00  4.179E+02 -2.730E+02
  3.328E+01  5.851E+00  2.930E+02  0.000E+00  4.179E+02 -2.730E+02
  3.338E+01  5.828E+00  2.930E+02  0.000E+00  4.179E+02 -2.730E+02
  3.348E+01  5.804E+00  2.930E+02  0.000E+00  4.179E+02 -2.730E+02
  3.358E+01  5.778E+00  2.930E+02  0.000E+00  4.179E+02 -2.730E+02
  3.368E+01  5.750E+00  2.930E+02  0.000E+00  4.179E+02 -2.730E+02
  3.378E+01  5.721E+00  2.930E+02  0.000E+00  4.179E+02 -2.730E+02
  3.388E+01  5.692E+00  2.930E+02  0.000E+00  4.179E+02 -2.730E+02
  3.398E+01  5.662E+00  2.930E+02  0.000E+00  4.179E+02 -2.730E+02
  3.408E+01  5.631E+00  2.930E+02  0.000E+00  4.179E+02 -2.730E+02
  3.418E+01  5.599E+00  2.930E+02  0.000E+00  4.179E+02 -2.730E+02
  3.428E+01  5.566E+00  2.930E+02  0.000E+00  4.179E+02 -2.730E+02
  3.438E+01  5.532E+00  2.930E+02  0.000E+00  4.179E+02 -2.730E+02
  3.448E+01  5.497E+00  2.930E+02  0.000E+00  4.179E+02 -2.730E+02
  3.458E+01  5.462E+00  2.930E+02  0.000E+00  4.179E+02 -2.730E+02
  3.468E+01  5.425E+00  2.930E+02  0.000E+00  4.179E+02 -2.730E+02
  3.478E+01  5.388E+00  2.930E+02  0.000E+00  4.179E+02 -2.730E+02
  3.488E+01  5.350E+00  2.930E+02  0.000E+00  4.179E+02 -2.730E+02
  3.498E+01  5.311E+00  2.930E+02  0.000E+00  4.179E+02 -2.730E+02
  3.508E+01  5.271E+00  2.930E+02  0.000E+00  4.179E+02 -2.730E+02
  3.518E+01  5.231E+00  2.930E+02  0.000E+00  4.179E+02 -2.730E+02
  3.528E+01  5.190E+00  2.930E+02  0.000E+00  4.179E+02 -2.730E+02
  3.538E+01  5.149E+00  2.930E+02  0.000E+00  4.179E+02 -2.730E+02
  3.548E+01  5.108E+00  2.930E+02  0.000E+00  4.179E+02 -2.730E+02
  3.558E+01  5.066E+00  2.930E+02  0.000E+00  4.179E+02 -2.730E+02
  3.568E+01  5.024E+00  2.930E+02  0.000E+00  4.179E+02 -2.730E+02
  3.578E+01  4.982E+00  2.930E+02  0.000E+00  4.179E+02 -2.730E+02
  3.588E+01  4.939E+00  2.930E+02  0.000E+00  4.179E+02 -2.730E+02
  3.598E+01  4.896E+00  2.930E+02  0.000E+00  4.179E+02 -2.730E+02
  3.608E+01  4.853E+00  2.930E+02  0.000E+00  4.179E+02 -2.730E+02
  3.618E+01  4.811E+00  2.930E+02  0.000E+00  4.179E+02 -2.730E+02
  3.628E+01  4.768E+00  2.930E+02  0.000E+00  4.179E+02 -2.730E+02
  3.638E+01  4.726E+00  2.930E+02  0.000E+00  4.179E+02 -2.730E+02
  3.648E+01  4.684E+00  2.930E+02  0.000E+00  4.179E+02 -2.730E+02
  3.658E+01  4.643E+00  2.930E+02  0.000E+00  4.179E+02 -2.730E+02
  3.668E+01  4.603E+00  2.930E+02  0.000E+00  4.179E+02 -2.730E+02
  3.678E+01  4.564E+00  2.930E+02  0.000E+00  4.179E+02 -2.730E+02
  3.688E+01  4.526E+00  2.930E+02  0.000E+00  4.179E+02 -2.730E+02
  3.698E+01  4.489E+00  2.930E+02  0.000E+00  4.179E+02 -2.730E+02
  3.708E+01  4.454E+00  2.930E+02  0.000E+00  4.179E+02 -2.730E+02
  3.718E+01  4.421E+00  2.930E+02  0.000E+00  4.179E+02 -2.730E+02
  3.728E+01  4.390E+00  2.930E+02  0.000E+00  4.179E+02 -2.730E+02
  3.738E+01  4.360E+00  2.930E+02  0.000E+00  4.179E+02 -2.730E+02
  3.748E+01  4.333E+00  2.930E+02  0.000E+00  4.179E+02 -2.730E+02
  3.758E+01  4.309E+00  2.930E+02  0.000E+00  4.179E+02 -2.730E+02
  3.768E+01  4.287E+00  2.930E+02  0.000E+00  4.179E+02 -2.730E+02
  3.778E+01  4.268E+00  2.930E+02  0.000E+00  4.179E+02 -2.730E+02
  3.788E+01  4.252E+00  2.930E+02  0.000E+00  4.179E+02 -2.730E+02
  3.798E+01  4.238E+00  2.930E+02  0.000E+00  4.179E+02 -2.730E+02
  3.808E+01  4.228E+00  2.930E+02  0.000E+00  4.179E+02 -2.730E+02
  3.818E+01  4.222E+00  2.930E+02  0.000E+00  4.179E+02 -2.730E+02
  3.828E+01  4.220E+00  2.930E+02  0.000E+00  4.179E+02 -2.730E+02
  3.838E+01  4.222E+00  2.930E+02  0.000E+00  4.179E+02 -2.730E+02
  3.848E+01  4.228E+00  2.930E+02  0.000E+00  4.179E+02 -2.730E+02
  3.858E+01  4.237E+00  2.930E+02  0.000E+00  4.179E+02 -2.730E+02
  3.868E+01  4.250E+00  2.930E+02  0.000E+00  4.179E+02 -2.730E+02
  3.878E+01  4.267E+00  2.930E+02  0.000E+00  4.179E+02 -2.730E+02
  3.888E+01  4.288E+00  2.930E+02  0.000E+00  4.179E+02 -2.730E+02
  3.898E+01  4.313E+00  2.930E+02  0.000E+00  4.179E+02 -2.730E+02
  3.908E+01  4.343E+00  2.930E+02  0.000E+00  4.179E+02 -2.730E+02
  3.918E+01  4.375E+00  2.930E+02  0.000E+00  4.179E+02 -2.730E+02
  3.928E+01  4.412E+00  2.930E+02  0.000E+00  4.179E+02 -2.730E+02
  3.938E+01  4.451E+00  2.930E+02  0.000E+00  4.179E+02 -2.730E+02
  3.948E+01  4.494E+00  2.930E+02  0.000E+00  4.179E+02 -2.730E+02
  3.958E+01  4.540E+00  2.930E+02  0.000E+00  4.179E+02 -2.730E+02
  3.968E+01  4.589E+00  2.930E+02  0.000E+00  4.179E+02 -2.730E+02
  3.978E+01  4.640E+00  2.930E+02  0.000E+00  4.179E+02 -2.730E+02
  3.988E+01  4.693E+00  2.930E+02  0.000E+00  4.179E+02 -2.730E+02
  3.998E+01  4.748E+00  2.930E+02  0.000E+00  4.179E+02 -2.730E+02
  4.008E+01  4.806E+00  2.930E+02  0.000E+00  4.179E+02 -2.730E+02
  4.018E+01  4.864E+00  2.930E+02  0.000E+00  4.179E+02 -2.730E+02
  4.028E+01  4.925E+00  2.930E+02  0.000E+00  4.179E+02 -2.730E+02
  4.038E+01  4.986E+00  2.930E+02  0.000E+00  4.179E+02 -2.730E+02
  4.048E+01  5.048E+00  2.930E+02  0.000E+00  4.179E+02 -2.730E+02
  4.058E+01  5.111E+00  2.930E+02  0.000E+00  4.179E+02 -2.730E+02
  4.068E+01  5.174E+00  2.930E+02  0.000E+00  4.179E+02 -2.730E+02
  4.078E+01  5.238E+00  2.930E+02  0.000E+00  4.179E+02 -2.730E+02
  4.088E+01  5.301E+00  2.930E+02  0.000E+00  4.179E+02 -2.730E+02
  4.098E+01  5.365E+00  2.930E+02  0.000E+00  4.179E+02 -2.730E+02
  4.108E+01  5.427E+00  2.930E+02  0.000E+00  4.179E+02 -2.730E+02
  4.118E+01  5.490E+00  2.930E+02  0.000E+00  4.179E+02 -2.730E+02
  4.128E+01  5.551E+00  2.930E+02  0.000E+00  4.179E+02 -2.730E+02
  4.138E+01  5.612E+00  2.930E+02  0.000E+00  4.179E+02 -2.730E+02
  4.148E+01  5.671E+00  2.930E+02  0.000E+00  4.179E+02 -2.730E+02
  4.158E+01  5.729E+00  2.930E+02  0.000E+00  4.179E+02 -2.730E+02
  4.168E+01  5.786E+00  2.930E+02  0.000E+00  4.179E+02 -2.730E+02
  4.178E+01  5.841E+00  2.930E+02  0.000E+00  4.179E+02 -2.730E+02
  4.188E+01  5.895E+00  2.930E+02  0.000E+00  4.179E+02 -2.730E+02
  4.198E+01  5.946E+00  2.930E+02  0.000E+00  4.179E+02 -2.730E+02
  4.208E+01  5.996E+00  2.930E+02  0.000E+00  4.179E+02 -2.730E+02
  4.218E+01  6.044E+00  2.930E+02  0.000E+00  4.179E+02 -2.730E+02
  4.228E+01  6.090E+00  2.930E+02  0.000E+00  4.179E+02 -2.730E+02
  4.238E+01  6.133E+00  2.930E+02  0.000E+00  4.179E+02 -2.730E+02
  4.248E+01  6.175E+00  2.930E+02  0.000E+00  4.179E+02 -2.730E+02
  4.258E+01  6.214E+00  2.930E+02  0.000E+00  4.179E+02 -2.730E+02
  4.268E+01  6.251E+00  2.930E+02  0.000E+00  4.179E+02 -2.730E+02
  4.278E+01  6.286E+00  2.930E+02  0.000E+00  4.179E+02 -2.730E+02
  4.288E+01  6.318E+00  2.930E+02  0.000E+00  4.179E+02 -2.730E+02
  4.298E+01  6.348E+00  2.930E+02  0.000E+00  4.179E+02 -2.730E+02
  4.308E+01  6.375E+00  2.930E+02  0.000E+00  4.179E+02 -2.730E+02
  4.318E+01  6.401E+00  2.930E+02  0.000E+00  4.179E+02 -2.730E+02
  4.328E+01  6.424E+00  2.930E+02  0.000E+00  4.179E+02 -2.730E+02
  4.338E+01  6.444E+00  2.930E+02  0.000E+00  4.179E+02 -2.730E+02
  4.348E+01  6.463E+00  2.930E+02  0.000E+00  4.179E+02 -2.730E+02
  4.358E+01  6.479E+00  2.930E+02  0.000E+00  4.179E+02 -2.730E+02
  4.368E+01  6.493E+00  2.930E+02  0.000E+00  4.179E+02 -2.730E+02
  4.378E+01  6.505E+00  2.930E+02  0.000E+00  4.179E+02 -2.730E+02
  4.388E+01  6.515E+00  2.930E+02  0.000E+00  4.179E+02 -2.730E+02
  4.398E+01  6.522E+00  2.930E+02  0.000E+00  4.179E+02 -2.730E+02
  4.408E+01  6.527E+00  2.930E+02  0.000E+00  4.179E+02 -2.730E+02
  4.418E+01  6.530E+00  2.930E+02  0.000E+00  4.179E+02 -2.730E+02
  4.428E+01  6.531E+00  2.930E+02  0.000E+00  4.179E+02 -2.730E+02
  4.438E+01  6.530E+00  2.930E+02  0.000E+00  4.179E+02 -2.730E+02
  4.448E+01  6.528E+00  2.930E+02  0.000E+00  4.179E+02 -2.730E+02
  4.458E+01  6.524E+00  2.930E+02  0.000E+00  4.179E+02 -2.730E+02
  4.468E+01  6.519E+00  2.930E+02  0.000E+00  4.179E+02 -2.730E+02
  4.478E+01  6.513E+00  2.930E+02  0.000E+00  4.179E+02 -2.730E+02
  4.488E+01  6.506E+00  2.930E+02  0.000E+00  4.179E+02 -2.730E+02
  4.498E+01  6.498E+00  2.930E+02  0.000E+00  4.179E+02 -2.730E+02
  4.508E+01  6.488E+00  2.930E+02  0.000E+00  4.179E+02 -2.730E+02
  4.518E+01  6.478E+00  2.930E+02  0.000E+00  4.179E+02 -2.730E+02
  4.528E+01  6.466E+00  2.930E+02  0.000E+00  4.179E+02 -2.730E+02
  4.538E+01  6.452E+00  2.930E+02  0.000E+00  4.179E+02 -2.730E+02
  4.548E+01  6.437E+00  2.930E+02  0.000E+00  4.179E+02 -2.730E+02
  4.558E+01  6.421E+00  2.930E+02  0.000E+00  4.179E+02 -2.730E+02
  4.568E+01  6.403E+00  2.930E+02  0.000E+00  4.179E+02 -2.730E+02
  4.578E+01  6.384E+00  2.930E+02  0.000E+00  4.179E+02 -2.730E+02
  4.588E+01  6.363E+00  2.930E+02  0.000E+00  4.179E+02 -2.730E+02
  4.598E+01  6.341E+00  2.930E+02  0.000E+00  4.179E+02 -2.730E+02
  4.608E+01  6.319E+00  2.930E+02  0.000E+00  4.179E+02 -2.730E+02
  4.618E+01  6.295E+00  2.930E+02  0.000E+00  4.179E+02 -2.730E+02
  4.628E+01  6.271E+00  2.930E+02  0.000E+00  4.179E+02 -2.730E+02
  4.638E+01  6.247E+00  2.930E+02  0.000E+00  4.179E+02 -2.730E+02
  4.648E+01  6.221E+00  2.930E+02  0.000E+00  4.179E+02 -2.730E+02
  4.658E+01  6.196E+00  2.930E+02  0.000E+00  4.179E+02 -2.730E+02
  4.668E+01  6.169E+00  2.930E+02  0.000E+00  4.179E+02 -2.730E+02
  4.678E+01  6.143E+00  2.930E+02  0.000E+00  4.179E+02 -2.730E+02
  4.688E+01  6.116E+00  2.930E+02  0.000E+00  4.179E+02 -2.730E+02
  4.698E+01  6.088E+00  2.930E+02  0.000E+00  4.179E+02 -2.730E+02
  4.708E+01  6.060E+00  2.930E+02  0.000E+00  4.179E+02 -2.730E+02
  4.718E+01  6.032E+00  2.930E+02  0.000E+00  4.179E+02 -2.730E+02
  4.728E+01  6.004E+00  2.930E+02  0.000E+00  4.179E+02 -2.730E+02
  4.738E+01  5.975E+00  2.930E+02  0.000E+00  4.179E+02 -2.730E+02
  4.748E+01  5.946E+00  2.930E+02  0.000E+00  4.179E+02 -2.730E+02
  4.758E+01  5.917E+00  2.930E+02  0.000E+00  4.179E+02 -2.730E+02
  4.768E+01  5.888E+00  2.930E+02  0.000E+00  4.179E+02 -2.730E+02
  4.778E+01  5.859E+00  2.930E+02  0.000E+00  4.179E+02 -2.730E+02
  4.788E+01  5.830E+00  2.930E+02  0.000E+00  4.179E+02 -2.730E+02
  4.798E+01  5.801E+00  2.930E+02  0.000E+00  4.179E+02 -2.730E+02
  4.808E+01  5.772E+00  2.930E+02  0.000E+00  4.179E+02 -2.730E+02
  4.818E+01  5.743E+00  2.930E+02  0.000E+00  4.179E+02 -2.730E+02
  4.828E+01  5.714E+00  2.930E+02  0.000E+00  4.179E+02 -2.730E+02
  4.838E+01  5.686E+00  2.930E+02  0.000E+00  4.179E+02 -2.730E+02
  4.848E+01  5.657E+00  2.930E+02  0.000E+00  4.179E+02 -2.730E+02
  4.858E+01  5.629E+00  2.930E+02  0.000E+00  4.179E+02 -2.730E+02
  4.868E+01  5.600E+00  2.930E+02  0.000E+00  4.179E+02 -2.730E+02
  4.878E+01  5.572E+00  2.930E+02  0.000E+00  4.179E+02 -2.730E+02
  4.888E+01  5.544E+00  2.930E+02  0.000E+00  4.179E+02 -2.730E+02
  4.898E+01  5.516E+00  2.930E+02  0.000E+00  4.179E+02 -2.730E+02
  4.908E+01  5.489E+00  2.930E+02  0.000E+00  4.179E+02 -2.730E+02
  4.918E+01  5.461E+00  2.930E+02  0.000E+00  4.179E+02 -2.730E+02
  4.928E+01  5.434E+00  2.930E+02  0.000E+00  4.179E+02 -2.730E+02
  4.938E+01  5.407E+00  2.930E+02  0.000E+00  4.179E+02 -2.730E+02
  4.948E+01  5.380E+00  2.930E+02  0.000E+00  4.179E+02 -2.730E+02
  4.958E+01  5.353E+00  2.930E+02  0.000E+00  4.179E+02 -2.730E+02
  4.968E+01  5.327E+00  2.930E+02  0.000E+00  4.179E+02 -2.730E+02
  4.978E+01  5.301E+00  2.930E+02  0.000E+00  4.179E+02 -2.730E+02
  4.988E+01  5.275E+00  2.930E+02  0.000E+00  4.179E+02 -2.730E+02
  4.998E+01  5.249E+00  2.930E+02  0.000E+00  4.179E+02 -2.730E+02
  5.008E+01  5.223E+00  2.930E+02  0.000E+00  4.179E+02 -2.730E+02
  5.018E+01  5.198E+00  2.930E+02  0.000E+00  4.179E+02 -2.730E+02
  5.028E+01  5.173E+00  2.930E+02  0.000E+00  4.179E+02 -2.730E+02
  5.038E+01  5.148E+00  2.930E+02  0.000E+00  4.179E+02 -2.730E+02
  5.048E+01  5.123E+00  2.930E+02  0.000E+00  4.179E+02 -2.730E+02
  5.058E+01  5.099E+00  2.930E+02  0.000E+00  4.179E+02 -2.730E+02
  5.068E+01  5.075E+00  2.930E+02  0.000E+00  4.179E+02 -2.730E+02
  5.078E+01  5.051E+00  2.930E+02  0.000E+00  4.179E+02 -2.730E+02
  5.088E+01  5.027E+00  2.930E+02  0.000E+00  4.179E+02 -2.730E+02
  5.098E+01  5.004E+00  2.930E+02  0.000E+00  4.179E+02 -2.730E+02
  5.108E+01  4.981E+00  2.930E+02  0.000E+00  4.179E+02 -2.730E+02
  5.118E+01  4.958E+00  2.930E+02  0.000E+00  4.179E+02 -2.730E+02
  5.128E+01  4.935E+00  2.930E+02  0.000E+00  4.179E+02 -2.730E+02
  5.138E+01  4.912E+00  2.930E+02  0.000E+00  4.179E+02 -2.730E+02
  5.148E+01  4.890E+00  2.930E+02  0.000E+00  4.179E+02 -2.730E+02
  5.158E+01  4.868E+00  2.930E+02  0.000E+00  4.179E+02 -2.730E+02
  5.168E+01  4.846E+00  2.930E+02  0.000E+00  4.179E+02 -2.730E+02
  5.178E+01  4.825E+00  2.930E+02  0.000E+00  4.179E+02 -2.730E+02
  5.188E+01  4.803E+00  2.930E+02  0.000E+00  4.179E+02 -2.730E+02
  5.198E+01  4.782E+00  2.930E+02  0.000E+00  4.179E+02 -2.730E+02
  5.208E+01  4.761E+00  2.930E+02  0.000E+00  4.179E+02 -2.730E+02
  5.218E+01  4.740E+00  2.930E+02  0.000E+00  4.179E+02 -2.730E+02
  5.228E+01  4.720E+00  2.930E+02  0.000E+00  4.179E+02 -2.730E+02
  5.238E+01  4.700E+00  2.930E+02  0.000E+00  4.179E+02 -2.730E+02
  5.248E+01  4.680E+00  2.930E+02  0.000E+00  4.179E+02 -2.730E+02
  5.258E+01  4.660E+00  2.930E+02  0.000E+00  4.179E+02 -2.730E+02
  5.268E+01  4.641E+00  2.930E+02  0.000E+00  4.179E+02 -2.730E+02
  5.278E+01  4.622E+00  2.930E+02  0.000E+00  4.179E+02 -2.730E+02
  5.288E+01  4.603E+00  2.930E+02  0.000E+00  4.179E+02 -2.730E+02
  5.298E+01  4.584E+00  2.930E+02  0.000E+00  4.179E+02 -2.730E+02
  5.308E+01  4.565E+00  2.930E+02  0.000E+00  4.179E+02 -2.730E+02
  5.318E+01  4.547E+00  2.930E+02  0.000E+00  4.179E+02 -2.730E+02
  5.328E+01  4.529E+00  2.930E+02  0.000E+00  4.179E+02 -2.730E+02
  5.338E+01  4.511E+00  2.930E+02  0.000E+00  4.179E+02 -2.730E+02
  5.348E+01  4.493E+00  2.930E+02  0.000E+00  4.179E+02 -2.730E+02
  5.358E+01  4.475E+00  2.930E+02  0.000E+00  4.179E+02 -2.730E+02
  5.368E+01  4.458E+00  2.930E+02  0.000E+00  4.179E+02 -2.730E+02
  5.378E+01  4.441E+00  2.930E+02  0.000E+00  4.179E+02 -2.730E+02
  5.388E+01  4.424E+00  2.930E+02  0.000E+00  4.179E+02 -2.730E+02
  5.398E+01  4.407E+00  2.930E+02  0.000E+00  4.179E+02 -2.730E+02
  5.408E+01  4.391E+00  2.930E+02  0.000E+00  4.179E+02 -2.730E+02
  5.418E+01  4.375E+00  2.930E+02  0.000E+00  4.179E+02 -2.730E+02
  5.428E+01  4.358E+00  2.930E+02  0.000E+00  4.179E+02 -2.730E+02
  5.438E+01  4.343E+00  2.930E+02  0.000E+00  4.179E+02 -2.730E+02
  5.448E+01  4.327E+00  2.930E+02  0.000E+00  4.179E+02 -2.730E+02
  5.458E+01  4.311E+00  2.930E+02  0.000E+00  4.179E+02 -2.730E+02
  5.468E+01  4.296E+00  2.930E+02  0.000E+00  4.179E+02 -2.730E+02
  5.478E+01  4.281E+00  2.930E+02  0.000E+00  4.179E+02 -2.730E+02
  5.488E+01  4.266E+00  2.930E+02  0.000E+00  4.179E+02 -2.730E+02
  5.498E+01  4.251E+00  2.930E+02  0.000E+00  4.179E+02 -2.730E+02
  5.508E+01  4.237E+00  2.930E+02  0.000E+00  4.179E+02 -2.730E+02
  5.518E+01  4.222E+00  2.930E+02  0.000E+00  4.179E+02 -2.730E+02
  5.528E+01  4.208E+00  2.930E+02  0.000E+00  4.179E+02 -2.730E+02
  5.538E+01  4.194E+00  2.930E+02  0.000E+00  4.179E+02 -2.730E+02
  5.548E+01  4.180E+00  2.930E+02  0.000E+00  4.179E+02 -2.730E+02
  5.558E+01  4.166E+00  2.930E+02  0.000E+00  4.179E+02 -2.730E+02
  5.568E+01  4.153E+00  2.930E+02  0.000E+00  4.179E+02 -2.730E+02
  5.578E+01  4.139E+00  2.930E+02  0.000E+00  4.179E+02 -2.730E+02
  5.588E+01  4.126E+00  2.930E+02  0.000E+00  4.179E+02 -2.730E+02
  5.598E+01  4.113E+00  2.930E+02  0.000E+00  4.179E+02 -2.730E+02
  5.608E+01  4.101E+00  2.930E+02  0.000E+00  4.179E+02 -2.730E+02
  5.618E+01  4.088E+00  2.930E+02  0.000E+00  4.179E+02 -2.730E+02
  5.628E+01  4.076E+00  2.930E+02  0.000E+00  4.179E+02 -2.730E+02
  5.638E+01  4.063E+00  2.930E+02  0.000E+00  4.179E+02 -2.730E+02
  5.648E+01  4.051E+00  2.930E+02  0.000E+00  4.179E+02 -2.730E+02
  5.658E+01  4.039E+00  2.930E+02  0.000E+00  4.179E+02 -2.730E+02
  5.668E+01  4.028E+00  2.930E+02  0.000E+00  4.179E+02 -2.730E+02
  5.678E+01  4.016E+00  2.930E+02  0.000E+00  4.179E+02 -2.730E+02
  5.688E+01  4.005E+00  2.930E+02  0.000E+00  4.179E+02 -2.730E+02
  5.698E+01  3.994E+00  2.930E+02  0.000E+00  4.179E+02 -2.730E+02
  5.708E+01  3.983E+00  2.930E+02  0.000E+00  4.179E+02 -2.730E+02
  5.718E+01  3.972E+00  2.930E+02  0.000E+00  4.179E+02 -2.730E+02
  5.728E+01  3.961E+00  2.930E+02  0.000E+00  4.179E+02 -2.730E+02
  5.738E+01  3.951E+00  2.930E+02  0.000E+00  4.179E+02 -2.730E+02
  5.748E+01  3.940E+00  2.930E+02  0.000E+00  4.179E+02 -2.730E+02
  5.758E+01  3.930E+00  2.930E+02  0.000E+00  4.179E+02 -2.730E+02
  5.768E+01  3.920E+00  2.930E+02  0.000E+00  4.179E+02 -2.730E+02
  5.778E+01  3.910E+00  2.930E+02  0.000E+00  4.179E+02 -2.730E+02
  5.788E+01  3.901E+00  2.930E+02  0.000E+00  4.179E+02 -2.730E+02
  5.798E+01  3.891E+00  2.930E+02  0.000E+00  4.179E+02 -2.730E+02
  5.808E+01  3.882E+00  2.930E+02  0.000E+00  4.179E+02 -2.730E+02
  5.818E+01  3.872E+00  2.930E+02  0.000E+00  4.179E+02 -2.730E+02
  5.828E+01  3.863E+00  2.930E+02  0.000E+00  4.179E+02 -2.730E+02
  5.838E+01  3.854E+00  2.930E+02  0.000E+00  4.179E+02 -2.730E+02
  5.848E+01  3.845E+00  2.930E+02  0.000E+00  4.179E+02 -2.730E+02
  5.858E+01  3.836E+00  2.930E+02  0.000E+00  4.179E+02 -2.730E+02
  5.868E+01  3.827E+00  2.930E+02  0.000E+00  4.179E+02 -2.730E+02
  5.878E+01  3.819E+00  2.930E+02  0.000E+00  4.179E+02 -2.730E+02
  5.888E+01  3.810E+00  2.930E+02  0.000E+00  4.179E+02 -2.730E+02
  5.898E+01  3.802E+00  2.930E+02  0.000E+00  4.179E+02 -2.730E+02
  5.908E+01  3.794E+00  2.930E+02  0.000E+00  4.179E+02 -2.730E+02
  5.918E+01  3.785E+00  2.930E+02  0.000E+00  4.179E+02 -2.730E+02
  5.928E+01  3.777E+00  2.930E+02  0.000E+00  4.179E+02 -2.730E+02
  5.938E+01  3.769E+00  2.930E+02  0.000E+00  4.179E+02 -2.730E+02
  5.948E+01  3.761E+00  2.930E+02  0.000E+00  4.179E+02 -2.730E+02
  5.958E+01  3.753E+00  2.930E+02  0.000E+00  4.179E+02 -2.730E+02
  5.968E+01  3.746E+00  2.930E+02  0.000E+00  4.179E+02 -2.730E+02
  5.978E+01  3.738E+00  2.930E+02  0.000E+00  4.179E+02 -2.730E+02
  5.988E+01  3.730E+00  2.930E+02  0.000E+00  4.179E+02 -2.730E+02
  5.998E+01  3.723E+00  2.930E+02  0.000E+00  4.179E+02 -2.730E+02
  6.008E+01  3.715E+00  2.930E+02  0.000E+00  4.179E+02 -2.730E+02
