 X( 21)=-4.6481E+01     Y( 25)=-2.7949E+01     Z( 14)= 4.8577E+01

       TIME  Velocity   Temperatur CH4        Max radiat Solid Temp
  1.000E-03  1.924E+01  2.930E+02  0.000E+00  4.179E+02 -2.730E+02
  2.100E-03  1.911E+01  2.930E+02  0.000E+00  4.179E+02 -2.730E+02
  3.129E-03  1.894E+01  2.930E+02  0.000E+00  4.179E+02 -2.730E+02
  4.189E-03  1.886E+01  2.930E+02  0.000E+00  4.179E+02 -2.730E+02
  5.321E-03  1.886E+01  2.930E+02  0.000E+00  4.179E+02 -2.730E+02
  6.567E-03  1.902E+01  2.930E+02  0.000E+00  4.179E+02 -2.730E+02
  7.919E-03  1.906E+01  2.930E+02  0.000E+00  4.179E+02 -2.730E+02
  9.406E-03  1.905E+01  2.930E+02  0.000E+00  4.179E+02 -2.730E+02
  1.104E-02  1.905E+01  2.930E+02  0.000E+00  4.179E+02 -2.730E+02
  1.284E-02  1.904E+01  2.930E+02  0.000E+00  4.179E+02 -2.730E+02
  1.482E-02  1.904E+01  2.930E+02  0.000E+00  4.179E+02 -2.730E+02
  1.700E-02  1.903E+01  2.930E+02  0.000E+00  4.179E+02 -2.730E+02
  1.939E-02  1.902E+01  2.930E+02  0.000E+00  4.179E+02 -2.730E+02
  2.202E-02  1.902E+01  2.930E+02  0.000E+00  4.179E+02 -2.730E+02
  2.492E-02  1.901E+01  2.930E+02  0.000E+00  4.179E+02 -2.730E+02
  2.811E-02  1.901E+01  2.930E+02  0.000E+00  4.179E+02 -2.730E+02
  3.161E-02  1.901E+01  2.930E+02  0.000E+00  4.179E+02 -2.730E+02
  3.547E-02  1.901E+01  2.930E+02  0.000E+00  4.179E+02 -2.730E+02
  3.971E-02  1.901E+01  2.930E+02  0.000E+00  4.179E+02 -2.730E+02
  4.438E-02  1.902E+01  2.930E+02  0.000E+00  4.179E+02 -2.730E+02
  4.951E-02  1.902E+01  2.930E+02  0.000E+00  4.179E+02 -2.730E+02
  5.516E-02  1.903E+01  2.930E+02  0.000E+00  4.179E+02 -2.730E+02
  6.137E-02  1.903E+01  2.930E+02  0.000E+00  4.179E+02 -2.730E+02
  6.820E-02  1.904E+01  2.930E+02  0.000E+00  4.179E+02 -2.730E+02
  7.572E-02  1.904E+01  2.930E+02  0.000E+00  4.179E+02 -2.730E+02
  8.398E-02  1.904E+01  2.930E+02  0.000E+00  4.179E+02 -2.730E+02
  9.308E-02  1.904E+01  2.930E+02  0.000E+00  4.179E+02 -2.730E+02
  1.031E-01  1.904E+01  2.930E+02  0.000E+00  4.179E+02 -2.730E+02
  1.141E-01  1.904E+01  2.930E+02  0.000E+00  4.179E+02 -2.730E+02
  1.262E-01  1.904E+01  2.930E+02  0.000E+00  4.179E+02 -2.730E+02
  1.395E-01  1.903E+01  2.930E+02  0.000E+00  4.179E+02 -2.730E+02
  1.541E-01  1.903E+01  2.930E+02  0.000E+00  4.179E+02 -2.730E+02
  1.703E-01  1.903E+01  2.930E+02  0.000E+00  4.179E+02 -2.730E+02
  1.880E-01  1.902E+01  2.930E+02  0.000E+00  4.179E+02 -2.730E+02
  2.075E-01  1.902E+01  2.930E+02  0.000E+00  4.179E+02 -2.730E+02
  2.289E-01  1.902E+01  2.930E+02  0.000E+00  4.179E+02 -2.730E+02
  2.525E-01  1.902E+01  2.930E+02  0.000E+00  4.179E+02 -2.730E+02
  2.784E-01  1.902E+01  2.930E+02  0.000E+00  4.179E+02 -2.730E+02
  3.070E-01  1.902E+01  2.930E+02  0.000E+00  4.179E+02 -2.730E+02
  3.384E-01  1.902E+01  2.930E+02  0.000E+00  4.179E+02 -2.730E+02
  3.729E-01  1.903E+01  2.930E+02  0.000E+00  4.179E+02 -2.730E+02
  4.109E-01  1.903E+01  2.930E+02  0.000E+00  4.179E+02 -2.730E+02
  4.527E-01  1.903E+01  2.930E+02  0.000E+00  4.179E+02 -2.730E+02
  4.986E-01  1.903E+01  2.930E+02  0.000E+00  4.179E+02 -2.730E+02
  5.492E-01  1.904E+01  2.930E+02  0.000E+00  4.179E+02 -2.730E+02
  6.048E-01  1.904E+01  2.930E+02  0.000E+00  4.179E+02 -2.730E+02
  6.660E-01  1.904E+01  2.930E+02  0.000E+00  4.179E+02 -2.730E+02
  7.333E-01  1.904E+01  2.930E+02  0.000E+00  4.179E+02 -2.730E+02
  8.073E-01  1.904E+01  2.930E+02  0.000E+00  4.179E+02 -2.730E+02
  8.887E-01  1.905E+01  2.930E+02  0.000E+00  4.179E+02 -2.730E+02
  9.783E-01  1.905E+01  2.930E+02  0.000E+00  4.179E+02 -2.730E+02
  1.077E+00  1.906E+01  2.930E+02  0.000E+00  4.179E+02 -2.730E+02
  1.177E+00  1.907E+01  2.930E+02  0.000E+00  4.179E+02 -2.730E+02
  1.277E+00  1.908E+01  2.930E+02  0.000E+00  4.179E+02 -2.730E+02
  1.377E+00  1.910E+01  2.930E+02  0.000E+00  4.179E+02 -2.730E+02
  1.477E+00  1.911E+01  2.930E+02  0.000E+00  4.179E+02 -2.730E+02
  1.577E+00  1.913E+01  2.930E+02  0.000E+00  4.179E+02 -2.730E+02
  1.677E+00  1.914E+01  2.930E+02  0.000E+00  4.179E+02 -2.730E+02
  1.777E+00  1.916E+01  2.930E+02  0.000E+00  4.179E+02 -2.730E+02
  1.877E+00  1.917E+01  2.930E+02  0.000E+00  4.179E+02 -2.730E+02
  1.977E+00  1.919E+01  2.930E+02  0.000E+00  4.179E+02 -2.730E+02
  2.077E+00  1.921E+01  2.930E+02  0.000E+00  4.179E+02 -2.730E+02
  2.177E+00  1.922E+01  2.930E+02  0.000E+00  4.179E+02 -2.730E+02
  2.277E+00  1.924E+01  2.930E+02  0.000E+00  4.179E+02 -2.730E+02
  2.377E+00  1.926E+01  2.930E+02  0.000E+00  4.179E+02 -2.730E+02
  2.477E+00  1.927E+01  2.930E+02  0.000E+00  4.179E+02 -2.730E+02
  2.577E+00  1.929E+01  2.930E+02  0.000E+00  4.179E+02 -2.730E+02
  2.677E+00  1.931E+01  2.930E+02  0.000E+00  4.179E+02 -2.730E+02
  2.777E+00  1.933E+01  2.930E+02  0.000E+00  4.179E+02 -2.730E+02
  2.877E+00  1.934E+01  2.930E+02  0.000E+00  4.179E+02 -2.730E+02
  2.977E+00  1.936E+01  2.930E+02  0.000E+00  4.179E+02 -2.730E+02
  3.077E+00  1.938E+01  2.930E+02  0.000E+00  4.179E+02 -2.730E+02
  3.177E+00  1.940E+01  2.930E+02  0.000E+00  4.179E+02 -2.730E+02
  3.277E+00  1.942E+01  2.930E+02  0.000E+00  4.179E+02 -2.730E+02
  3.377E+00  1.944E+01  2.930E+02  0.000E+00  4.179E+02 -2.730E+02
  3.477E+00  1.946E+01  2.930E+02  0.000E+00  4.179E+02 -2.730E+02
  3.577E+00  1.948E+01  2.930E+02  0.000E+00  4.179E+02 -2.730E+02
  3.677E+00  1.951E+01  2.930E+02  0.000E+00  4.179E+02 -2.730E+02
  3.777E+00  1.953E+01  2.930E+02  0.000E+00  4.179E+02 -2.730E+02
  3.877E+00  1.955E+01  2.930E+02  0.000E+00  4.179E+02 -2.730E+02
  3.977E+00  1.957E+01  2.930E+02  0.000E+00  4.179E+02 -2.730E+02
  4.077E+00  1.959E+01  2.930E+02  0.000E+00  4.179E+02 -2.730E+02
  4.177E+00  1.961E+01  2.930E+02  0.000E+00  4.179E+02 -2.730E+02
  4.277E+00  1.964E+01  2.930E+02  0.000E+00  4.179E+02 -2.730E+02
  4.377E+00  1.966E+01  2.930E+02  0.000E+00  4.179E+02 -2.730E+02
  4.477E+00  1.968E+01  2.930E+02  0.000E+00  4.179E+02 -2.730E+02
  4.577E+00  1.970E+01  2.930E+02  0.000E+00  4.179E+02 -2.730E+02
  4.677E+00  1.971E+01  2.930E+02  0.000E+00  4.179E+02 -2.730E+02
  4.777E+00  1.973E+01  2.930E+02  0.000E+00  4.179E+02 -2.730E+02
  4.877E+00  1.975E+01  2.930E+02  0.000E+00  4.179E+02 -2.730E+02
  4.977E+00  1.977E+01  2.930E+02  0.000E+00  4.179E+02 -2.730E+02
  5.077E+00  1.978E+01  2.930E+02  0.000E+00  4.179E+02 -2.730E+02
  5.177E+00  1.980E+01  2.930E+02  0.000E+00  4.179E+02 -2.730E+02
  5.277E+00  1.982E+01  2.930E+02  0.000E+00  4.179E+02 -2.730E+02
  5.377E+00  1.983E+01  2.930E+02  0.000E+00  4.179E+02 -2.730E+02
  5.477E+00  1.985E+01  2.930E+02  0.000E+00  4.179E+02 -2.730E+02
  5.577E+00  1.986E+01  2.930E+02  0.000E+00  4.179E+02 -2.730E+02
  5.677E+00  1.988E+01  2.930E+02  0.000E+00  4.179E+02 -2.730E+02
  5.777E+00  1.989E+01  2.930E+02  0.000E+00  4.179E+02 -2.730E+02
  5.877E+00  1.991E+01  2.930E+02  0.000E+00  4.179E+02 -2.730E+02
  5.977E+00  1.992E+01  2.930E+02  0.000E+00  4.179E+02 -2.730E+02
  6.077E+00  1.994E+01  2.930E+02  0.000E+00  4.179E+02 -2.730E+02
  6.177E+00  1.995E+01  2.930E+02  0.000E+00  4.179E+02 -2.730E+02
  6.277E+00  1.997E+01  2.930E+02  0.000E+00  4.179E+02 -2.730E+02
  6.377E+00  1.999E+01  2.930E+02  0.000E+00  4.179E+02 -2.730E+02
  6.477E+00  2.000E+01  2.930E+02  0.000E+00  4.179E+02 -2.730E+02
  6.577E+00  2.002E+01  2.930E+02  0.000E+00  4.179E+02 -2.730E+02
  6.677E+00  2.004E+01  2.930E+02  0.000E+00  4.179E+02 -2.730E+02
  6.777E+00  2.006E+01  2.930E+02  0.000E+00  4.179E+02 -2.730E+02
  6.877E+00  2.008E+01  2.930E+02  0.000E+00  4.179E+02 -2.730E+02
  6.977E+00  2.010E+01  2.930E+02  0.000E+00  4.179E+02 -2.730E+02
  7.077E+00  2.012E+01  2.930E+02  0.000E+00  4.179E+02 -2.730E+02
  7.177E+00  2.014E+01  2.930E+02  0.000E+00  4.179E+02 -2.730E+02
  7.277E+00  2.016E+01  2.930E+02  0.000E+00  4.179E+02 -2.730E+02
  7.377E+00  2.018E+01  2.930E+02  0.000E+00  4.179E+02 -2.730E+02
  7.477E+00  2.021E+01  2.930E+02  0.000E+00  4.179E+02 -2.730E+02
  7.577E+00  2.023E+01  2.930E+02  0.000E+00  4.179E+02 -2.730E+02
  7.677E+00  2.026E+01  2.930E+02  0.000E+00  4.179E+02 -2.730E+02
  7.777E+00  2.028E+01  2.930E+02  0.000E+00  4.179E+02 -2.730E+02
  7.877E+00  2.031E+01  2.930E+02  0.000E+00  4.179E+02 -2.730E+02
  7.977E+00  2.033E+01  2.930E+02  0.000E+00  4.179E+02 -2.730E+02
  8.077E+00  2.036E+01  2.930E+02  0.000E+00  4.179E+02 -2.730E+02
  8.177E+00  2.039E+01  2.930E+02  0.000E+00  4.179E+02 -2.730E+02
  8.277E+00  2.042E+01  2.930E+02  0.000E+00  4.179E+02 -2.730E+02
  8.377E+00  2.045E+01  2.930E+02  0.000E+00  4.179E+02 -2.730E+02
  8.477E+00  2.047E+01  2.930E+02  0.000E+00  4.179E+02 -2.730E+02
  8.577E+00  2.050E+01  2.930E+02  0.000E+00  4.179E+02 -2.730E+02
  8.677E+00  2.053E+01  2.930E+02  0.000E+00  4.179E+02 -2.730E+02
  8.777E+00  2.057E+01  2.930E+02  0.000E+00  4.179E+02 -2.730E+02
  8.877E+00  2.060E+01  2.930E+02  0.000E+00  4.179E+02 -2.730E+02
  8.977E+00  2.063E+01  2.930E+02  0.000E+00  4.179E+02 -2.730E+02
  9.077E+00  2.066E+01  2.930E+02  0.000E+00  4.179E+02 -2.730E+02
  9.177E+00  2.069E+01  2.930E+02  0.000E+00  4.179E+02 -2.730E+02
  9.277E+00  2.072E+01  2.930E+02  0.000E+00  4.179E+02 -2.730E+02
  9.377E+00  2.076E+01  2.930E+02  0.000E+00  4.179E+02 -2.730E+02
  9.477E+00  2.079E+01  2.930E+02  0.000E+00  4.179E+02 -2.730E+02
  9.577E+00  2.082E+01  2.930E+02  0.000E+00  4.179E+02 -2.730E+02
  9.677E+00  2.086E+01  2.930E+02  0.000E+00  4.179E+02 -2.730E+02
  9.777E+00  2.089E+01  2.930E+02  0.000E+00  4.179E+02 -2.730E+02
  9.877E+00  2.092E+01  2.930E+02  0.000E+00  4.179E+02 -2.730E+02
  9.977E+00  2.096E+01  2.930E+02  0.000E+00  4.179E+02 -2.730E+02
  1.008E+01  2.099E+01  2.930E+02  0.000E+00  4.179E+02 -2.730E+02
  1.018E+01  2.102E+01  2.930E+02  0.000E+00  4.179E+02 -2.730E+02
  1.028E+01  2.105E+01  2.930E+02  0.000E+00  4.179E+02 -2.730E+02
  1.038E+01  2.109E+01  2.930E+02  0.000E+00  4.179E+02 -2.730E+02
  1.048E+01  2.112E+01  2.930E+02  0.000E+00  4.179E+02 -2.730E+02
  1.058E+01  2.115E+01  2.930E+02  0.000E+00  4.179E+02 -2.730E+02
  1.068E+01  2.118E+01  2.930E+02  0.000E+00  4.179E+02 -2.730E+02
  1.078E+01  2.121E+01  2.930E+02  0.000E+00  4.179E+02 -2.730E+02
  1.088E+01  2.125E+01  2.930E+02  0.000E+00  4.179E+02 -2.730E+02
  1.098E+01  2.128E+01  2.930E+02  0.000E+00  4.179E+02 -2.730E+02
  1.108E+01  2.131E+01  2.930E+02  0.000E+00  4.179E+02 -2.730E+02
  1.118E+01  2.134E+01  2.930E+02  0.000E+00  4.179E+02 -2.730E+02
  1.128E+01  2.137E+01  2.930E+02  0.000E+00  4.179E+02 -2.730E+02
  1.138E+01  2.139E+01  2.930E+02  0.000E+00  4.179E+02 -2.730E+02
  1.148E+01  2.142E+01  2.930E+02  0.000E+00  4.179E+02 -2.730E+02
  1.158E+01  2.145E+01  2.930E+02  0.000E+00  4.179E+02 -2.730E+02
  1.168E+01  2.148E+01  2.930E+02  0.000E+00  4.179E+02 -2.730E+02
  1.178E+01  2.150E+01  2.930E+02  0.000E+00  4.179E+02 -2.730E+02
  1.188E+01  2.153E+01  2.930E+02  0.000E+00  4.179E+02 -2.730E+02
  1.198E+01  2.155E+01  2.930E+02  0.000E+00  4.179E+02 -2.730E+02
  1.208E+01  2.157E+01  2.930E+02  0.000E+00  4.179E+02 -2.730E+02
  1.218E+01  2.160E+01  2.930E+02  0.000E+00  4.179E+02 -2.730E+02
  1.228E+01  2.162E+01  2.930E+02  0.000E+00  4.179E+02 -2.730E+02
  1.238E+01  2.164E+01  2.930E+02  0.000E+00  4.179E+02 -2.730E+02
  1.248E+01  2.166E+01  2.930E+02  0.000E+00  4.179E+02 -2.730E+02
  1.258E+01  2.168E+01  2.930E+02  0.000E+00  4.179E+02 -2.730E+02
  1.268E+01  2.170E+01  2.930E+02  0.000E+00  4.179E+02 -2.730E+02
  1.278E+01  2.172E+01  2.930E+02  0.000E+00  4.179E+02 -2.730E+02
  1.288E+01  2.174E+01  2.930E+02  0.000E+00  4.179E+02 -2.730E+02
  1.298E+01  2.176E+01  2.930E+02  0.000E+00  4.179E+02 -2.730E+02
  1.308E+01  2.177E+01  2.930E+02  0.000E+00  4.179E+02 -2.730E+02
  1.318E+01  2.179E+01  2.930E+02  0.000E+00  4.179E+02 -2.730E+02
  1.328E+01  2.180E+01  2.930E+02  0.000E+00  4.179E+02 -2.730E+02
  1.338E+01  2.181E+01  2.930E+02  0.000E+00  4.179E+02 -2.730E+02
  1.348E+01  2.182E+01  2.930E+02  0.000E+00  4.179E+02 -2.730E+02
  1.358E+01  2.183E+01  2.930E+02  0.000E+00  4.179E+02 -2.730E+02
  1.368E+01  2.184E+01  2.930E+02  0.000E+00  4.179E+02 -2.730E+02
  1.378E+01  2.184E+01  2.930E+02  0.000E+00  4.179E+02 -2.730E+02
  1.388E+01  2.185E+01  2.930E+02  0.000E+00  4.179E+02 -2.730E+02
  1.398E+01  2.185E+01  2.930E+02  0.000E+00  4.179E+02 -2.730E+02
  1.408E+01  2.186E+01  2.930E+02  0.000E+00  4.179E+02 -2.730E+02
  1.418E+01  2.186E+01  2.930E+02  0.000E+00  4.179E+02 -2.730E+02
  1.428E+01  2.186E+01  2.930E+02  0.000E+00  4.179E+02 -2.730E+02
  1.438E+01  2.186E+01  2.930E+02  0.000E+00  4.179E+02 -2.730E+02
  1.448E+01  2.185E+01  2.930E+02  0.000E+00  4.179E+02 -2.730E+02
  1.458E+01  2.185E+01  2.930E+02  0.000E+00  4.179E+02 -2.730E+02
  1.468E+01  2.184E+01  2.930E+02  0.000E+00  4.179E+02 -2.730E+02
  1.478E+01  2.183E+01  2.930E+02  0.000E+00  4.179E+02 -2.730E+02
  1.488E+01  2.182E+01  2.930E+02  0.000E+00  4.179E+02 -2.730E+02
  1.498E+01  2.181E+01  2.930E+02  0.000E+00  4.179E+02 -2.730E+02
  1.508E+01  2.179E+01  2.930E+02  0.000E+00  4.179E+02 -2.730E+02
  1.518E+01  2.178E+01  2.930E+02  0.000E+00  4.179E+02 -2.730E+02
  1.528E+01  2.177E+01  2.930E+02  0.000E+00  4.179E+02 -2.730E+02
  1.538E+01  2.175E+01  2.930E+02  0.000E+00  4.179E+02 -2.730E+02
  1.548E+01  2.174E+01  2.930E+02  0.000E+00  4.179E+02 -2.730E+02
  1.558E+01  2.172E+01  2.930E+02  0.000E+00  4.179E+02 -2.730E+02
  1.568E+01  2.170E+01  2.930E+02  0.000E+00  4.179E+02 -2.730E+02
  1.578E+01  2.168E+01  2.930E+02  0.000E+00  4.179E+02 -2.730E+02
  1.588E+01  2.166E+01  2.930E+02  0.000E+00  4.179E+02 -2.730E+02
  1.598E+01  2.164E+01  2.930E+02  0.000E+00  4.179E+02 -2.730E+02
  1.608E+01  2.161E+01  2.930E+02  0.000E+00  4.179E+02 -2.730E+02
  1.618E+01  2.159E+01  2.930E+02  0.000E+00  4.179E+02 -2.730E+02
  1.628E+01  2.157E+01  2.930E+02  0.000E+00  4.179E+02 -2.730E+02
  1.638E+01  2.154E+01  2.930E+02  0.000E+00  4.179E+02 -2.730E+02
  1.648E+01  2.151E+01  2.930E+02  0.000E+00  4.179E+02 -2.730E+02
  1.658E+01  2.149E+01  2.930E+02  0.000E+00  4.179E+02 -2.730E+02
  1.668E+01  2.146E+01  2.930E+02  0.000E+00  4.179E+02 -2.730E+02
  1.678E+01  2.143E+01  2.930E+02  0.000E+00  4.179E+02 -2.730E+02
  1.688E+01  2.140E+01  2.930E+02  0.000E+00  4.179E+02 -2.730E+02
  1.698E+01  2.137E+01  2.930E+02  0.000E+00  4.179E+02 -2.730E+02
  1.708E+01  2.134E+01  2.930E+02  0.000E+00  4.179E+02 -2.730E+02
  1.718E+01  2.131E+01  2.930E+02  0.000E+00  4.179E+02 -2.730E+02
  1.728E+01  2.127E+01  2.930E+02  0.000E+00  4.179E+02 -2.730E+02
  1.738E+01  2.124E+01  2.930E+02  0.000E+00  4.179E+02 -2.730E+02
  1.748E+01  2.120E+01  2.930E+02  0.000E+00  4.179E+02 -2.730E+02
  1.758E+01  2.117E+01  2.930E+02  0.000E+00  4.179E+02 -2.730E+02
  1.768E+01  2.113E+01  2.930E+02  0.000E+00  4.179E+02 -2.730E+02
  1.778E+01  2.109E+01  2.930E+02  0.000E+00  4.179E+02 -2.730E+02
  1.788E+01  2.105E+01  2.930E+02  0.000E+00  4.179E+02 -2.730E+02
  1.798E+01  2.101E+01  2.930E+02  0.000E+00  4.179E+02 -2.730E+02
  1.808E+01  2.097E+01  2.930E+02  0.000E+00  4.179E+02 -2.730E+02
  1.818E+01  2.093E+01  2.930E+02  0.000E+00  4.179E+02 -2.730E+02
  1.828E+01  2.089E+01  2.930E+02  0.000E+00  4.179E+02 -2.730E+02
  1.838E+01  2.084E+01  2.930E+02  0.000E+00  4.179E+02 -2.730E+02
  1.848E+01  2.079E+01  2.930E+02  0.000E+00  4.179E+02 -2.730E+02
  1.858E+01  2.074E+01  2.930E+02  0.000E+00  4.179E+02 -2.730E+02
  1.868E+01  2.069E+01  2.930E+02  0.000E+00  4.179E+02 -2.730E+02
  1.878E+01  2.064E+01  2.930E+02  0.000E+00  4.179E+02 -2.730E+02
  1.888E+01  2.059E+01  2.930E+02  0.000E+00  4.179E+02 -2.730E+02
  1.898E+01  2.053E+01  2.930E+02  0.000E+00  4.179E+02 -2.730E+02
  1.908E+01  2.047E+01  2.930E+02  0.000E+00  4.179E+02 -2.730E+02
  1.918E+01  2.041E+01  2.930E+02  0.000E+00  4.179E+02 -2.730E+02
  1.928E+01  2.035E+01  2.930E+02  0.000E+00  4.179E+02 -2.730E+02
  1.938E+01  2.029E+01  2.930E+02  0.000E+00  4.179E+02 -2.730E+02
  1.948E+01  2.022E+01  2.930E+02  0.000E+00  4.179E+02 -2.730E+02
  1.958E+01  2.015E+01  2.930E+02  0.000E+00  4.179E+02 -2.730E+02
  1.968E+01  2.008E+01  2.930E+02  0.000E+00  4.179E+02 -2.730E+02
  1.978E+01  2.001E+01  2.930E+02  0.000E+00  4.179E+02 -2.730E+02
  1.988E+01  1.994E+01  2.930E+02  0.000E+00  4.179E+02 -2.730E+02
  1.998E+01  1.986E+01  2.930E+02  0.000E+00  4.179E+02 -2.730E+02
  2.008E+01  1.979E+01  2.930E+02  0.000E+00  4.179E+02 -2.730E+02
  2.018E+01  1.971E+01  2.930E+02  0.000E+00  4.179E+02 -2.730E+02
  2.028E+01  1.963E+01  2.930E+02  0.000E+00  4.179E+02 -2.730E+02
  2.038E+01  1.955E+01  2.930E+02  0.000E+00  4.179E+02 -2.730E+02
  2.048E+01  1.947E+01  2.930E+02  0.000E+00  4.179E+02 -2.730E+02
  2.058E+01  1.939E+01  2.930E+02  0.000E+00  4.179E+02 -2.730E+02
  2.068E+01  1.930E+01  2.930E+02  0.000E+00  4.179E+02 -2.730E+02
  2.078E+01  1.922E+01  2.930E+02  0.000E+00  4.179E+02 -2.730E+02
  2.088E+01  1.913E+01  2.930E+02  0.000E+00  4.179E+02 -2.730E+02
  2.098E+01  1.905E+01  2.930E+02  0.000E+00  4.179E+02 -2.730E+02
  2.108E+01  1.896E+01  2.930E+02  0.000E+00  4.179E+02 -2.730E+02
  2.118E+01  1.887E+01  2.930E+02  0.000E+00  4.179E+02 -2.730E+02
  2.128E+01  1.878E+01  2.930E+02  0.000E+00  4.179E+02 -2.730E+02
  2.138E+01  1.870E+01  2.930E+02  0.000E+00  4.179E+02 -2.730E+02
  2.148E+01  1.861E+01  2.930E+02  0.000E+00  4.179E+02 -2.730E+02
  2.158E+01  1.852E+01  2.930E+02  0.000E+00  4.179E+02 -2.730E+02
  2.168E+01  1.844E+01  2.930E+02  0.000E+00  4.179E+02 -2.730E+02
  2.178E+01  1.835E+01  2.930E+02  0.000E+00  4.179E+02 -2.730E+02
  2.188E+01  1.827E+01  2.930E+02  0.000E+00  4.179E+02 -2.730E+02
  2.198E+01  1.819E+01  2.930E+02  0.000E+00  4.179E+02 -2.730E+02
  2.208E+01  1.810E+01  2.930E+02  0.000E+00  4.179E+02 -2.730E+02
  2.218E+01  1.802E+01  2.930E+02  0.000E+00  4.179E+02 -2.730E+02
  2.228E+01  1.795E+01  2.930E+02  0.000E+00  4.179E+02 -2.730E+02
  2.238E+01  1.787E+01  2.930E+02  0.000E+00  4.179E+02 -2.730E+02
  2.248E+01  1.779E+01  2.930E+02  0.000E+00  4.179E+02 -2.730E+02
  2.258E+01  1.772E+01  2.930E+02  0.000E+00  4.179E+02 -2.730E+02
  2.268E+01  1.765E+01  2.930E+02  0.000E+00  4.179E+02 -2.730E+02
  2.278E+01  1.758E+01  2.930E+02  0.000E+00  4.179E+02 -2.730E+02
  2.288E+01  1.751E+01  2.930E+02  0.000E+00  4.179E+02 -2.730E+02
  2.298E+01  1.744E+01  2.930E+02  0.000E+00  4.179E+02 -2.730E+02
  2.308E+01  1.738E+01  2.930E+02  0.000E+00  4.179E+02 -2.730E+02
  2.318E+01  1.732E+01  2.930E+02  0.000E+00  4.179E+02 -2.730E+02
  2.328E+01  1.726E+01  2.930E+02  0.000E+00  4.179E+02 -2.730E+02
  2.338E+01  1.720E+01  2.930E+02  0.000E+00  4.179E+02 -2.730E+02
  2.348E+01  1.715E+01  2.930E+02  0.000E+00  4.179E+02 -2.730E+02
  2.358E+01  1.709E+01  2.930E+02  0.000E+00  4.179E+02 -2.730E+02
  2.368E+01  1.704E+01  2.930E+02  0.000E+00  4.179E+02 -2.730E+02
  2.378E+01  1.699E+01  2.930E+02  0.000E+00  4.179E+02 -2.730E+02
  2.388E+01  1.695E+01  2.930E+02  0.000E+00  4.179E+02 -2.730E+02
  2.398E+01  1.690E+01  2.930E+02  0.000E+00  4.179E+02 -2.730E+02
  2.408E+01  1.686E+01  2.930E+02  0.000E+00  4.179E+02 -2.730E+02
  2.418E+01  1.682E+01  2.930E+02  0.000E+00  4.179E+02 -2.730E+02
  2.428E+01  1.678E+01  2.930E+02  0.000E+00  4.179E+02 -2.730E+02
  2.438E+01  1.674E+01  2.930E+02  0.000E+00  4.179E+02 -2.730E+02
  2.448E+01  1.671E+01  2.930E+02  0.000E+00  4.179E+02 -2.730E+02
  2.458E+01  1.668E+01  2.930E+02  0.000E+00  4.179E+02 -2.730E+02
  2.468E+01  1.665E+01  2.930E+02  0.000E+00  4.179E+02 -2.730E+02
  2.478E+01  1.662E+01  2.930E+02  0.000E+00  4.179E+02 -2.730E+02
  2.488E+01  1.659E+01  2.930E+02  0.000E+00  4.179E+02 -2.730E+02
  2.498E+01  1.657E+01  2.930E+02  0.000E+00  4.179E+02 -2.730E+02
  2.508E+01  1.654E+01  2.930E+02  0.000E+00  4.179E+02 -2.730E+02
  2.518E+01  1.652E+01  2.930E+02  0.000E+00  4.179E+02 -2.730E+02
  2.528E+01  1.650E+01  2.930E+02  0.000E+00  4.179E+02 -2.730E+02
  2.538E+01  1.648E+01  2.930E+02  0.000E+00  4.179E+02 -2.730E+02
  2.548E+01  1.647E+01  2.930E+02  0.000E+00  4.179E+02 -2.730E+02
  2.558E+01  1.645E+01  2.930E+02  0.000E+00  4.179E+02 -2.730E+02
  2.568E+01  1.644E+01  2.930E+02  0.000E+00  4.179E+02 -2.730E+02
  2.578E+01  1.642E+01  2.930E+02  0.000E+00  4.179E+02 -2.730E+02
  2.588E+01  1.641E+01  2.930E+02  0.000E+00  4.179E+02 -2.730E+02
  2.598E+01  1.640E+01  2.930E+02  0.000E+00  4.179E+02 -2.730E+02
  2.608E+01  1.639E+01  2.930E+02  0.000E+00  4.179E+02 -2.730E+02
  2.618E+01  1.638E+01  2.930E+02  0.000E+00  4.179E+02 -2.730E+02
  2.628E+01  1.637E+01  2.930E+02  0.000E+00  4.179E+02 -2.730E+02
  2.638E+01  1.637E+01  2.930E+02  0.000E+00  4.179E+02 -2.730E+02
  2.648E+01  1.636E+01  2.930E+02  0.000E+00  4.179E+02 -2.730E+02
  2.658E+01  1.635E+01  2.930E+02  0.000E+00  4.179E+02 -2.730E+02
  2.668E+01  1.635E+01  2.930E+02  0.000E+00  4.179E+02 -2.730E+02
  2.678E+01  1.634E+01  2.930E+02  0.000E+00  4.179E+02 -2.730E+02
  2.688E+01  1.634E+01  2.930E+02  0.000E+00  4.179E+02 -2.730E+02
  2.698E+01  1.634E+01  2.930E+02  0.000E+00  4.179E+02 -2.730E+02
  2.708E+01  1.633E+01  2.930E+02  0.000E+00  4.179E+02 -2.730E+02
  2.718E+01  1.633E+01  2.930E+02  0.000E+00  4.179E+02 -2.730E+02
  2.728E+01  1.633E+01  2.930E+02  0.000E+00  4.179E+02 -2.730E+02
  2.738E+01  1.633E+01  2.930E+02  0.000E+00  4.179E+02 -2.730E+02
  2.748E+01  1.632E+01  2.930E+02  0.000E+00  4.179E+02 -2.730E+02
  2.758E+01  1.632E+01  2.930E+02  0.000E+00  4.179E+02 -2.730E+02
  2.768E+01  1.632E+01  2.930E+02  0.000E+00  4.179E+02 -2.730E+02
  2.778E+01  1.632E+01  2.930E+02  0.000E+00  4.179E+02 -2.730E+02
  2.788E+01  1.632E+01  2.930E+02  0.000E+00  4.179E+02 -2.730E+02
  2.798E+01  1.631E+01  2.930E+02  0.000E+00  4.179E+02 -2.730E+02
  2.808E+01  1.631E+01  2.930E+02  0.000E+00  4.179E+02 -2.730E+02
  2.818E+01  1.631E+01  2.930E+02  0.000E+00  4.179E+02 -2.730E+02
  2.828E+01  1.631E+01  2.930E+02  0.000E+00  4.179E+02 -2.730E+02
  2.838E+01  1.631E+01  2.930E+02  0.000E+00  4.179E+02 -2.730E+02
  2.848E+01  1.630E+01  2.930E+02  0.000E+00  4.179E+02 -2.730E+02
  2.858E+01  1.630E+01  2.930E+02  0.000E+00  4.179E+02 -2.730E+02
  2.868E+01  1.630E+01  2.930E+02  0.000E+00  4.179E+02 -2.730E+02
  2.878E+01  1.629E+01  2.930E+02  0.000E+00  4.179E+02 -2.730E+02
  2.888E+01  1.629E+01  2.930E+02  0.000E+00  4.179E+02 -2.730E+02
  2.898E+01  1.629E+01  2.930E+02  0.000E+00  4.179E+02 -2.730E+02
  2.908E+01  1.628E+01  2.930E+02  0.000E+00  4.179E+02 -2.730E+02
  2.918E+01  1.628E+01  2.930E+02  0.000E+00  4.179E+02 -2.730E+02
  2.928E+01  1.627E+01  2.930E+02  0.000E+00  4.179E+02 -2.730E+02
  2.938E+01  1.627E+01  2.930E+02  0.000E+00  4.179E+02 -2.730E+02
  2.948E+01  1.626E+01  2.930E+02  0.000E+00  4.179E+02 -2.730E+02
  2.958E+01  1.625E+01  2.930E+02  0.000E+00  4.179E+02 -2.730E+02
  2.968E+01  1.625E+01  2.930E+02  0.000E+00  4.179E+02 -2.730E+02
  2.978E+01  1.624E+01  2.930E+02  0.000E+00  4.179E+02 -2.730E+02
  2.988E+01  1.623E+01  2.930E+02  0.000E+00  4.179E+02 -2.730E+02
  2.998E+01  1.623E+01  2.930E+02  0.000E+00  4.179E+02 -2.730E+02
  3.008E+01  1.622E+01  2.930E+02  0.000E+00  4.179E+02 -2.730E+02
  3.018E+01  1.621E+01  2.930E+02  0.000E+00  4.179E+02 -2.730E+02
  3.028E+01  1.620E+01  2.930E+02  0.000E+00  4.179E+02 -2.730E+02
  3.038E+01  1.620E+01  2.930E+02  0.000E+00  4.179E+02 -2.730E+02
  3.048E+01  1.619E+01  2.930E+02  0.000E+00  4.179E+02 -2.730E+02
  3.058E+01  1.618E+01  2.930E+02  0.000E+00  4.179E+02 -2.730E+02
  3.068E+01  1.617E+01  2.930E+02  0.000E+00  4.179E+02 -2.730E+02
  3.078E+01  1.616E+01  2.930E+02  0.000E+00  4.179E+02 -2.730E+02
  3.088E+01  1.615E+01  2.930E+02  0.000E+00  4.179E+02 -2.730E+02
  3.098E+01  1.614E+01  2.930E+02  0.000E+00  4.179E+02 -2.730E+02
  3.108E+01  1.613E+01  2.930E+02  0.000E+00  4.179E+02 -2.730E+02
  3.118E+01  1.613E+01  2.930E+02  0.000E+00  4.179E+02 -2.730E+02
  3.128E+01  1.612E+01  2.930E+02  0.000E+00  4.179E+02 -2.730E+02
  3.138E+01  1.611E+01  2.930E+02  0.000E+00  4.179E+02 -2.730E+02
  3.148E+01  1.610E+01  2.930E+02  0.000E+00  4.179E+02 -2.730E+02
  3.158E+01  1.609E+01  2.930E+02  0.000E+00  4.179E+02 -2.730E+02
  3.168E+01  1.608E+01  2.930E+02  0.000E+00  4.179E+02 -2.730E+02
  3.178E+01  1.607E+01  2.930E+02  0.000E+00  4.179E+02 -2.730E+02
  3.188E+01  1.606E+01  2.930E+02  0.000E+00  4.179E+02 -2.730E+02
  3.198E+01  1.605E+01  2.930E+02  0.000E+00  4.179E+02 -2.730E+02
  3.208E+01  1.604E+01  2.930E+02  0.000E+00  4.179E+02 -2.730E+02
  3.218E+01  1.603E+01  2.930E+02  0.000E+00  4.179E+02 -2.730E+02
  3.228E+01  1.602E+01  2.930E+02  0.000E+00  4.179E+02 -2.730E+02
  3.238E+01  1.601E+01  2.930E+02  0.000E+00  4.179E+02 -2.730E+02
  3.248E+01  1.600E+01  2.930E+02  0.000E+00  4.179E+02 -2.730E+02
  3.258E+01  1.599E+01  2.930E+02  0.000E+00  4.179E+02 -2.730E+02
  3.268E+01  1.598E+01  2.930E+02  0.000E+00  4.179E+02 -2.730E+02
  3.278E+01  1.597E+01  2.930E+02  0.000E+00  4.179E+02 -2.730E+02
  3.288E+01  1.596E+01  2.930E+02  0.000E+00  4.179E+02 -2.730E+02
  3.298E+01  1.595E+01  2.930E+02  0.000E+00  4.179E+02 -2.730E+02
  3.308E+01  1.595E+01  2.930E+02  0.000E+00  4.179E+02 -2.730E+02
  3.318E+01  1.594E+01  2.930E+02  0.000E+00  4.179E+02 -2.730E+02
  3.328E+01  1.593E+01  2.930E+02  0.000E+00  4.179E+02 -2.730E+02
  3.338E+01  1.592E+01  2.930E+02  0.000E+00  4.179E+02 -2.730E+02
  3.348E+01  1.591E+01  2.930E+02  0.000E+00  4.179E+02 -2.730E+02
  3.358E+01  1.590E+01  2.930E+02  0.000E+00  4.179E+02 -2.730E+02
  3.368E+01  1.589E+01  2.930E+02  0.000E+00  4.179E+02 -2.730E+02
  3.378E+01  1.589E+01  2.930E+02  0.000E+00  4.179E+02 -2.730E+02
  3.388E+01  1.588E+01  2.930E+02  0.000E+00  4.179E+02 -2.730E+02
  3.398E+01  1.587E+01  2.930E+02  0.000E+00  4.179E+02 -2.730E+02
  3.408E+01  1.586E+01  2.930E+02  0.000E+00  4.179E+02 -2.730E+02
  3.418E+01  1.586E+01  2.930E+02  0.000E+00  4.179E+02 -2.730E+02
  3.428E+01  1.585E+01  2.930E+02  0.000E+00  4.179E+02 -2.730E+02
  3.438E+01  1.584E+01  2.930E+02  0.000E+00  4.179E+02 -2.730E+02
  3.448E+01  1.583E+01  2.930E+02  0.000E+00  4.179E+02 -2.730E+02
  3.458E+01  1.583E+01  2.930E+02  0.000E+00  4.179E+02 -2.730E+02
  3.468E+01  1.582E+01  2.930E+02  0.000E+00  4.179E+02 -2.730E+02
  3.478E+01  1.581E+01  2.930E+02  0.000E+00  4.179E+02 -2.730E+02
  3.488E+01  1.581E+01  2.930E+02  0.000E+00  4.179E+02 -2.730E+02
  3.498E+01  1.580E+01  2.930E+02  0.000E+00  4.179E+02 -2.730E+02
  3.508E+01  1.579E+01  2.930E+02  0.000E+00  4.179E+02 -2.730E+02
  3.518E+01  1.579E+01  2.930E+02  0.000E+00  4.179E+02 -2.730E+02
  3.528E+01  1.578E+01  2.930E+02  0.000E+00  4.179E+02 -2.730E+02
  3.538E+01  1.577E+01  2.930E+02  0.000E+00  4.179E+02 -2.730E+02
  3.548E+01  1.577E+01  2.930E+02  0.000E+00  4.179E+02 -2.730E+02
  3.558E+01  1.576E+01  2.930E+02  0.000E+00  4.179E+02 -2.730E+02
  3.568E+01  1.575E+01  2.930E+02  0.000E+00  4.179E+02 -2.730E+02
  3.578E+01  1.575E+01  2.930E+02  0.000E+00  4.179E+02 -2.730E+02
  3.588E+01  1.574E+01  2.930E+02  0.000E+00  4.179E+02 -2.730E+02
  3.598E+01  1.573E+01  2.930E+02  0.000E+00  4.179E+02 -2.730E+02
  3.608E+01  1.573E+01  2.930E+02  0.000E+00  4.179E+02 -2.730E+02
  3.618E+01  1.572E+01  2.930E+02  0.000E+00  4.179E+02 -2.730E+02
  3.628E+01  1.572E+01  2.930E+02  0.000E+00  4.179E+02 -2.730E+02
  3.638E+01  1.571E+01  2.930E+02  0.000E+00  4.179E+02 -2.730E+02
  3.648E+01  1.570E+01  2.930E+02  0.000E+00  4.179E+02 -2.730E+02
  3.658E+01  1.570E+01  2.930E+02  0.000E+00  4.179E+02 -2.730E+02
  3.668E+01  1.569E+01  2.930E+02  0.000E+00  4.179E+02 -2.730E+02
  3.678E+01  1.568E+01  2.930E+02  0.000E+00  4.179E+02 -2.730E+02
  3.688E+01  1.568E+01  2.930E+02  0.000E+00  4.179E+02 -2.730E+02
  3.698E+01  1.567E+01  2.930E+02  0.000E+00  4.179E+02 -2.730E+02
  3.708E+01  1.566E+01  2.930E+02  0.000E+00  4.179E+02 -2.730E+02
  3.718E+01  1.566E+01  2.930E+02  0.000E+00  4.179E+02 -2.730E+02
  3.728E+01  1.565E+01  2.930E+02  0.000E+00  4.179E+02 -2.730E+02
  3.738E+01  1.564E+01  2.930E+02  0.000E+00  4.179E+02 -2.730E+02
  3.748E+01  1.563E+01  2.930E+02  0.000E+00  4.179E+02 -2.730E+02
  3.758E+01  1.563E+01  2.930E+02  0.000E+00  4.179E+02 -2.730E+02
  3.768E+01  1.562E+01  2.930E+02  0.000E+00  4.179E+02 -2.730E+02
  3.778E+01  1.561E+01  2.930E+02  0.000E+00  4.179E+02 -2.730E+02
  3.788E+01  1.560E+01  2.930E+02  0.000E+00  4.179E+02 -2.730E+02
  3.798E+01  1.560E+01  2.930E+02  0.000E+00  4.179E+02 -2.730E+02
  3.808E+01  1.559E+01  2.930E+02  0.000E+00  4.179E+02 -2.730E+02
  3.818E+01  1.558E+01  2.930E+02  0.000E+00  4.179E+02 -2.730E+02
  3.828E+01  1.557E+01  2.930E+02  0.000E+00  4.179E+02 -2.730E+02
  3.838E+01  1.556E+01  2.930E+02  0.000E+00  4.179E+02 -2.730E+02
  3.848E+01  1.555E+01  2.930E+02  0.000E+00  4.179E+02 -2.730E+02
  3.858E+01  1.555E+01  2.930E+02  0.000E+00  4.179E+02 -2.730E+02
  3.868E+01  1.554E+01  2.930E+02  0.000E+00  4.179E+02 -2.730E+02
  3.878E+01  1.553E+01  2.930E+02  0.000E+00  4.179E+02 -2.730E+02
  3.888E+01  1.552E+01  2.930E+02  0.000E+00  4.179E+02 -2.730E+02
  3.898E+01  1.551E+01  2.930E+02  0.000E+00  4.179E+02 -2.730E+02
  3.908E+01  1.550E+01  2.930E+02  0.000E+00  4.179E+02 -2.730E+02
  3.918E+01  1.549E+01  2.930E+02  0.000E+00  4.179E+02 -2.730E+02
  3.928E+01  1.548E+01  2.930E+02  0.000E+00  4.179E+02 -2.730E+02
  3.938E+01  1.547E+01  2.930E+02  0.000E+00  4.179E+02 -2.730E+02
  3.948E+01  1.546E+01  2.930E+02  0.000E+00  4.179E+02 -2.730E+02
  3.958E+01  1.545E+01  2.930E+02  0.000E+00  4.179E+02 -2.730E+02
  3.968E+01  1.544E+01  2.930E+02  0.000E+00  4.179E+02 -2.730E+02
  3.978E+01  1.543E+01  2.930E+02  0.000E+00  4.179E+02 -2.730E+02
  3.988E+01  1.542E+01  2.930E+02  0.000E+00  4.179E+02 -2.730E+02
  3.998E+01  1.541E+01  2.930E+02  0.000E+00  4.179E+02 -2.730E+02
  4.008E+01  1.540E+01  2.930E+02  0.000E+00  4.179E+02 -2.730E+02
  4.018E+01  1.539E+01  2.930E+02  0.000E+00  4.179E+02 -2.730E+02
  4.028E+01  1.538E+01  2.930E+02  0.000E+00  4.179E+02 -2.730E+02
  4.038E+01  1.536E+01  2.930E+02  0.000E+00  4.179E+02 -2.730E+02
  4.048E+01  1.535E+01  2.930E+02  0.000E+00  4.179E+02 -2.730E+02
  4.058E+01  1.534E+01  2.930E+02  0.000E+00  4.179E+02 -2.730E+02
  4.068E+01  1.533E+01  2.930E+02  0.000E+00  4.179E+02 -2.730E+02
  4.078E+01  1.532E+01  2.930E+02  0.000E+00  4.179E+02 -2.730E+02
  4.088E+01  1.531E+01  2.930E+02  0.000E+00  4.179E+02 -2.730E+02
  4.098E+01  1.530E+01  2.930E+02  0.000E+00  4.179E+02 -2.730E+02
  4.108E+01  1.528E+01  2.930E+02  0.000E+00  4.179E+02 -2.730E+02
  4.118E+01  1.527E+01  2.930E+02  0.000E+00  4.179E+02 -2.730E+02
  4.128E+01  1.526E+01  2.930E+02  0.000E+00  4.179E+02 -2.730E+02
  4.138E+01  1.525E+01  2.930E+02  0.000E+00  4.179E+02 -2.730E+02
  4.148E+01  1.524E+01  2.930E+02  0.000E+00  4.179E+02 -2.730E+02
  4.158E+01  1.522E+01  2.930E+02  0.000E+00  4.179E+02 -2.730E+02
  4.168E+01  1.521E+01  2.930E+02  0.000E+00  4.179E+02 -2.730E+02
  4.178E+01  1.520E+01  2.930E+02  0.000E+00  4.179E+02 -2.730E+02
  4.188E+01  1.519E+01  2.930E+02  0.000E+00  4.179E+02 -2.730E+02
  4.198E+01  1.517E+01  2.930E+02  0.000E+00  4.179E+02 -2.730E+02
  4.208E+01  1.516E+01  2.930E+02  0.000E+00  4.179E+02 -2.730E+02
  4.218E+01  1.515E+01  2.930E+02  0.000E+00  4.179E+02 -2.730E+02
  4.228E+01  1.514E+01  2.930E+02  0.000E+00  4.179E+02 -2.730E+02
  4.238E+01  1.512E+01  2.930E+02  0.000E+00  4.179E+02 -2.730E+02
  4.248E+01  1.511E+01  2.930E+02  0.000E+00  4.179E+02 -2.730E+02
  4.258E+01  1.510E+01  2.930E+02  0.000E+00  4.179E+02 -2.730E+02
  4.268E+01  1.509E+01  2.930E+02  0.000E+00  4.179E+02 -2.730E+02
  4.278E+01  1.508E+01  2.930E+02  0.000E+00  4.179E+02 -2.730E+02
  4.288E+01  1.506E+01  2.930E+02  0.000E+00  4.179E+02 -2.730E+02
  4.298E+01  1.505E+01  2.930E+02  0.000E+00  4.179E+02 -2.730E+02
  4.308E+01  1.504E+01  2.930E+02  0.000E+00  4.179E+02 -2.730E+02
  4.318E+01  1.503E+01  2.930E+02  0.000E+00  4.179E+02 -2.730E+02
  4.328E+01  1.501E+01  2.930E+02  0.000E+00  4.179E+02 -2.730E+02
  4.338E+01  1.500E+01  2.930E+02  0.000E+00  4.179E+02 -2.730E+02
  4.348E+01  1.499E+01  2.930E+02  0.000E+00  4.179E+02 -2.730E+02
  4.358E+01  1.498E+01  2.930E+02  0.000E+00  4.179E+02 -2.730E+02
  4.368E+01  1.497E+01  2.930E+02  0.000E+00  4.179E+02 -2.730E+02
  4.378E+01  1.495E+01  2.930E+02  0.000E+00  4.179E+02 -2.730E+02
  4.388E+01  1.494E+01  2.930E+02  0.000E+00  4.179E+02 -2.730E+02
  4.398E+01  1.493E+01  2.930E+02  0.000E+00  4.179E+02 -2.730E+02
  4.408E+01  1.492E+01  2.930E+02  0.000E+00  4.179E+02 -2.730E+02
  4.418E+01  1.491E+01  2.930E+02  0.000E+00  4.179E+02 -2.730E+02
  4.428E+01  1.490E+01  2.930E+02  0.000E+00  4.179E+02 -2.730E+02
  4.438E+01  1.488E+01  2.930E+02  0.000E+00  4.179E+02 -2.730E+02
  4.448E+01  1.487E+01  2.930E+02  0.000E+00  4.179E+02 -2.730E+02
  4.458E+01  1.486E+01  2.930E+02  0.000E+00  4.179E+02 -2.730E+02
  4.468E+01  1.485E+01  2.930E+02  0.000E+00  4.179E+02 -2.730E+02
  4.478E+01  1.484E+01  2.930E+02  0.000E+00  4.179E+02 -2.730E+02
  4.488E+01  1.483E+01  2.930E+02  0.000E+00  4.179E+02 -2.730E+02
  4.498E+01  1.482E+01  2.930E+02  0.000E+00  4.179E+02 -2.730E+02
  4.508E+01  1.481E+01  2.930E+02  0.000E+00  4.179E+02 -2.730E+02
  4.518E+01  1.480E+01  2.930E+02  0.000E+00  4.179E+02 -2.730E+02
  4.528E+01  1.479E+01  2.930E+02  0.000E+00  4.179E+02 -2.730E+02
  4.538E+01  1.478E+01  2.930E+02  0.000E+00  4.179E+02 -2.730E+02
  4.548E+01  1.477E+01  2.930E+02  0.000E+00  4.179E+02 -2.730E+02
  4.558E+01  1.476E+01  2.930E+02  0.000E+00  4.179E+02 -2.730E+02
  4.568E+01  1.475E+01  2.930E+02  0.000E+00  4.179E+02 -2.730E+02
  4.578E+01  1.474E+01  2.930E+02  0.000E+00  4.179E+02 -2.730E+02
  4.588E+01  1.473E+01  2.930E+02  0.000E+00  4.179E+02 -2.730E+02
  4.598E+01  1.473E+01  2.930E+02  0.000E+00  4.179E+02 -2.730E+02
  4.608E+01  1.472E+01  2.930E+02  0.000E+00  4.179E+02 -2.730E+02
  4.618E+01  1.471E+01  2.930E+02  0.000E+00  4.179E+02 -2.730E+02
  4.628E+01  1.470E+01  2.930E+02  0.000E+00  4.179E+02 -2.730E+02
  4.638E+01  1.469E+01  2.930E+02  0.000E+00  4.179E+02 -2.730E+02
  4.648E+01  1.469E+01  2.930E+02  0.000E+00  4.179E+02 -2.730E+02
  4.658E+01  1.468E+01  2.930E+02  0.000E+00  4.179E+02 -2.730E+02
  4.668E+01  1.467E+01  2.930E+02  0.000E+00  4.179E+02 -2.730E+02
  4.678E+01  1.467E+01  2.930E+02  0.000E+00  4.179E+02 -2.730E+02
  4.688E+01  1.466E+01  2.930E+02  0.000E+00  4.179E+02 -2.730E+02
  4.698E+01  1.465E+01  2.930E+02  0.000E+00  4.179E+02 -2.730E+02
  4.708E+01  1.465E+01  2.930E+02  0.000E+00  4.179E+02 -2.730E+02
  4.718E+01  1.464E+01  2.930E+02  0.000E+00  4.179E+02 -2.730E+02
  4.728E+01  1.464E+01  2.930E+02  0.000E+00  4.179E+02 -2.730E+02
  4.738E+01  1.463E+01  2.930E+02  0.000E+00  4.179E+02 -2.730E+02
  4.748E+01  1.463E+01  2.930E+02  0.000E+00  4.179E+02 -2.730E+02
  4.758E+01  1.462E+01  2.930E+02  0.000E+00  4.179E+02 -2.730E+02
  4.768E+01  1.462E+01  2.930E+02  0.000E+00  4.179E+02 -2.730E+02
  4.778E+01  1.461E+01  2.930E+02  0.000E+00  4.179E+02 -2.730E+02
  4.788E+01  1.461E+01  2.930E+02  0.000E+00  4.179E+02 -2.730E+02
  4.798E+01  1.460E+01  2.930E+02  0.000E+00  4.179E+02 -2.730E+02
  4.808E+01  1.460E+01  2.930E+02  0.000E+00  4.179E+02 -2.730E+02
  4.818E+01  1.460E+01  2.930E+02  0.000E+00  4.179E+02 -2.730E+02
  4.828E+01  1.459E+01  2.930E+02  0.000E+00  4.179E+02 -2.730E+02
  4.838E+01  1.459E+01  2.930E+02  0.000E+00  4.179E+02 -2.730E+02
  4.848E+01  1.459E+01  2.930E+02  0.000E+00  4.179E+02 -2.730E+02
  4.858E+01  1.458E+01  2.930E+02  0.000E+00  4.179E+02 -2.730E+02
  4.868E+01  1.458E+01  2.930E+02  0.000E+00  4.179E+02 -2.730E+02
  4.878E+01  1.458E+01  2.930E+02  0.000E+00  4.179E+02 -2.730E+02
  4.888E+01  1.458E+01  2.930E+02  0.000E+00  4.179E+02 -2.730E+02
  4.898E+01  1.458E+01  2.930E+02  0.000E+00  4.179E+02 -2.730E+02
  4.908E+01  1.457E+01  2.930E+02  0.000E+00  4.179E+02 -2.730E+02
  4.918E+01  1.457E+01  2.930E+02  0.000E+00  4.179E+02 -2.730E+02
  4.928E+01  1.457E+01  2.930E+02  0.000E+00  4.179E+02 -2.730E+02
  4.938E+01  1.457E+01  2.930E+02  0.000E+00  4.179E+02 -2.730E+02
  4.948E+01  1.457E+01  2.930E+02  0.000E+00  4.179E+02 -2.730E+02
  4.958E+01  1.457E+01  2.930E+02  0.000E+00  4.179E+02 -2.730E+02
  4.968E+01  1.457E+01  2.930E+02  0.000E+00  4.179E+02 -2.730E+02
  4.978E+01  1.456E+01  2.930E+02  0.000E+00  4.179E+02 -2.730E+02
  4.988E+01  1.456E+01  2.930E+02  0.000E+00  4.179E+02 -2.730E+02
  4.998E+01  1.456E+01  2.930E+02  0.000E+00  4.179E+02 -2.730E+02
  5.008E+01  1.456E+01  2.930E+02  0.000E+00  4.179E+02 -2.730E+02
  5.018E+01  1.456E+01  2.930E+02  0.000E+00  4.179E+02 -2.730E+02
  5.028E+01  1.456E+01  2.930E+02  0.000E+00  4.179E+02 -2.730E+02
  5.038E+01  1.456E+01  2.930E+02  0.000E+00  4.179E+02 -2.730E+02
  5.048E+01  1.456E+01  2.930E+02  0.000E+00  4.179E+02 -2.730E+02
  5.058E+01  1.456E+01  2.930E+02  0.000E+00  4.179E+02 -2.730E+02
  5.068E+01  1.456E+01  2.930E+02  0.000E+00  4.179E+02 -2.730E+02
  5.078E+01  1.456E+01  2.930E+02  0.000E+00  4.179E+02 -2.730E+02
  5.088E+01  1.456E+01  2.930E+02  0.000E+00  4.179E+02 -2.730E+02
  5.098E+01  1.456E+01  2.930E+02  0.000E+00  4.179E+02 -2.730E+02
  5.108E+01  1.456E+01  2.930E+02  0.000E+00  4.179E+02 -2.730E+02
  5.118E+01  1.456E+01  2.930E+02  0.000E+00  4.179E+02 -2.730E+02
  5.128E+01  1.456E+01  2.930E+02  0.000E+00  4.179E+02 -2.730E+02
  5.138E+01  1.456E+01  2.930E+02  0.000E+00  4.179E+02 -2.730E+02
  5.148E+01  1.456E+01  2.930E+02  0.000E+00  4.179E+02 -2.730E+02
  5.158E+01  1.456E+01  2.930E+02  0.000E+00  4.179E+02 -2.730E+02
  5.168E+01  1.456E+01  2.930E+02  0.000E+00  4.179E+02 -2.730E+02
  5.178E+01  1.456E+01  2.930E+02  0.000E+00  4.179E+02 -2.730E+02
  5.188E+01  1.456E+01  2.930E+02  0.000E+00  4.179E+02 -2.730E+02
  5.198E+01  1.456E+01  2.930E+02  0.000E+00  4.179E+02 -2.730E+02
  5.208E+01  1.456E+01  2.930E+02  0.000E+00  4.179E+02 -2.730E+02
  5.218E+01  1.456E+01  2.930E+02  0.000E+00  4.179E+02 -2.730E+02
  5.228E+01  1.456E+01  2.930E+02  0.000E+00  4.179E+02 -2.730E+02
  5.238E+01  1.456E+01  2.930E+02  0.000E+00  4.179E+02 -2.730E+02
  5.248E+01  1.456E+01  2.930E+02  0.000E+00  4.179E+02 -2.730E+02
  5.258E+01  1.456E+01  2.930E+02  0.000E+00  4.179E+02 -2.730E+02
  5.268E+01  1.456E+01  2.930E+02  0.000E+00  4.179E+02 -2.730E+02
  5.278E+01  1.456E+01  2.930E+02  0.000E+00  4.179E+02 -2.730E+02
  5.288E+01  1.456E+01  2.930E+02  0.000E+00  4.179E+02 -2.730E+02
  5.298E+01  1.456E+01  2.930E+02  0.000E+00  4.179E+02 -2.730E+02
  5.308E+01  1.456E+01  2.930E+02  0.000E+00  4.179E+02 -2.730E+02
  5.318E+01  1.456E+01  2.930E+02  0.000E+00  4.179E+02 -2.730E+02
  5.328E+01  1.456E+01  2.930E+02  0.000E+00  4.179E+02 -2.730E+02
  5.338E+01  1.456E+01  2.930E+02  0.000E+00  4.179E+02 -2.730E+02
  5.348E+01  1.456E+01  2.930E+02  0.000E+00  4.179E+02 -2.730E+02
  5.358E+01  1.456E+01  2.930E+02  0.000E+00  4.179E+02 -2.730E+02
  5.368E+01  1.456E+01  2.930E+02  0.000E+00  4.179E+02 -2.730E+02
  5.378E+01  1.456E+01  2.930E+02  0.000E+00  4.179E+02 -2.730E+02
  5.388E+01  1.456E+01  2.930E+02  0.000E+00  4.179E+02 -2.730E+02
  5.398E+01  1.456E+01  2.930E+02  0.000E+00  4.179E+02 -2.730E+02
  5.408E+01  1.456E+01  2.930E+02  0.000E+00  4.179E+02 -2.730E+02
  5.418E+01  1.455E+01  2.930E+02  0.000E+00  4.179E+02 -2.730E+02
  5.428E+01  1.455E+01  2.930E+02  0.000E+00  4.179E+02 -2.730E+02
  5.438E+01  1.455E+01  2.930E+02  0.000E+00  4.179E+02 -2.730E+02
  5.448E+01  1.455E+01  2.930E+02  0.000E+00  4.179E+02 -2.730E+02
  5.458E+01  1.455E+01  2.930E+02  0.000E+00  4.179E+02 -2.730E+02
  5.468E+01  1.455E+01  2.930E+02  0.000E+00  4.179E+02 -2.730E+02
  5.478E+01  1.455E+01  2.930E+02  0.000E+00  4.179E+02 -2.730E+02
  5.488E+01  1.455E+01  2.930E+02  0.000E+00  4.179E+02 -2.730E+02
  5.498E+01  1.455E+01  2.930E+02  0.000E+00  4.179E+02 -2.730E+02
  5.508E+01  1.454E+01  2.930E+02  0.000E+00  4.179E+02 -2.730E+02
  5.518E+01  1.454E+01  2.930E+02  0.000E+00  4.179E+02 -2.730E+02
  5.528E+01  1.454E+01  2.930E+02  0.000E+00  4.179E+02 -2.730E+02
  5.538E+01  1.454E+01  2.930E+02  0.000E+00  4.179E+02 -2.730E+02
  5.548E+01  1.454E+01  2.930E+02  0.000E+00  4.179E+02 -2.730E+02
  5.558E+01  1.454E+01  2.930E+02  0.000E+00  4.179E+02 -2.730E+02
  5.568E+01  1.453E+01  2.930E+02  0.000E+00  4.179E+02 -2.730E+02
  5.578E+01  1.453E+01  2.930E+02  0.000E+00  4.179E+02 -2.730E+02
  5.588E+01  1.453E+01  2.930E+02  0.000E+00  4.179E+02 -2.730E+02
  5.598E+01  1.453E+01  2.930E+02  0.000E+00  4.179E+02 -2.730E+02
  5.608E+01  1.453E+01  2.930E+02  0.000E+00  4.179E+02 -2.730E+02
  5.618E+01  1.453E+01  2.930E+02  0.000E+00  4.179E+02 -2.730E+02
  5.628E+01  1.452E+01  2.930E+02  0.000E+00  4.179E+02 -2.730E+02
  5.638E+01  1.452E+01  2.930E+02  0.000E+00  4.179E+02 -2.730E+02
  5.648E+01  1.452E+01  2.930E+02  0.000E+00  4.179E+02 -2.730E+02
  5.658E+01  1.452E+01  2.930E+02  0.000E+00  4.179E+02 -2.730E+02
  5.668E+01  1.451E+01  2.930E+02  0.000E+00  4.179E+02 -2.730E+02
  5.678E+01  1.451E+01  2.930E+02  0.000E+00  4.179E+02 -2.730E+02
  5.688E+01  1.451E+01  2.930E+02  0.000E+00  4.179E+02 -2.730E+02
  5.698E+01  1.451E+01  2.930E+02  0.000E+00  4.179E+02 -2.730E+02
  5.708E+01  1.450E+01  2.930E+02  0.000E+00  4.179E+02 -2.730E+02
  5.718E+01  1.450E+01  2.930E+02  0.000E+00  4.179E+02 -2.730E+02
  5.728E+01  1.450E+01  2.930E+02  0.000E+00  4.179E+02 -2.730E+02
  5.738E+01  1.450E+01  2.930E+02  0.000E+00  4.179E+02 -2.730E+02
  5.748E+01  1.449E+01  2.930E+02  0.000E+00  4.179E+02 -2.730E+02
  5.758E+01  1.449E+01  2.930E+02  0.000E+00  4.179E+02 -2.730E+02
  5.768E+01  1.449E+01  2.930E+02  0.000E+00  4.179E+02 -2.730E+02
  5.778E+01  1.449E+01  2.930E+02  0.000E+00  4.179E+02 -2.730E+02
  5.788E+01  1.448E+01  2.930E+02  0.000E+00  4.179E+02 -2.730E+02
  5.798E+01  1.448E+01  2.930E+02  0.000E+00  4.179E+02 -2.730E+02
  5.808E+01  1.448E+01  2.930E+02  0.000E+00  4.179E+02 -2.730E+02
  5.818E+01  1.448E+01  2.930E+02  0.000E+00  4.179E+02 -2.730E+02
  5.828E+01  1.447E+01  2.930E+02  0.000E+00  4.179E+02 -2.730E+02
  5.838E+01  1.447E+01  2.930E+02  0.000E+00  4.179E+02 -2.730E+02
  5.848E+01  1.447E+01  2.930E+02  0.000E+00  4.179E+02 -2.730E+02
  5.858E+01  1.447E+01  2.930E+02  0.000E+00  4.179E+02 -2.730E+02
  5.868E+01  1.446E+01  2.930E+02  0.000E+00  4.179E+02 -2.730E+02
  5.878E+01  1.446E+01  2.930E+02  0.000E+00  4.179E+02 -2.730E+02
  5.888E+01  1.446E+01  2.930E+02  0.000E+00  4.179E+02 -2.730E+02
  5.898E+01  1.445E+01  2.930E+02  0.000E+00  4.179E+02 -2.730E+02
  5.908E+01  1.445E+01  2.930E+02  0.000E+00  4.179E+02 -2.730E+02
  5.918E+01  1.445E+01  2.930E+02  0.000E+00  4.179E+02 -2.730E+02
  5.928E+01  1.444E+01  2.930E+02  0.000E+00  4.179E+02 -2.730E+02
  5.938E+01  1.444E+01  2.930E+02  0.000E+00  4.179E+02 -2.730E+02
  5.948E+01  1.444E+01  2.930E+02  0.000E+00  4.179E+02 -2.730E+02
  5.958E+01  1.444E+01  2.930E+02  0.000E+00  4.179E+02 -2.730E+02
  5.968E+01  1.443E+01  2.930E+02  0.000E+00  4.179E+02 -2.730E+02
  5.978E+01  1.443E+01  2.930E+02  0.000E+00  4.179E+02 -2.730E+02
  5.988E+01  1.443E+01  2.930E+02  0.000E+00  4.179E+02 -2.730E+02
  5.998E+01  1.442E+01  2.930E+02  0.000E+00  4.179E+02 -2.730E+02
  6.008E+01  1.442E+01  2.930E+02  0.000E+00  4.179E+02 -2.730E+02
