 X( 13)=-1.0461E+02     Y( 17)=-8.4573E+01     Z( 14)= 4.8577E+01

       TIME  Velocity   Temperatur CH4        Max radiat Solid Temp
  1.000E-03  1.924E+01  2.930E+02  0.000E+00  4.179E+02 -2.730E+02
  2.100E-03  1.923E+01  2.930E+02  0.000E+00  4.179E+02 -2.730E+02
  3.129E-03  1.919E+01  2.930E+02  0.000E+00  4.179E+02 -2.730E+02
  4.189E-03  1.914E+01  2.930E+02  0.000E+00  4.179E+02 -2.730E+02
  5.321E-03  1.908E+01  2.930E+02  0.000E+00  4.179E+02 -2.730E+02
  6.567E-03  1.909E+01  2.930E+02  0.000E+00  4.179E+02 -2.730E+02
  7.919E-03  1.911E+01  2.930E+02  0.000E+00  4.179E+02 -2.730E+02
  9.406E-03  1.913E+01  2.930E+02  0.000E+00  4.179E+02 -2.730E+02
  1.104E-02  1.913E+01  2.930E+02  0.000E+00  4.179E+02 -2.730E+02
  1.284E-02  1.913E+01  2.930E+02  0.000E+00  4.179E+02 -2.730E+02
  1.482E-02  1.912E+01  2.930E+02  0.000E+00  4.179E+02 -2.730E+02
  1.700E-02  1.912E+01  2.930E+02  0.000E+00  4.179E+02 -2.730E+02
  1.939E-02  1.911E+01  2.930E+02  0.000E+00  4.179E+02 -2.730E+02
  2.202E-02  1.911E+01  2.930E+02  0.000E+00  4.179E+02 -2.730E+02
  2.492E-02  1.910E+01  2.930E+02  0.000E+00  4.179E+02 -2.730E+02
  2.811E-02  1.910E+01  2.930E+02  0.000E+00  4.179E+02 -2.730E+02
  3.161E-02  1.910E+01  2.930E+02  0.000E+00  4.179E+02 -2.730E+02
  3.547E-02  1.910E+01  2.930E+02  0.000E+00  4.179E+02 -2.730E+02
  3.971E-02  1.910E+01  2.930E+02  0.000E+00  4.179E+02 -2.730E+02
  4.438E-02  1.911E+01  2.930E+02  0.000E+00  4.179E+02 -2.730E+02
  4.951E-02  1.911E+01  2.930E+02  0.000E+00  4.179E+02 -2.730E+02
  5.516E-02  1.911E+01  2.930E+02  0.000E+00  4.179E+02 -2.730E+02
  6.137E-02  1.911E+01  2.930E+02  0.000E+00  4.179E+02 -2.730E+02
  6.820E-02  1.911E+01  2.930E+02  0.000E+00  4.179E+02 -2.730E+02
  7.572E-02  1.911E+01  2.930E+02  0.000E+00  4.179E+02 -2.730E+02
  8.398E-02  1.911E+01  2.930E+02  0.000E+00  4.179E+02 -2.730E+02
  9.308E-02  1.911E+01  2.930E+02  0.000E+00  4.179E+02 -2.730E+02
  1.031E-01  1.911E+01  2.930E+02  0.000E+00  4.179E+02 -2.730E+02
  1.141E-01  1.911E+01  2.930E+02  0.000E+00  4.179E+02 -2.730E+02
  1.262E-01  1.911E+01  2.930E+02  0.000E+00  4.179E+02 -2.730E+02
  1.395E-01  1.910E+01  2.930E+02  0.000E+00  4.179E+02 -2.730E+02
  1.541E-01  1.910E+01  2.930E+02  0.000E+00  4.179E+02 -2.730E+02
  1.703E-01  1.910E+01  2.930E+02  0.000E+00  4.179E+02 -2.730E+02
  1.880E-01  1.909E+01  2.930E+02  0.000E+00  4.179E+02 -2.730E+02
  2.075E-01  1.909E+01  2.930E+02  0.000E+00  4.179E+02 -2.730E+02
  2.289E-01  1.909E+01  2.930E+02  0.000E+00  4.179E+02 -2.730E+02
  2.525E-01  1.909E+01  2.930E+02  0.000E+00  4.179E+02 -2.730E+02
  2.784E-01  1.909E+01  2.930E+02  0.000E+00  4.179E+02 -2.730E+02
  3.070E-01  1.909E+01  2.930E+02  0.000E+00  4.179E+02 -2.730E+02
  3.384E-01  1.908E+01  2.930E+02  0.000E+00  4.179E+02 -2.730E+02
  3.729E-01  1.908E+01  2.930E+02  0.000E+00  4.179E+02 -2.730E+02
  4.109E-01  1.908E+01  2.930E+02  0.000E+00  4.179E+02 -2.730E+02
  4.527E-01  1.908E+01  2.930E+02  0.000E+00  4.179E+02 -2.730E+02
  4.986E-01  1.908E+01  2.930E+02  0.000E+00  4.179E+02 -2.730E+02
  5.492E-01  1.908E+01  2.930E+02  0.000E+00  4.179E+02 -2.730E+02
  6.048E-01  1.907E+01  2.930E+02  0.000E+00  4.179E+02 -2.730E+02
  6.660E-01  1.907E+01  2.930E+02  0.000E+00  4.179E+02 -2.730E+02
  7.333E-01  1.907E+01  2.930E+02  0.000E+00  4.179E+02 -2.730E+02
  8.073E-01  1.906E+01  2.930E+02  0.000E+00  4.179E+02 -2.730E+02
  8.887E-01  1.906E+01  2.930E+02  0.000E+00  4.179E+02 -2.730E+02
  9.783E-01  1.905E+01  2.930E+02  0.000E+00  4.179E+02 -2.730E+02
  1.077E+00  1.905E+01  2.930E+02  0.000E+00  4.179E+02 -2.730E+02
  1.177E+00  1.904E+01  2.930E+02  0.000E+00  4.179E+02 -2.730E+02
  1.277E+00  1.904E+01  2.930E+02  0.000E+00  4.179E+02 -2.730E+02
  1.377E+00  1.904E+01  2.930E+02  0.000E+00  4.179E+02 -2.730E+02
  1.477E+00  1.903E+01  2.930E+02  0.000E+00  4.179E+02 -2.730E+02
  1.577E+00  1.903E+01  2.930E+02  0.000E+00  4.179E+02 -2.730E+02
  1.677E+00  1.903E+01  2.930E+02  0.000E+00  4.179E+02 -2.730E+02
  1.777E+00  1.902E+01  2.930E+02  0.000E+00  4.179E+02 -2.730E+02
  1.877E+00  1.902E+01  2.930E+02  0.000E+00  4.179E+02 -2.730E+02
  1.977E+00  1.902E+01  2.930E+02  0.000E+00  4.179E+02 -2.730E+02
  2.077E+00  1.901E+01  2.930E+02  0.000E+00  4.179E+02 -2.730E+02
  2.177E+00  1.901E+01  2.930E+02  0.000E+00  4.179E+02 -2.730E+02
  2.277E+00  1.900E+01  2.930E+02  0.000E+00  4.179E+02 -2.730E+02
  2.377E+00  1.900E+01  2.930E+02  0.000E+00  4.179E+02 -2.730E+02
  2.477E+00  1.900E+01  2.930E+02  0.000E+00  4.179E+02 -2.730E+02
  2.577E+00  1.899E+01  2.930E+02  0.000E+00  4.179E+02 -2.730E+02
  2.677E+00  1.899E+01  2.930E+02  0.000E+00  4.179E+02 -2.730E+02
  2.777E+00  1.899E+01  2.930E+02  0.000E+00  4.179E+02 -2.730E+02
  2.877E+00  1.898E+01  2.930E+02  0.000E+00  4.179E+02 -2.730E+02
  2.977E+00  1.898E+01  2.930E+02  0.000E+00  4.179E+02 -2.730E+02
  3.077E+00  1.898E+01  2.930E+02  0.000E+00  4.179E+02 -2.730E+02
  3.177E+00  1.897E+01  2.930E+02  0.000E+00  4.179E+02 -2.730E+02
  3.277E+00  1.897E+01  2.930E+02  0.000E+00  4.179E+02 -2.730E+02
  3.377E+00  1.897E+01  2.930E+02  0.000E+00  4.179E+02 -2.730E+02
  3.477E+00  1.896E+01  2.930E+02  0.000E+00  4.179E+02 -2.730E+02
  3.577E+00  1.896E+01  2.930E+02  0.000E+00  4.179E+02 -2.730E+02
  3.677E+00  1.896E+01  2.930E+02  0.000E+00  4.179E+02 -2.730E+02
  3.777E+00  1.895E+01  2.930E+02  0.000E+00  4.179E+02 -2.730E+02
  3.877E+00  1.895E+01  2.930E+02  0.000E+00  4.179E+02 -2.730E+02
  3.977E+00  1.895E+01  2.930E+02  0.000E+00  4.179E+02 -2.730E+02
  4.077E+00  1.895E+01  2.930E+02  0.000E+00  4.179E+02 -2.730E+02
  4.177E+00  1.894E+01  2.930E+02  0.000E+00  4.179E+02 -2.730E+02
  4.277E+00  1.894E+01  2.930E+02  0.000E+00  4.179E+02 -2.730E+02
  4.377E+00  1.894E+01  2.930E+02  0.000E+00  4.179E+02 -2.730E+02
  4.477E+00  1.894E+01  2.930E+02  0.000E+00  4.179E+02 -2.730E+02
  4.577E+00  1.893E+01  2.930E+02  0.000E+00  4.179E+02 -2.730E+02
  4.677E+00  1.893E+01  2.930E+02  0.000E+00  4.179E+02 -2.730E+02
  4.777E+00  1.893E+01  2.930E+02  0.000E+00  4.179E+02 -2.730E+02
  4.877E+00  1.893E+01  2.930E+02  0.000E+00  4.179E+02 -2.730E+02
  4.977E+00  1.893E+01  2.930E+02  0.000E+00  4.179E+02 -2.730E+02
  5.077E+00  1.892E+01  2.930E+02  0.000E+00  4.179E+02 -2.730E+02
  5.177E+00  1.892E+01  2.930E+02  0.000E+00  4.179E+02 -2.730E+02
  5.277E+00  1.892E+01  2.930E+02  0.000E+00  4.179E+02 -2.730E+02
  5.377E+00  1.892E+01  2.930E+02  0.000E+00  4.179E+02 -2.730E+02
  5.477E+00  1.892E+01  2.930E+02  0.000E+00  4.179E+02 -2.730E+02
  5.577E+00  1.892E+01  2.930E+02  0.000E+00  4.179E+02 -2.730E+02
  5.677E+00  1.892E+01  2.930E+02  0.000E+00  4.179E+02 -2.730E+02
  5.777E+00  1.892E+01  2.930E+02  0.000E+00  4.179E+02 -2.730E+02
  5.877E+00  1.892E+01  2.930E+02  0.000E+00  4.179E+02 -2.730E+02
  5.977E+00  1.892E+01  2.930E+02  0.000E+00  4.179E+02 -2.730E+02
  6.077E+00  1.891E+01  2.930E+02  0.000E+00  4.179E+02 -2.730E+02
  6.177E+00  1.891E+01  2.930E+02  0.000E+00  4.179E+02 -2.730E+02
  6.277E+00  1.891E+01  2.930E+02  0.000E+00  4.179E+02 -2.730E+02
  6.377E+00  1.892E+01  2.930E+02  0.000E+00  4.179E+02 -2.730E+02
  6.477E+00  1.892E+01  2.930E+02  0.000E+00  4.179E+02 -2.730E+02
  6.577E+00  1.892E+01  2.930E+02  0.000E+00  4.179E+02 -2.730E+02
  6.677E+00  1.892E+01  2.930E+02  0.000E+00  4.179E+02 -2.730E+02
  6.777E+00  1.892E+01  2.930E+02  0.000E+00  4.179E+02 -2.730E+02
  6.877E+00  1.892E+01  2.930E+02  0.000E+00  4.179E+02 -2.730E+02
  6.977E+00  1.892E+01  2.930E+02  0.000E+00  4.179E+02 -2.730E+02
  7.077E+00  1.892E+01  2.930E+02  0.000E+00  4.179E+02 -2.730E+02
  7.177E+00  1.892E+01  2.930E+02  0.000E+00  4.179E+02 -2.730E+02
  7.277E+00  1.892E+01  2.930E+02  0.000E+00  4.179E+02 -2.730E+02
  7.377E+00  1.892E+01  2.930E+02  0.000E+00  4.179E+02 -2.730E+02
  7.477E+00  1.892E+01  2.930E+02  0.000E+00  4.179E+02 -2.730E+02
  7.577E+00  1.892E+01  2.930E+02  0.000E+00  4.179E+02 -2.730E+02
  7.677E+00  1.893E+01  2.930E+02  0.000E+00  4.179E+02 -2.730E+02
  7.777E+00  1.893E+01  2.930E+02  0.000E+00  4.179E+02 -2.730E+02
  7.877E+00  1.893E+01  2.930E+02  0.000E+00  4.179E+02 -2.730E+02
  7.977E+00  1.893E+01  2.930E+02  0.000E+00  4.179E+02 -2.730E+02
  8.077E+00  1.893E+01  2.930E+02  0.000E+00  4.179E+02 -2.730E+02
  8.177E+00  1.893E+01  2.930E+02  0.000E+00  4.179E+02 -2.730E+02
  8.277E+00  1.893E+01  2.930E+02  0.000E+00  4.179E+02 -2.730E+02
  8.377E+00  1.893E+01  2.930E+02  0.000E+00  4.179E+02 -2.730E+02
  8.477E+00  1.894E+01  2.930E+02  0.000E+00  4.179E+02 -2.730E+02
  8.577E+00  1.894E+01  2.930E+02  0.000E+00  4.179E+02 -2.730E+02
  8.677E+00  1.894E+01  2.930E+02  0.000E+00  4.179E+02 -2.730E+02
  8.777E+00  1.894E+01  2.930E+02  0.000E+00  4.179E+02 -2.730E+02
  8.877E+00  1.894E+01  2.930E+02  0.000E+00  4.179E+02 -2.730E+02
  8.977E+00  1.894E+01  2.930E+02  0.000E+00  4.179E+02 -2.730E+02
  9.077E+00  1.894E+01  2.930E+02  0.000E+00  4.179E+02 -2.730E+02
  9.177E+00  1.894E+01  2.930E+02  0.000E+00  4.179E+02 -2.730E+02
  9.277E+00  1.895E+01  2.930E+02  0.000E+00  4.179E+02 -2.730E+02
  9.377E+00  1.895E+01  2.930E+02  0.000E+00  4.179E+02 -2.730E+02
  9.477E+00  1.895E+01  2.930E+02  0.000E+00  4.179E+02 -2.730E+02
  9.577E+00  1.895E+01  2.930E+02  0.000E+00  4.179E+02 -2.730E+02
  9.677E+00  1.895E+01  2.930E+02  0.000E+00  4.179E+02 -2.730E+02
  9.777E+00  1.895E+01  2.930E+02  0.000E+00  4.179E+02 -2.730E+02
  9.877E+00  1.896E+01  2.930E+02  0.000E+00  4.179E+02 -2.730E+02
  9.977E+00  1.896E+01  2.930E+02  0.000E+00  4.179E+02 -2.730E+02
  1.008E+01  1.896E+01  2.930E+02  0.000E+00  4.179E+02 -2.730E+02
  1.018E+01  1.896E+01  2.930E+02  0.000E+00  4.179E+02 -2.730E+02
  1.028E+01  1.896E+01  2.930E+02  0.000E+00  4.179E+02 -2.730E+02
  1.038E+01  1.896E+01  2.930E+02  0.000E+00  4.179E+02 -2.730E+02
  1.048E+01  1.897E+01  2.930E+02  0.000E+00  4.179E+02 -2.730E+02
  1.058E+01  1.897E+01  2.930E+02  0.000E+00  4.179E+02 -2.730E+02
  1.068E+01  1.897E+01  2.930E+02  0.000E+00  4.179E+02 -2.730E+02
  1.078E+01  1.897E+01  2.930E+02  0.000E+00  4.179E+02 -2.730E+02
  1.088E+01  1.898E+01  2.930E+02  0.000E+00  4.179E+02 -2.730E+02
  1.098E+01  1.898E+01  2.930E+02  0.000E+00  4.179E+02 -2.730E+02
  1.108E+01  1.898E+01  2.930E+02  0.000E+00  4.179E+02 -2.730E+02
  1.118E+01  1.898E+01  2.930E+02  0.000E+00  4.179E+02 -2.730E+02
  1.128E+01  1.898E+01  2.930E+02  0.000E+00  4.179E+02 -2.730E+02
  1.138E+01  1.899E+01  2.930E+02  0.000E+00  4.179E+02 -2.730E+02
  1.148E+01  1.899E+01  2.930E+02  0.000E+00  4.179E+02 -2.730E+02
  1.158E+01  1.899E+01  2.930E+02  0.000E+00  4.179E+02 -2.730E+02
  1.168E+01  1.900E+01  2.930E+02  0.000E+00  4.179E+02 -2.730E+02
  1.178E+01  1.900E+01  2.930E+02  0.000E+00  4.179E+02 -2.730E+02
  1.188E+01  1.900E+01  2.930E+02  0.000E+00  4.179E+02 -2.730E+02
  1.198E+01  1.901E+01  2.930E+02  0.000E+00  4.179E+02 -2.730E+02
  1.208E+01  1.901E+01  2.930E+02  0.000E+00  4.179E+02 -2.730E+02
  1.218E+01  1.901E+01  2.930E+02  0.000E+00  4.179E+02 -2.730E+02
  1.228E+01  1.902E+01  2.930E+02  0.000E+00  4.179E+02 -2.730E+02
  1.238E+01  1.902E+01  2.930E+02  0.000E+00  4.179E+02 -2.730E+02
  1.248E+01  1.903E+01  2.930E+02  0.000E+00  4.179E+02 -2.730E+02
  1.258E+01  1.903E+01  2.930E+02  0.000E+00  4.179E+02 -2.730E+02
  1.268E+01  1.904E+01  2.930E+02  0.000E+00  4.179E+02 -2.730E+02
  1.278E+01  1.904E+01  2.930E+02  0.000E+00  4.179E+02 -2.730E+02
  1.288E+01  1.905E+01  2.930E+02  0.000E+00  4.179E+02 -2.730E+02
  1.298E+01  1.905E+01  2.930E+02  0.000E+00  4.179E+02 -2.730E+02
  1.308E+01  1.906E+01  2.930E+02  0.000E+00  4.179E+02 -2.730E+02
  1.318E+01  1.906E+01  2.930E+02  0.000E+00  4.179E+02 -2.730E+02
  1.328E+01  1.907E+01  2.930E+02  0.000E+00  4.179E+02 -2.730E+02
  1.338E+01  1.907E+01  2.930E+02  0.000E+00  4.179E+02 -2.730E+02
  1.348E+01  1.908E+01  2.930E+02  0.000E+00  4.179E+02 -2.730E+02
  1.358E+01  1.909E+01  2.930E+02  0.000E+00  4.179E+02 -2.730E+02
  1.368E+01  1.910E+01  2.930E+02  0.000E+00  4.179E+02 -2.730E+02
  1.378E+01  1.910E+01  2.930E+02  0.000E+00  4.179E+02 -2.730E+02
  1.388E+01  1.911E+01  2.930E+02  0.000E+00  4.179E+02 -2.730E+02
  1.398E+01  1.912E+01  2.930E+02  0.000E+00  4.179E+02 -2.730E+02
  1.408E+01  1.913E+01  2.930E+02  0.000E+00  4.179E+02 -2.730E+02
  1.418E+01  1.913E+01  2.930E+02  0.000E+00  4.179E+02 -2.730E+02
  1.428E+01  1.914E+01  2.930E+02  0.000E+00  4.179E+02 -2.730E+02
  1.438E+01  1.915E+01  2.930E+02  0.000E+00  4.179E+02 -2.730E+02
  1.448E+01  1.916E+01  2.930E+02  0.000E+00  4.179E+02 -2.730E+02
  1.458E+01  1.917E+01  2.930E+02  0.000E+00  4.179E+02 -2.730E+02
  1.468E+01  1.918E+01  2.930E+02  0.000E+00  4.179E+02 -2.730E+02
  1.478E+01  1.919E+01  2.930E+02  0.000E+00  4.179E+02 -2.730E+02
  1.488E+01  1.920E+01  2.930E+02  0.000E+00  4.179E+02 -2.730E+02
  1.498E+01  1.921E+01  2.930E+02  0.000E+00  4.179E+02 -2.730E+02
  1.508E+01  1.922E+01  2.930E+02  0.000E+00  4.179E+02 -2.730E+02
  1.518E+01  1.923E+01  2.930E+02  0.000E+00  4.179E+02 -2.730E+02
  1.528E+01  1.924E+01  2.930E+02  0.000E+00  4.179E+02 -2.730E+02
  1.538E+01  1.926E+01  2.930E+02  0.000E+00  4.179E+02 -2.730E+02
  1.548E+01  1.927E+01  2.930E+02  0.000E+00  4.179E+02 -2.730E+02
  1.558E+01  1.928E+01  2.930E+02  0.000E+00  4.179E+02 -2.730E+02
  1.568E+01  1.929E+01  2.930E+02  0.000E+00  4.179E+02 -2.730E+02
  1.578E+01  1.930E+01  2.930E+02  0.000E+00  4.179E+02 -2.730E+02
  1.588E+01  1.932E+01  2.930E+02  0.000E+00  4.179E+02 -2.730E+02
  1.598E+01  1.933E+01  2.930E+02  0.000E+00  4.179E+02 -2.730E+02
  1.608E+01  1.934E+01  2.930E+02  0.000E+00  4.179E+02 -2.730E+02
  1.618E+01  1.935E+01  2.930E+02  0.000E+00  4.179E+02 -2.730E+02
  1.628E+01  1.937E+01  2.930E+02  0.000E+00  4.179E+02 -2.730E+02
  1.638E+01  1.938E+01  2.930E+02  0.000E+00  4.179E+02 -2.730E+02
  1.648E+01  1.939E+01  2.930E+02  0.000E+00  4.179E+02 -2.730E+02
  1.658E+01  1.941E+01  2.930E+02  0.000E+00  4.179E+02 -2.730E+02
  1.668E+01  1.942E+01  2.930E+02  0.000E+00  4.179E+02 -2.730E+02
  1.678E+01  1.944E+01  2.930E+02  0.000E+00  4.179E+02 -2.730E+02
  1.688E+01  1.945E+01  2.930E+02  0.000E+00  4.179E+02 -2.730E+02
  1.698E+01  1.947E+01  2.930E+02  0.000E+00  4.179E+02 -2.730E+02
  1.708E+01  1.948E+01  2.930E+02  0.000E+00  4.179E+02 -2.730E+02
  1.718E+01  1.950E+01  2.930E+02  0.000E+00  4.179E+02 -2.730E+02
  1.728E+01  1.951E+01  2.930E+02  0.000E+00  4.179E+02 -2.730E+02
  1.738E+01  1.953E+01  2.930E+02  0.000E+00  4.179E+02 -2.730E+02
  1.748E+01  1.954E+01  2.930E+02  0.000E+00  4.179E+02 -2.730E+02
  1.758E+01  1.956E+01  2.930E+02  0.000E+00  4.179E+02 -2.730E+02
  1.768E+01  1.957E+01  2.930E+02  0.000E+00  4.179E+02 -2.730E+02
  1.778E+01  1.959E+01  2.930E+02  0.000E+00  4.179E+02 -2.730E+02
  1.788E+01  1.960E+01  2.930E+02  0.000E+00  4.179E+02 -2.730E+02
  1.798E+01  1.962E+01  2.930E+02  0.000E+00  4.179E+02 -2.730E+02
  1.808E+01  1.964E+01  2.930E+02  0.000E+00  4.179E+02 -2.730E+02
  1.818E+01  1.965E+01  2.930E+02  0.000E+00  4.179E+02 -2.730E+02
  1.828E+01  1.967E+01  2.930E+02  0.000E+00  4.179E+02 -2.730E+02
  1.838E+01  1.969E+01  2.930E+02  0.000E+00  4.179E+02 -2.730E+02
  1.848E+01  1.970E+01  2.930E+02  0.000E+00  4.179E+02 -2.730E+02
  1.858E+01  1.972E+01  2.930E+02  0.000E+00  4.179E+02 -2.730E+02
  1.868E+01  1.973E+01  2.930E+02  0.000E+00  4.179E+02 -2.730E+02
  1.878E+01  1.975E+01  2.930E+02  0.000E+00  4.179E+02 -2.730E+02
  1.888E+01  1.977E+01  2.930E+02  0.000E+00  4.179E+02 -2.730E+02
  1.898E+01  1.978E+01  2.930E+02  0.000E+00  4.179E+02 -2.730E+02
  1.908E+01  1.980E+01  2.930E+02  0.000E+00  4.179E+02 -2.730E+02
  1.918E+01  1.982E+01  2.930E+02  0.000E+00  4.179E+02 -2.730E+02
  1.928E+01  1.983E+01  2.930E+02  0.000E+00  4.179E+02 -2.730E+02
  1.938E+01  1.985E+01  2.930E+02  0.000E+00  4.179E+02 -2.730E+02
  1.948E+01  1.987E+01  2.930E+02  0.000E+00  4.179E+02 -2.730E+02
  1.958E+01  1.988E+01  2.930E+02  0.000E+00  4.179E+02 -2.730E+02
  1.968E+01  1.990E+01  2.930E+02  0.000E+00  4.179E+02 -2.730E+02
  1.978E+01  1.992E+01  2.930E+02  0.000E+00  4.179E+02 -2.730E+02
  1.988E+01  1.993E+01  2.930E+02  0.000E+00  4.179E+02 -2.730E+02
  1.998E+01  1.995E+01  2.930E+02  0.000E+00  4.179E+02 -2.730E+02
  2.008E+01  1.997E+01  2.930E+02  0.000E+00  4.179E+02 -2.730E+02
  2.018E+01  1.998E+01  2.930E+02  0.000E+00  4.179E+02 -2.730E+02
  2.028E+01  2.000E+01  2.930E+02  0.000E+00  4.179E+02 -2.730E+02
  2.038E+01  2.002E+01  2.930E+02  0.000E+00  4.179E+02 -2.730E+02
  2.048E+01  2.003E+01  2.930E+02  0.000E+00  4.179E+02 -2.730E+02
  2.058E+01  2.005E+01  2.930E+02  0.000E+00  4.179E+02 -2.730E+02
  2.068E+01  2.006E+01  2.930E+02  0.000E+00  4.179E+02 -2.730E+02
  2.078E+01  2.008E+01  2.930E+02  0.000E+00  4.179E+02 -2.730E+02
  2.088E+01  2.010E+01  2.930E+02  0.000E+00  4.179E+02 -2.730E+02
  2.098E+01  2.011E+01  2.930E+02  0.000E+00  4.179E+02 -2.730E+02
  2.108E+01  2.013E+01  2.930E+02  0.000E+00  4.179E+02 -2.730E+02
  2.118E+01  2.014E+01  2.930E+02  0.000E+00  4.179E+02 -2.730E+02
  2.128E+01  2.016E+01  2.930E+02  0.000E+00  4.179E+02 -2.730E+02
  2.138E+01  2.017E+01  2.930E+02  0.000E+00  4.179E+02 -2.730E+02
  2.148E+01  2.019E+01  2.930E+02  0.000E+00  4.179E+02 -2.730E+02
  2.158E+01  2.020E+01  2.930E+02  0.000E+00  4.179E+02 -2.730E+02
  2.168E+01  2.022E+01  2.930E+02  0.000E+00  4.179E+02 -2.730E+02
  2.178E+01  2.023E+01  2.930E+02  0.000E+00  4.179E+02 -2.730E+02
  2.188E+01  2.025E+01  2.930E+02  0.000E+00  4.179E+02 -2.730E+02
  2.198E+01  2.026E+01  2.930E+02  0.000E+00  4.179E+02 -2.730E+02
  2.208E+01  2.028E+01  2.930E+02  0.000E+00  4.179E+02 -2.730E+02
  2.218E+01  2.029E+01  2.930E+02  0.000E+00  4.179E+02 -2.730E+02
  2.228E+01  2.030E+01  2.930E+02  0.000E+00  4.179E+02 -2.730E+02
  2.238E+01  2.032E+01  2.930E+02  0.000E+00  4.179E+02 -2.730E+02
  2.248E+01  2.033E+01  2.930E+02  0.000E+00  4.179E+02 -2.730E+02
  2.258E+01  2.034E+01  2.930E+02  0.000E+00  4.179E+02 -2.730E+02
  2.268E+01  2.035E+01  2.930E+02  0.000E+00  4.179E+02 -2.730E+02
  2.278E+01  2.037E+01  2.930E+02  0.000E+00  4.179E+02 -2.730E+02
  2.288E+01  2.038E+01  2.930E+02  0.000E+00  4.179E+02 -2.730E+02
  2.298E+01  2.039E+01  2.930E+02  0.000E+00  4.179E+02 -2.730E+02
  2.308E+01  2.040E+01  2.930E+02  0.000E+00  4.179E+02 -2.730E+02
  2.318E+01  2.041E+01  2.930E+02  0.000E+00  4.179E+02 -2.730E+02
  2.328E+01  2.042E+01  2.930E+02  0.000E+00  4.179E+02 -2.730E+02
  2.338E+01  2.043E+01  2.930E+02  0.000E+00  4.179E+02 -2.730E+02
  2.348E+01  2.044E+01  2.930E+02  0.000E+00  4.179E+02 -2.730E+02
  2.358E+01  2.045E+01  2.930E+02  0.000E+00  4.179E+02 -2.730E+02
  2.368E+01  2.046E+01  2.930E+02  0.000E+00  4.179E+02 -2.730E+02
  2.378E+01  2.047E+01  2.930E+02  0.000E+00  4.179E+02 -2.730E+02
  2.388E+01  2.048E+01  2.930E+02  0.000E+00  4.179E+02 -2.730E+02
  2.398E+01  2.049E+01  2.930E+02  0.000E+00  4.179E+02 -2.730E+02
  2.408E+01  2.050E+01  2.930E+02  0.000E+00  4.179E+02 -2.730E+02
  2.418E+01  2.051E+01  2.930E+02  0.000E+00  4.179E+02 -2.730E+02
  2.428E+01  2.051E+01  2.930E+02  0.000E+00  4.179E+02 -2.730E+02
  2.438E+01  2.052E+01  2.930E+02  0.000E+00  4.179E+02 -2.730E+02
  2.448E+01  2.053E+01  2.930E+02  0.000E+00  4.179E+02 -2.730E+02
  2.458E+01  2.053E+01  2.930E+02  0.000E+00  4.179E+02 -2.730E+02
  2.468E+01  2.054E+01  2.930E+02  0.000E+00  4.179E+02 -2.730E+02
  2.478E+01  2.055E+01  2.930E+02  0.000E+00  4.179E+02 -2.730E+02
  2.488E+01  2.055E+01  2.930E+02  0.000E+00  4.179E+02 -2.730E+02
  2.498E+01  2.056E+01  2.930E+02  0.000E+00  4.179E+02 -2.730E+02
  2.508E+01  2.056E+01  2.930E+02  0.000E+00  4.179E+02 -2.730E+02
  2.518E+01  2.057E+01  2.930E+02  0.000E+00  4.179E+02 -2.730E+02
  2.528E+01  2.057E+01  2.930E+02  0.000E+00  4.179E+02 -2.730E+02
  2.538E+01  2.058E+01  2.930E+02  0.000E+00  4.179E+02 -2.730E+02
  2.548E+01  2.058E+01  2.930E+02  0.000E+00  4.179E+02 -2.730E+02
  2.558E+01  2.058E+01  2.930E+02  0.000E+00  4.179E+02 -2.730E+02
  2.568E+01  2.059E+01  2.930E+02  0.000E+00  4.179E+02 -2.730E+02
  2.578E+01  2.059E+01  2.930E+02  0.000E+00  4.179E+02 -2.730E+02
  2.588E+01  2.059E+01  2.930E+02  0.000E+00  4.179E+02 -2.730E+02
  2.598E+01  2.059E+01  2.930E+02  0.000E+00  4.179E+02 -2.730E+02
  2.608E+01  2.059E+01  2.930E+02  0.000E+00  4.179E+02 -2.730E+02
  2.618E+01  2.059E+01  2.930E+02  0.000E+00  4.179E+02 -2.730E+02
  2.628E+01  2.059E+01  2.930E+02  0.000E+00  4.179E+02 -2.730E+02
  2.638E+01  2.058E+01  2.930E+02  0.000E+00  4.179E+02 -2.730E+02
  2.648E+01  2.058E+01  2.930E+02  0.000E+00  4.179E+02 -2.730E+02
  2.658E+01  2.057E+01  2.930E+02  0.000E+00  4.179E+02 -2.730E+02
  2.668E+01  2.056E+01  2.930E+02  0.000E+00  4.179E+02 -2.730E+02
  2.678E+01  2.055E+01  2.930E+02  0.000E+00  4.179E+02 -2.730E+02
  2.688E+01  2.054E+01  2.930E+02  0.000E+00  4.179E+02 -2.730E+02
  2.698E+01  2.053E+01  2.930E+02  0.000E+00  4.179E+02 -2.730E+02
  2.708E+01  2.052E+01  2.930E+02  0.000E+00  4.179E+02 -2.730E+02
  2.718E+01  2.050E+01  2.930E+02  0.000E+00  4.179E+02 -2.730E+02
  2.728E+01  2.049E+01  2.930E+02  0.000E+00  4.179E+02 -2.730E+02
  2.738E+01  2.047E+01  2.930E+02  0.000E+00  4.179E+02 -2.730E+02
  2.748E+01  2.045E+01  2.930E+02  0.000E+00  4.179E+02 -2.730E+02
  2.758E+01  2.043E+01  2.930E+02  0.000E+00  4.179E+02 -2.730E+02
  2.768E+01  2.041E+01  2.930E+02  0.000E+00  4.179E+02 -2.730E+02
  2.778E+01  2.039E+01  2.930E+02  0.000E+00  4.179E+02 -2.730E+02
  2.788E+01  2.037E+01  2.930E+02  0.000E+00  4.179E+02 -2.730E+02
  2.798E+01  2.034E+01  2.930E+02  0.000E+00  4.179E+02 -2.730E+02
  2.808E+01  2.032E+01  2.930E+02  0.000E+00  4.179E+02 -2.730E+02
  2.818E+01  2.029E+01  2.930E+02  0.000E+00  4.179E+02 -2.730E+02
  2.828E+01  2.027E+01  2.930E+02  0.000E+00  4.179E+02 -2.730E+02
  2.838E+01  2.024E+01  2.930E+02  0.000E+00  4.179E+02 -2.730E+02
  2.848E+01  2.021E+01  2.930E+02  0.000E+00  4.179E+02 -2.730E+02
  2.858E+01  2.018E+01  2.930E+02  0.000E+00  4.179E+02 -2.730E+02
  2.868E+01  2.014E+01  2.930E+02  0.000E+00  4.179E+02 -2.730E+02
  2.878E+01  2.011E+01  2.930E+02  0.000E+00  4.179E+02 -2.730E+02
  2.888E+01  2.007E+01  2.930E+02  0.000E+00  4.179E+02 -2.730E+02
  2.898E+01  2.003E+01  2.930E+02  0.000E+00  4.179E+02 -2.730E+02
  2.908E+01  1.999E+01  2.930E+02  0.000E+00  4.179E+02 -2.730E+02
  2.918E+01  1.996E+01  2.930E+02  0.000E+00  4.179E+02 -2.730E+02
  2.928E+01  1.991E+01  2.930E+02  0.000E+00  4.179E+02 -2.730E+02
  2.938E+01  1.987E+01  2.930E+02  0.000E+00  4.179E+02 -2.730E+02
  2.948E+01  1.983E+01  2.930E+02  0.000E+00  4.179E+02 -2.730E+02
  2.958E+01  1.979E+01  2.930E+02  0.000E+00  4.179E+02 -2.730E+02
  2.968E+01  1.975E+01  2.930E+02  0.000E+00  4.179E+02 -2.730E+02
  2.978E+01  1.970E+01  2.930E+02  0.000E+00  4.179E+02 -2.730E+02
  2.988E+01  1.966E+01  2.930E+02  0.000E+00  4.179E+02 -2.730E+02
  2.998E+01  1.961E+01  2.930E+02  0.000E+00  4.179E+02 -2.730E+02
  3.008E+01  1.957E+01  2.930E+02  0.000E+00  4.179E+02 -2.730E+02
  3.018E+01  1.952E+01  2.930E+02  0.000E+00  4.179E+02 -2.730E+02
  3.028E+01  1.947E+01  2.930E+02  0.000E+00  4.179E+02 -2.730E+02
  3.038E+01  1.943E+01  2.930E+02  0.000E+00  4.179E+02 -2.730E+02
  3.048E+01  1.939E+01  2.930E+02  0.000E+00  4.179E+02 -2.730E+02
  3.058E+01  1.935E+01  2.930E+02  0.000E+00  4.179E+02 -2.730E+02
  3.068E+01  1.930E+01  2.930E+02  0.000E+00  4.179E+02 -2.730E+02
  3.078E+01  1.926E+01  2.930E+02  0.000E+00  4.179E+02 -2.730E+02
  3.088E+01  1.922E+01  2.930E+02  0.000E+00  4.179E+02 -2.730E+02
  3.098E+01  1.918E+01  2.930E+02  0.000E+00  4.179E+02 -2.730E+02
  3.108E+01  1.914E+01  2.930E+02  0.000E+00  4.179E+02 -2.730E+02
  3.118E+01  1.911E+01  2.930E+02  0.000E+00  4.179E+02 -2.730E+02
  3.128E+01  1.907E+01  2.930E+02  0.000E+00  4.179E+02 -2.730E+02
  3.138E+01  1.903E+01  2.930E+02  0.000E+00  4.179E+02 -2.730E+02
  3.148E+01  1.899E+01  2.930E+02  0.000E+00  4.179E+02 -2.730E+02
  3.158E+01  1.896E+01  2.930E+02  0.000E+00  4.179E+02 -2.730E+02
  3.168E+01  1.892E+01  2.930E+02  0.000E+00  4.179E+02 -2.730E+02
  3.178E+01  1.889E+01  2.930E+02  0.000E+00  4.179E+02 -2.730E+02
  3.188E+01  1.885E+01  2.930E+02  0.000E+00  4.179E+02 -2.730E+02
  3.198E+01  1.882E+01  2.930E+02  0.000E+00  4.179E+02 -2.730E+02
  3.208E+01  1.878E+01  2.930E+02  0.000E+00  4.179E+02 -2.730E+02
  3.218E+01  1.875E+01  2.930E+02  0.000E+00  4.179E+02 -2.730E+02
  3.228E+01  1.872E+01  2.930E+02  0.000E+00  4.179E+02 -2.730E+02
  3.238E+01  1.869E+01  2.930E+02  0.000E+00  4.179E+02 -2.730E+02
  3.248E+01  1.866E+01  2.930E+02  0.000E+00  4.179E+02 -2.730E+02
  3.258E+01  1.863E+01  2.930E+02  0.000E+00  4.179E+02 -2.730E+02
  3.268E+01  1.860E+01  2.930E+02  0.000E+00  4.179E+02 -2.730E+02
  3.278E+01  1.857E+01  2.930E+02  0.000E+00  4.179E+02 -2.730E+02
  3.288E+01  1.854E+01  2.930E+02  0.000E+00  4.179E+02 -2.730E+02
  3.298E+01  1.851E+01  2.930E+02  0.000E+00  4.179E+02 -2.730E+02
  3.308E+01  1.848E+01  2.930E+02  0.000E+00  4.179E+02 -2.730E+02
  3.318E+01  1.846E+01  2.930E+02  0.000E+00  4.179E+02 -2.730E+02
  3.328E+01  1.843E+01  2.930E+02  0.000E+00  4.179E+02 -2.730E+02
  3.338E+01  1.840E+01  2.930E+02  0.000E+00  4.179E+02 -2.730E+02
  3.348E+01  1.838E+01  2.930E+02  0.000E+00  4.179E+02 -2.730E+02
  3.358E+01  1.836E+01  2.930E+02  0.000E+00  4.179E+02 -2.730E+02
  3.368E+01  1.833E+01  2.930E+02  0.000E+00  4.179E+02 -2.730E+02
  3.378E+01  1.831E+01  2.930E+02  0.000E+00  4.179E+02 -2.730E+02
  3.388E+01  1.829E+01  2.930E+02  0.000E+00  4.179E+02 -2.730E+02
  3.398E+01  1.827E+01  2.930E+02  0.000E+00  4.179E+02 -2.730E+02
  3.408E+01  1.825E+01  2.930E+02  0.000E+00  4.179E+02 -2.730E+02
  3.418E+01  1.823E+01  2.930E+02  0.000E+00  4.179E+02 -2.730E+02
  3.428E+01  1.821E+01  2.930E+02  0.000E+00  4.179E+02 -2.730E+02
  3.438E+01  1.819E+01  2.930E+02  0.000E+00  4.179E+02 -2.730E+02
  3.448E+01  1.817E+01  2.930E+02  0.000E+00  4.179E+02 -2.730E+02
  3.458E+01  1.816E+01  2.930E+02  0.000E+00  4.179E+02 -2.730E+02
  3.468E+01  1.814E+01  2.930E+02  0.000E+00  4.179E+02 -2.730E+02
  3.478E+01  1.812E+01  2.930E+02  0.000E+00  4.179E+02 -2.730E+02
  3.488E+01  1.811E+01  2.930E+02  0.000E+00  4.179E+02 -2.730E+02
  3.498E+01  1.809E+01  2.930E+02  0.000E+00  4.179E+02 -2.730E+02
  3.508E+01  1.808E+01  2.930E+02  0.000E+00  4.179E+02 -2.730E+02
  3.518E+01  1.807E+01  2.930E+02  0.000E+00  4.179E+02 -2.730E+02
  3.528E+01  1.805E+01  2.930E+02  0.000E+00  4.179E+02 -2.730E+02
  3.538E+01  1.804E+01  2.930E+02  0.000E+00  4.179E+02 -2.730E+02
  3.548E+01  1.803E+01  2.930E+02  0.000E+00  4.179E+02 -2.730E+02
  3.558E+01  1.801E+01  2.930E+02  0.000E+00  4.179E+02 -2.730E+02
  3.568E+01  1.800E+01  2.930E+02  0.000E+00  4.179E+02 -2.730E+02
  3.578E+01  1.799E+01  2.930E+02  0.000E+00  4.179E+02 -2.730E+02
  3.588E+01  1.798E+01  2.930E+02  0.000E+00  4.179E+02 -2.730E+02
  3.598E+01  1.797E+01  2.930E+02  0.000E+00  4.179E+02 -2.730E+02
  3.608E+01  1.795E+01  2.930E+02  0.000E+00  4.179E+02 -2.730E+02
  3.618E+01  1.794E+01  2.930E+02  0.000E+00  4.179E+02 -2.730E+02
  3.628E+01  1.793E+01  2.930E+02  0.000E+00  4.179E+02 -2.730E+02
  3.638E+01  1.792E+01  2.930E+02  0.000E+00  4.179E+02 -2.730E+02
  3.648E+01  1.791E+01  2.930E+02  0.000E+00  4.179E+02 -2.730E+02
  3.658E+01  1.790E+01  2.930E+02  0.000E+00  4.179E+02 -2.730E+02
  3.668E+01  1.789E+01  2.930E+02  0.000E+00  4.179E+02 -2.730E+02
  3.678E+01  1.788E+01  2.930E+02  0.000E+00  4.179E+02 -2.730E+02
  3.688E+01  1.787E+01  2.930E+02  0.000E+00  4.179E+02 -2.730E+02
  3.698E+01  1.787E+01  2.930E+02  0.000E+00  4.179E+02 -2.730E+02
  3.708E+01  1.786E+01  2.930E+02  0.000E+00  4.179E+02 -2.730E+02
  3.718E+01  1.785E+01  2.930E+02  0.000E+00  4.179E+02 -2.730E+02
  3.728E+01  1.784E+01  2.930E+02  0.000E+00  4.179E+02 -2.730E+02
  3.738E+01  1.783E+01  2.930E+02  0.000E+00  4.179E+02 -2.730E+02
  3.748E+01  1.782E+01  2.930E+02  0.000E+00  4.179E+02 -2.730E+02
  3.758E+01  1.781E+01  2.930E+02  0.000E+00  4.179E+02 -2.730E+02
  3.768E+01  1.781E+01  2.930E+02  0.000E+00  4.179E+02 -2.730E+02
  3.778E+01  1.780E+01  2.930E+02  0.000E+00  4.179E+02 -2.730E+02
  3.788E+01  1.779E+01  2.930E+02  0.000E+00  4.179E+02 -2.730E+02
  3.798E+01  1.779E+01  2.930E+02  0.000E+00  4.179E+02 -2.730E+02
  3.808E+01  1.778E+01  2.930E+02  0.000E+00  4.179E+02 -2.730E+02
  3.818E+01  1.777E+01  2.930E+02  0.000E+00  4.179E+02 -2.730E+02
  3.828E+01  1.777E+01  2.930E+02  0.000E+00  4.179E+02 -2.730E+02
  3.838E+01  1.776E+01  2.930E+02  0.000E+00  4.179E+02 -2.730E+02
  3.848E+01  1.776E+01  2.930E+02  0.000E+00  4.179E+02 -2.730E+02
  3.858E+01  1.775E+01  2.930E+02  0.000E+00  4.179E+02 -2.730E+02
  3.868E+01  1.775E+01  2.930E+02  0.000E+00  4.179E+02 -2.730E+02
  3.878E+01  1.774E+01  2.930E+02  0.000E+00  4.179E+02 -2.730E+02
  3.888E+01  1.774E+01  2.930E+02  0.000E+00  4.179E+02 -2.730E+02
  3.898E+01  1.773E+01  2.930E+02  0.000E+00  4.179E+02 -2.730E+02
  3.908E+01  1.773E+01  2.930E+02  0.000E+00  4.179E+02 -2.730E+02
  3.918E+01  1.772E+01  2.930E+02  0.000E+00  4.179E+02 -2.730E+02
  3.928E+01  1.772E+01  2.930E+02  0.000E+00  4.179E+02 -2.730E+02
  3.938E+01  1.772E+01  2.930E+02  0.000E+00  4.179E+02 -2.730E+02
  3.948E+01  1.772E+01  2.930E+02  0.000E+00  4.179E+02 -2.730E+02
  3.958E+01  1.771E+01  2.930E+02  0.000E+00  4.179E+02 -2.730E+02
  3.968E+01  1.771E+01  2.930E+02  0.000E+00  4.179E+02 -2.730E+02
  3.978E+01  1.771E+01  2.930E+02  0.000E+00  4.179E+02 -2.730E+02
  3.988E+01  1.771E+01  2.930E+02  0.000E+00  4.179E+02 -2.730E+02
  3.998E+01  1.771E+01  2.930E+02  0.000E+00  4.179E+02 -2.730E+02
  4.008E+01  1.770E+01  2.930E+02  0.000E+00  4.179E+02 -2.730E+02
  4.018E+01  1.770E+01  2.930E+02  0.000E+00  4.179E+02 -2.730E+02
  4.028E+01  1.770E+01  2.930E+02  0.000E+00  4.179E+02 -2.730E+02
  4.038E+01  1.770E+01  2.930E+02  0.000E+00  4.179E+02 -2.730E+02
  4.048E+01  1.770E+01  2.930E+02  0.000E+00  4.179E+02 -2.730E+02
  4.058E+01  1.770E+01  2.930E+02  0.000E+00  4.179E+02 -2.730E+02
  4.068E+01  1.770E+01  2.930E+02  0.000E+00  4.179E+02 -2.730E+02
  4.078E+01  1.770E+01  2.930E+02  0.000E+00  4.179E+02 -2.730E+02
  4.088E+01  1.771E+01  2.930E+02  0.000E+00  4.179E+02 -2.730E+02
  4.098E+01  1.771E+01  2.930E+02  0.000E+00  4.179E+02 -2.730E+02
  4.108E+01  1.771E+01  2.930E+02  0.000E+00  4.179E+02 -2.730E+02
  4.118E+01  1.771E+01  2.930E+02  0.000E+00  4.179E+02 -2.730E+02
  4.128E+01  1.771E+01  2.930E+02  0.000E+00  4.179E+02 -2.730E+02
  4.138E+01  1.771E+01  2.930E+02  0.000E+00  4.179E+02 -2.730E+02
  4.148E+01  1.772E+01  2.930E+02  0.000E+00  4.179E+02 -2.730E+02
  4.158E+01  1.772E+01  2.930E+02  0.000E+00  4.179E+02 -2.730E+02
  4.168E+01  1.772E+01  2.930E+02  0.000E+00  4.179E+02 -2.730E+02
  4.178E+01  1.772E+01  2.930E+02  0.000E+00  4.179E+02 -2.730E+02
  4.188E+01  1.773E+01  2.930E+02  0.000E+00  4.179E+02 -2.730E+02
  4.198E+01  1.773E+01  2.930E+02  0.000E+00  4.179E+02 -2.730E+02
  4.208E+01  1.773E+01  2.930E+02  0.000E+00  4.179E+02 -2.730E+02
  4.218E+01  1.774E+01  2.930E+02  0.000E+00  4.179E+02 -2.730E+02
  4.228E+01  1.774E+01  2.930E+02  0.000E+00  4.179E+02 -2.730E+02
  4.238E+01  1.774E+01  2.930E+02  0.000E+00  4.179E+02 -2.730E+02
  4.248E+01  1.775E+01  2.930E+02  0.000E+00  4.179E+02 -2.730E+02
  4.258E+01  1.775E+01  2.930E+02  0.000E+00  4.179E+02 -2.730E+02
  4.268E+01  1.776E+01  2.930E+02  0.000E+00  4.179E+02 -2.730E+02
  4.278E+01  1.776E+01  2.930E+02  0.000E+00  4.179E+02 -2.730E+02
  4.288E+01  1.776E+01  2.930E+02  0.000E+00  4.179E+02 -2.730E+02
  4.298E+01  1.777E+01  2.930E+02  0.000E+00  4.179E+02 -2.730E+02
  4.308E+01  1.777E+01  2.930E+02  0.000E+00  4.179E+02 -2.730E+02
  4.318E+01  1.778E+01  2.930E+02  0.000E+00  4.179E+02 -2.730E+02
  4.328E+01  1.778E+01  2.930E+02  0.000E+00  4.179E+02 -2.730E+02
  4.338E+01  1.779E+01  2.930E+02  0.000E+00  4.179E+02 -2.730E+02
  4.348E+01  1.779E+01  2.930E+02  0.000E+00  4.179E+02 -2.730E+02
  4.358E+01  1.780E+01  2.930E+02  0.000E+00  4.179E+02 -2.730E+02
  4.368E+01  1.780E+01  2.930E+02  0.000E+00  4.179E+02 -2.730E+02
  4.378E+01  1.781E+01  2.930E+02  0.000E+00  4.179E+02 -2.730E+02
  4.388E+01  1.781E+01  2.930E+02  0.000E+00  4.179E+02 -2.730E+02
  4.398E+01  1.782E+01  2.930E+02  0.000E+00  4.179E+02 -2.730E+02
  4.408E+01  1.783E+01  2.930E+02  0.000E+00  4.179E+02 -2.730E+02
  4.418E+01  1.783E+01  2.930E+02  0.000E+00  4.179E+02 -2.730E+02
  4.428E+01  1.784E+01  2.930E+02  0.000E+00  4.179E+02 -2.730E+02
  4.438E+01  1.784E+01  2.930E+02  0.000E+00  4.179E+02 -2.730E+02
  4.448E+01  1.785E+01  2.930E+02  0.000E+00  4.179E+02 -2.730E+02
  4.458E+01  1.785E+01  2.930E+02  0.000E+00  4.179E+02 -2.730E+02
  4.468E+01  1.786E+01  2.930E+02  0.000E+00  4.179E+02 -2.730E+02
  4.478E+01  1.786E+01  2.930E+02  0.000E+00  4.179E+02 -2.730E+02
  4.488E+01  1.787E+01  2.930E+02  0.000E+00  4.179E+02 -2.730E+02
  4.498E+01  1.787E+01  2.930E+02  0.000E+00  4.179E+02 -2.730E+02
  4.508E+01  1.788E+01  2.930E+02  0.000E+00  4.179E+02 -2.730E+02
  4.518E+01  1.788E+01  2.930E+02  0.000E+00  4.179E+02 -2.730E+02
  4.528E+01  1.789E+01  2.930E+02  0.000E+00  4.179E+02 -2.730E+02
  4.538E+01  1.789E+01  2.930E+02  0.000E+00  4.179E+02 -2.730E+02
  4.548E+01  1.790E+01  2.930E+02  0.000E+00  4.179E+02 -2.730E+02
  4.558E+01  1.791E+01  2.930E+02  0.000E+00  4.179E+02 -2.730E+02
  4.568E+01  1.791E+01  2.930E+02  0.000E+00  4.179E+02 -2.730E+02
  4.578E+01  1.792E+01  2.930E+02  0.000E+00  4.179E+02 -2.730E+02
  4.588E+01  1.792E+01  2.930E+02  0.000E+00  4.179E+02 -2.730E+02
  4.598E+01  1.793E+01  2.930E+02  0.000E+00  4.179E+02 -2.730E+02
  4.608E+01  1.793E+01  2.930E+02  0.000E+00  4.179E+02 -2.730E+02
  4.618E+01  1.793E+01  2.930E+02  0.000E+00  4.179E+02 -2.730E+02
  4.628E+01  1.794E+01  2.930E+02  0.000E+00  4.179E+02 -2.730E+02
  4.638E+01  1.794E+01  2.930E+02  0.000E+00  4.179E+02 -2.730E+02
  4.648E+01  1.795E+01  2.930E+02  0.000E+00  4.179E+02 -2.730E+02
  4.658E+01  1.795E+01  2.930E+02  0.000E+00  4.179E+02 -2.730E+02
  4.668E+01  1.796E+01  2.930E+02  0.000E+00  4.179E+02 -2.730E+02
  4.678E+01  1.796E+01  2.930E+02  0.000E+00  4.179E+02 -2.730E+02
  4.688E+01  1.797E+01  2.930E+02  0.000E+00  4.179E+02 -2.730E+02
  4.698E+01  1.797E+01  2.930E+02  0.000E+00  4.179E+02 -2.730E+02
  4.708E+01  1.798E+01  2.930E+02  0.000E+00  4.179E+02 -2.730E+02
  4.718E+01  1.798E+01  2.930E+02  0.000E+00  4.179E+02 -2.730E+02
  4.728E+01  1.798E+01  2.930E+02  0.000E+00  4.179E+02 -2.730E+02
  4.738E+01  1.799E+01  2.930E+02  0.000E+00  4.179E+02 -2.730E+02
  4.748E+01  1.799E+01  2.930E+02  0.000E+00  4.179E+02 -2.730E+02
  4.758E+01  1.800E+01  2.930E+02  0.000E+00  4.179E+02 -2.730E+02
  4.768E+01  1.800E+01  2.930E+02  0.000E+00  4.179E+02 -2.730E+02
  4.778E+01  1.800E+01  2.930E+02  0.000E+00  4.179E+02 -2.730E+02
  4.788E+01  1.801E+01  2.930E+02  0.000E+00  4.179E+02 -2.730E+02
  4.798E+01  1.801E+01  2.930E+02  0.000E+00  4.179E+02 -2.730E+02
  4.808E+01  1.801E+01  2.930E+02  0.000E+00  4.179E+02 -2.730E+02
  4.818E+01  1.802E+01  2.930E+02  0.000E+00  4.179E+02 -2.730E+02
  4.828E+01  1.802E+01  2.930E+02  0.000E+00  4.179E+02 -2.730E+02
  4.838E+01  1.802E+01  2.930E+02  0.000E+00  4.179E+02 -2.730E+02
  4.848E+01  1.803E+01  2.930E+02  0.000E+00  4.179E+02 -2.730E+02
  4.858E+01  1.803E+01  2.930E+02  0.000E+00  4.179E+02 -2.730E+02
  4.868E+01  1.803E+01  2.930E+02  0.000E+00  4.179E+02 -2.730E+02
  4.878E+01  1.803E+01  2.930E+02  0.000E+00  4.179E+02 -2.730E+02
  4.888E+01  1.804E+01  2.930E+02  0.000E+00  4.179E+02 -2.730E+02
  4.898E+01  1.804E+01  2.930E+02  0.000E+00  4.179E+02 -2.730E+02
  4.908E+01  1.804E+01  2.930E+02  0.000E+00  4.179E+02 -2.730E+02
  4.918E+01  1.804E+01  2.930E+02  0.000E+00  4.179E+02 -2.730E+02
  4.928E+01  1.805E+01  2.930E+02  0.000E+00  4.179E+02 -2.730E+02
  4.938E+01  1.805E+01  2.930E+02  0.000E+00  4.179E+02 -2.730E+02
  4.948E+01  1.805E+01  2.930E+02  0.000E+00  4.179E+02 -2.730E+02
  4.958E+01  1.805E+01  2.930E+02  0.000E+00  4.179E+02 -2.730E+02
  4.968E+01  1.805E+01  2.930E+02  0.000E+00  4.179E+02 -2.730E+02
  4.978E+01  1.806E+01  2.930E+02  0.000E+00  4.179E+02 -2.730E+02
  4.988E+01  1.806E+01  2.930E+02  0.000E+00  4.179E+02 -2.730E+02
  4.998E+01  1.806E+01  2.930E+02  0.000E+00  4.179E+02 -2.730E+02
  5.008E+01  1.806E+01  2.930E+02  0.000E+00  4.179E+02 -2.730E+02
  5.018E+01  1.806E+01  2.930E+02  0.000E+00  4.179E+02 -2.730E+02
  5.028E+01  1.806E+01  2.930E+02  0.000E+00  4.179E+02 -2.730E+02
  5.038E+01  1.807E+01  2.930E+02  0.000E+00  4.179E+02 -2.730E+02
  5.048E+01  1.807E+01  2.930E+02  0.000E+00  4.179E+02 -2.730E+02
  5.058E+01  1.807E+01  2.930E+02  0.000E+00  4.179E+02 -2.730E+02
  5.068E+01  1.807E+01  2.930E+02  0.000E+00  4.179E+02 -2.730E+02
  5.078E+01  1.807E+01  2.930E+02  0.000E+00  4.179E+02 -2.730E+02
  5.088E+01  1.807E+01  2.930E+02  0.000E+00  4.179E+02 -2.730E+02
  5.098E+01  1.807E+01  2.930E+02  0.000E+00  4.179E+02 -2.730E+02
  5.108E+01  1.807E+01  2.930E+02  0.000E+00  4.179E+02 -2.730E+02
  5.118E+01  1.807E+01  2.930E+02  0.000E+00  4.179E+02 -2.730E+02
  5.128E+01  1.807E+01  2.930E+02  0.000E+00  4.179E+02 -2.730E+02
  5.138E+01  1.807E+01  2.930E+02  0.000E+00  4.179E+02 -2.730E+02
  5.148E+01  1.808E+01  2.930E+02  0.000E+00  4.179E+02 -2.730E+02
  5.158E+01  1.808E+01  2.930E+02  0.000E+00  4.179E+02 -2.730E+02
  5.168E+01  1.808E+01  2.930E+02  0.000E+00  4.179E+02 -2.730E+02
  5.178E+01  1.808E+01  2.930E+02  0.000E+00  4.179E+02 -2.730E+02
  5.188E+01  1.808E+01  2.930E+02  0.000E+00  4.179E+02 -2.730E+02
  5.198E+01  1.808E+01  2.930E+02  0.000E+00  4.179E+02 -2.730E+02
  5.208E+01  1.808E+01  2.930E+02  0.000E+00  4.179E+02 -2.730E+02
  5.218E+01  1.808E+01  2.930E+02  0.000E+00  4.179E+02 -2.730E+02
  5.228E+01  1.808E+01  2.930E+02  0.000E+00  4.179E+02 -2.730E+02
  5.238E+01  1.808E+01  2.930E+02  0.000E+00  4.179E+02 -2.730E+02
  5.248E+01  1.808E+01  2.930E+02  0.000E+00  4.179E+02 -2.730E+02
  5.258E+01  1.808E+01  2.930E+02  0.000E+00  4.179E+02 -2.730E+02
  5.268E+01  1.808E+01  2.930E+02  0.000E+00  4.179E+02 -2.730E+02
  5.278E+01  1.808E+01  2.930E+02  0.000E+00  4.179E+02 -2.730E+02
  5.288E+01  1.808E+01  2.930E+02  0.000E+00  4.179E+02 -2.730E+02
  5.298E+01  1.808E+01  2.930E+02  0.000E+00  4.179E+02 -2.730E+02
  5.308E+01  1.808E+01  2.930E+02  0.000E+00  4.179E+02 -2.730E+02
  5.318E+01  1.808E+01  2.930E+02  0.000E+00  4.179E+02 -2.730E+02
  5.328E+01  1.808E+01  2.930E+02  0.000E+00  4.179E+02 -2.730E+02
  5.338E+01  1.808E+01  2.930E+02  0.000E+00  4.179E+02 -2.730E+02
  5.348E+01  1.807E+01  2.930E+02  0.000E+00  4.179E+02 -2.730E+02
  5.358E+01  1.807E+01  2.930E+02  0.000E+00  4.179E+02 -2.730E+02
  5.368E+01  1.807E+01  2.930E+02  0.000E+00  4.179E+02 -2.730E+02
  5.378E+01  1.807E+01  2.930E+02  0.000E+00  4.179E+02 -2.730E+02
  5.388E+01  1.807E+01  2.930E+02  0.000E+00  4.179E+02 -2.730E+02
  5.398E+01  1.807E+01  2.930E+02  0.000E+00  4.179E+02 -2.730E+02
  5.408E+01  1.807E+01  2.930E+02  0.000E+00  4.179E+02 -2.730E+02
  5.418E+01  1.807E+01  2.930E+02  0.000E+00  4.179E+02 -2.730E+02
  5.428E+01  1.807E+01  2.930E+02  0.000E+00  4.179E+02 -2.730E+02
  5.438E+01  1.807E+01  2.930E+02  0.000E+00  4.179E+02 -2.730E+02
  5.448E+01  1.807E+01  2.930E+02  0.000E+00  4.179E+02 -2.730E+02
  5.458E+01  1.807E+01  2.930E+02  0.000E+00  4.179E+02 -2.730E+02
  5.468E+01  1.807E+01  2.930E+02  0.000E+00  4.179E+02 -2.730E+02
  5.478E+01  1.807E+01  2.930E+02  0.000E+00  4.179E+02 -2.730E+02
  5.488E+01  1.807E+01  2.930E+02  0.000E+00  4.179E+02 -2.730E+02
  5.498E+01  1.806E+01  2.930E+02  0.000E+00  4.179E+02 -2.730E+02
  5.508E+01  1.806E+01  2.930E+02  0.000E+00  4.179E+02 -2.730E+02
  5.518E+01  1.806E+01  2.930E+02  0.000E+00  4.179E+02 -2.730E+02
  5.528E+01  1.806E+01  2.930E+02  0.000E+00  4.179E+02 -2.730E+02
  5.538E+01  1.806E+01  2.930E+02  0.000E+00  4.179E+02 -2.730E+02
  5.548E+01  1.806E+01  2.930E+02  0.000E+00  4.179E+02 -2.730E+02
  5.558E+01  1.806E+01  2.930E+02  0.000E+00  4.179E+02 -2.730E+02
  5.568E+01  1.806E+01  2.930E+02  0.000E+00  4.179E+02 -2.730E+02
  5.578E+01  1.806E+01  2.930E+02  0.000E+00  4.179E+02 -2.730E+02
  5.588E+01  1.806E+01  2.930E+02  0.000E+00  4.179E+02 -2.730E+02
  5.598E+01  1.806E+01  2.930E+02  0.000E+00  4.179E+02 -2.730E+02
  5.608E+01  1.806E+01  2.930E+02  0.000E+00  4.179E+02 -2.730E+02
  5.618E+01  1.806E+01  2.930E+02  0.000E+00  4.179E+02 -2.730E+02
  5.628E+01  1.806E+01  2.930E+02  0.000E+00  4.179E+02 -2.730E+02
  5.638E+01  1.806E+01  2.930E+02  0.000E+00  4.179E+02 -2.730E+02
  5.648E+01  1.806E+01  2.930E+02  0.000E+00  4.179E+02 -2.730E+02
  5.658E+01  1.806E+01  2.930E+02  0.000E+00  4.179E+02 -2.730E+02
  5.668E+01  1.805E+01  2.930E+02  0.000E+00  4.179E+02 -2.730E+02
  5.678E+01  1.805E+01  2.930E+02  0.000E+00  4.179E+02 -2.730E+02
  5.688E+01  1.805E+01  2.930E+02  0.000E+00  4.179E+02 -2.730E+02
  5.698E+01  1.805E+01  2.930E+02  0.000E+00  4.179E+02 -2.730E+02
  5.708E+01  1.805E+01  2.930E+02  0.000E+00  4.179E+02 -2.730E+02
  5.718E+01  1.805E+01  2.930E+02  0.000E+00  4.179E+02 -2.730E+02
  5.728E+01  1.805E+01  2.930E+02  0.000E+00  4.179E+02 -2.730E+02
  5.738E+01  1.805E+01  2.930E+02  0.000E+00  4.179E+02 -2.730E+02
  5.748E+01  1.805E+01  2.930E+02  0.000E+00  4.179E+02 -2.730E+02
  5.758E+01  1.805E+01  2.930E+02  0.000E+00  4.179E+02 -2.730E+02
  5.768E+01  1.805E+01  2.930E+02  0.000E+00  4.179E+02 -2.730E+02
  5.778E+01  1.805E+01  2.930E+02  0.000E+00  4.179E+02 -2.730E+02
  5.788E+01  1.805E+01  2.930E+02  0.000E+00  4.179E+02 -2.730E+02
  5.798E+01  1.805E+01  2.930E+02  0.000E+00  4.179E+02 -2.730E+02
  5.808E+01  1.805E+01  2.930E+02  0.000E+00  4.179E+02 -2.730E+02
  5.818E+01  1.805E+01  2.930E+02  0.000E+00  4.179E+02 -2.730E+02
  5.828E+01  1.805E+01  2.930E+02  0.000E+00  4.179E+02 -2.730E+02
  5.838E+01  1.805E+01  2.930E+02  0.000E+00  4.179E+02 -2.730E+02
  5.848E+01  1.805E+01  2.930E+02  0.000E+00  4.179E+02 -2.730E+02
  5.858E+01  1.805E+01  2.930E+02  0.000E+00  4.179E+02 -2.730E+02
  5.868E+01  1.805E+01  2.930E+02  0.000E+00  4.179E+02 -2.730E+02
  5.878E+01  1.805E+01  2.930E+02  0.000E+00  4.179E+02 -2.730E+02
  5.888E+01  1.805E+01  2.930E+02  0.000E+00  4.179E+02 -2.730E+02
  5.898E+01  1.805E+01  2.930E+02  0.000E+00  4.179E+02 -2.730E+02
  5.908E+01  1.805E+01  2.930E+02  0.000E+00  4.179E+02 -2.730E+02
  5.918E+01  1.805E+01  2.930E+02  0.000E+00  4.179E+02 -2.730E+02
  5.928E+01  1.805E+01  2.930E+02  0.000E+00  4.179E+02 -2.730E+02
  5.938E+01  1.805E+01  2.930E+02  0.000E+00  4.179E+02 -2.730E+02
  5.948E+01  1.806E+01  2.930E+02  0.000E+00  4.179E+02 -2.730E+02
  5.958E+01  1.806E+01  2.930E+02  0.000E+00  4.179E+02 -2.730E+02
  5.968E+01  1.806E+01  2.930E+02  0.000E+00  4.179E+02 -2.730E+02
  5.978E+01  1.806E+01  2.930E+02  0.000E+00  4.179E+02 -2.730E+02
  5.988E+01  1.806E+01  2.930E+02  0.000E+00  4.179E+02 -2.730E+02
  5.998E+01  1.806E+01  2.930E+02  0.000E+00  4.179E+02 -2.730E+02
  6.008E+01  1.806E+01  2.930E+02  0.000E+00  4.179E+02 -2.730E+02
